Model:	 LI-7500
SN:	75D-4923
Timestamp:	Dec 3 2023 at 6:48:24
DATAH	Time	Date	Sequence Number	CO2 (mmol/m^3)	CO2 (mg/m^3)	CO2 Absorptance	CO2 (umol/mol)	H2O (mmol/m^3)	H2O (g/m^3)	H2O Absorptance	H2O (mmol/mol)	Dew Point (C)	Temperature (C)	Pressure (kPa)	Diagnostic Value	Diagnostic Value 2	Diagnostic Word	DSI Vin (v)	Cooler Voltage (v)	Chopper Cooler Voltage (v)	Smart Flux Vin (v)	CO2 Signal Strength	Integral	Peak Height	CO2 Sample	CO2 Reference	H2O Sample	H2O Reference	CH4 Seconds	CH4 Nano Seconds	CH4 (umol/mol)	CH4 (mmol/m^3)	CH4 Signal Strength (RSSI)	CH4 Diagnostic Value	CHK
DATA	12:48:25:000	2023-12-03	703590	13.3803	588.733	0.0972354	421.986	479.651	8.63372	0.0543182	15.1272	9.76214	31.0279	80.1873	255	0	0	11.3836	2.14256	2.66036	11.59	98.2324	0	0	33156.3	42106.9	48203.7	50664.4	0	0	0	0	0	0	201
DATA	12:48:26:000	2023-12-03	703890	13.3799	588.716	0.0972341	421.982	480.857	8.65543	0.0544181	15.1655	9.80013	31.0391	80.1886	255	0	0	11.3719	2.14277	2.66285	11.59	98.2387	0	0	33156.7	42107.2	48185.5	50663.4	0	0	0	0	0	0	232
DATA	12:48:27:000	2023-12-03	704190	13.3764	588.562	0.0972134	421.91	480.963	8.65733	0.0544261	15.1702	9.80403	31.0517	80.1846	255	0	0	11.3774	2.14268	2.6621	11.59	98.2301	0	0	33153.2	42104.5	48178.8	50660.8	0	0	0	0	0	0	 76
DATA	12:48:28:000	2023-12-03	704490	13.3816	588.79	0.0972459	422.059	486.276	8.75297	0.0548658	15.3373	9.96851	31.0631	80.1905	255	0	0	11.3747	2.14274	2.6626	11.59	98.2327	0	0	33157.4	42104.9	48172.1	50659.5	0	0	0	0	0	0	144
DATA	12:48:29:000	2023-12-03	704790	13.3959	589.42	0.0973246	422.531	490.548	8.82986	0.0552151	15.4728	10.0997	31.0739	80.1893	255	0	0	11.3823	2.14258	2.6631	11.59	98.2213	0	0	33150.7	42102	48144.5	50656.3	0	0	0	0	0	0	  4
DATA	12:48:30:000	2023-12-03	705090	13.3904	589.178	0.0972951	422.39	491.818	8.85272	0.0553196	15.514	10.1389	31.0854	80.1862	255	0	0	11.3816	2.14256	2.66298	11.59	98.2299	0	0	33154	42105.8	48147.6	50659.4	0	0	0	0	0	0	 21
DATA	12:48:31:000	2023-12-03	705390	13.3808	588.755	0.0972413	422.101	490.228	8.8241	0.0551897	15.4644	10.0911	31.0963	80.1864	255	0	0	11.3829	2.14259	2.66273	11.59	98.2196	0	0	33150.8	42101.1	48143.7	50653.7	0	0	0	0	0	0	128
DATA	12:48:32:000	2023-12-03	705690	13.3954	589.398	0.0973218	422.565	492.09	8.85762	0.0553412	15.5232	10.1483	31.1074	80.1887	255	0	0	11.3726	2.14275	2.66223	11.59	98.2307	0	0	33151.6	42104	48134.4	50656.7	0	0	0	0	0	0	 41
DATA	12:48:33:000	2023-12-03	705990	13.4026	589.714	0.097363	422.794	495.432	8.91778	0.0556144	15.6287	10.25	31.1181	80.1912	255	0	0	11.3747	2.14272	2.66298	11.59	98.2254	0	0	33149.6	42102.1	48123.9	50654.6	0	0	0	0	0	0	 49
DATA	12:48:34:000	2023-12-03	706290	13.3985	589.534	0.0973405	422.703	495.861	8.9255	0.0556499	15.6437	10.2634	31.127	80.1863	255	0	0	11.3733	2.1424	2.6636	11.59	98.2167	0	0	33148.3	42102	48117.9	50653.7	0	0	0	0	0	0	159
DATA	12:48:35:000	2023-12-03	706590	13.3965	589.446	0.097329	422.639	498.17	8.96706	0.0558377	15.7165	10.3335	31.137	80.189	255	0	0	11.3754	2.14248	2.6626	11.59	98.2215	0	0	33149.1	42103.2	48110.2	50654	0	0	0	0	0	0	110
DATA	12:48:36:000	2023-12-03	706890	13.408	589.952	0.0973953	423.02	498.799	8.97838	0.0558903	15.737	10.3529	31.1481	80.1886	255	0	0	11.3699	2.14259	2.66397	11.59	98.2204	0	0	33147.4	42101.4	48107.5	50652.1	0	0	0	0	0	0	 88
DATA	12:48:37:000	2023-12-03	707190	13.3961	589.428	0.0973265	422.68	498.935	8.98083	0.0558999	15.7426	10.3576	31.1602	80.1851	255	0	0	11.3726	2.14277	2.66347	11.59	98.2275	0	0	33150.5	42102.4	48110.7	50652.8	0	0	0	0	0	0	175
DATA	12:48:38:000	2023-12-03	707490	13.39	589.16	0.0972883	422.544	498.342	8.97016	0.0558487	15.726	10.3404	31.1723	80.1775	255	0	0	11.374	2.14264	2.66347	11.59	98.2195	0	0	33150.2	42100.4	48107.2	50651.3	0	0	0	0	0	0	190
DATA	12:48:39:000	2023-12-03	707790	13.3935	589.314	0.0973142	422.613	500.226	9.00407	0.0560062	15.7839	10.3975	31.1847	80.1887	255	0	0	11.3754	2.14274	2.6631	11.59	98.2214	0	0	33148	42100.2	48097.4	50650.8	0	0	0	0	0	0	 28
DATA	12:48:40:000	2023-12-03	708090	13.3991	589.56	0.0973422	422.814	502.782	9.05008	0.0562114	15.8655	10.4745	31.1973	80.1873	255	0	0	11.3754	2.14273	2.6626	11.59	98.2149	0	0	33144.8	42097.4	48079.3	50645.4	0	0	0	0	0	0	 98
DATA	12:48:41:000	2023-12-03	708390	13.4017	589.675	0.0973589	422.921	505.062	9.09112	0.0563978	15.9384	10.543	31.2107	80.1861	255	0	0	11.3603	2.14262	2.66435	11.59	98.2103	0	0	33142.8	42096.8	48070.1	50644.8	0	0	0	0	0	0	130
DATA	12:48:42:000	2023-12-03	708690	13.4321	591.012	0.0975281	423.93	510.878	9.1958	0.0568668	16.1238	10.7155	31.2234	80.1801	255	0	0	11.3713	2.1428	2.66509	11.59	98.2171	0	0	33138.6	42097.6	48043.9	50643.8	0	0	0	0	0	0	 38
DATA	12:48:43:000	2023-12-03	708990	13.419	590.436	0.0974591	423.468	511.245	9.20241	0.0568998	16.1335	10.7268	31.2332	80.1919	255	0	0	11.374	2.14271	2.66385	11.59	98.2106	0	0	33140.6	42095.9	48046.7	50643.6	0	0	0	0	0	0	 98
DATA	12:48:44:000	2023-12-03	709290	13.4156	590.286	0.097433	423.462	511.215	9.20187	0.0568921	16.1364	10.7265	31.2464	80.1762	255	0	0	11.3733	2.14262	2.66547	11.59	98.2096	0	0	33141.5	42096.5	48046.5	50644.3	0	0	0	0	0	0	127
DATA	12:48:45:000	2023-12-03	709590	13.4154	590.278	0.0974356	423.425	512.171	9.21908	0.0569718	16.1655	10.7553	31.2598	80.1855	255	0	0	11.3603	2.14274	2.66547	11.59	98.214	0	0	33142.6	42097	48039.7	50643.8	0	0	0	0	0	0	 61
DATA	12:48:46:000	2023-12-03	709890	13.4092	590.005	0.0974018	423.244	511.977	9.21559	0.0569567	16.1599	10.7502	31.2732	80.1863	255	0	0	11.3713	2.14272	2.66447	11.59	98.2104	0	0	33143.3	42095.6	48042.2	50641.9	0	0	0	0	0	0	186
DATA	12:48:47:000	2023-12-03	710190	13.4166	590.33	0.0974437	423.51	513.339	9.2401	0.057067	16.2041	10.7909	31.2873	80.1839	255	0	0	11.3726	2.14258	2.66385	11.59	98.2039	0	0	33134.2	42094.5	48016.1	50638.1	0	0	0	0	0	0	220
DATA	12:48:48:000	2023-12-03	710490	13.5001	594.004	0.0979111	426.202	531.082	9.55948	0.0584859	16.7664	11.3033	31.3018	80.1771	255	0	0	11.3733	2.14243	2.66559	11.59	98.1998	0	0	33122.3	42094.4	47957.5	50636.2	0	0	0	0	0	0	188
DATA	12:48:49:000	2023-12-03	710790	13.4453	591.593	0.0976028	424.48	520.301	9.36542	0.0576247	16.4264	10.9949	31.3154	80.1791	255	0	0	11.3747	2.14267	2.66485	11.59	98.1995	0	0	33134.8	42091.6	48011	50636.2	0	0	0	0	0	0	 60
DATA	12:48:50:000	2023-12-03	711090	13.4343	591.109	0.0975423	424.141	520.195	9.36351	0.057617	16.4233	10.9925	31.3294	80.1812	255	0	0	11.3719	2.1426	2.66485	11.59	98.2034	0	0	33135.8	42094	48004	50637.8	0	0	0	0	0	0	120
DATA	12:48:51:000	2023-12-03	711390	13.4923	593.661	0.0978667	426.018	533.326	9.59987	0.0586638	16.8397	11.3689	31.3407	80.1756	255	0	0	11.3726	2.14261	2.66509	11.59	98.1697	0	0	33119.4	42079.5	47976.7	50625.5	0	0	0	0	0	0	  7
DATA	12:48:52:000	2023-12-03	711690	13.4509	591.84	0.0976324	424.754	525.115	9.45207	0.0580082	16.5821	11.1356	31.3559	80.1715	255	0	0	11.3733	2.14258	2.66534	11.59	98.1937	0	0	33131.3	42090.2	47982.1	50632.6	0	0	0	0	0	0	126
DATA	12:48:53:000	2023-12-03	711990	13.4326	591.034	0.0975301	424.175	529.454	9.53017	0.058354	16.7191	11.2604	31.3707	80.1755	255	0	0	11.3726	2.14281	2.66559	11.59	98.2014	0	0	33123.2	42090.8	47917.8	50627.9	0	0	0	0	0	0	131
DATA	12:48:54:000	2023-12-03	712290	13.5559	596.46	0.0982242	428.065	559.873	10.0777	0.0607521	17.6795	12.1067	31.3867	80.1804	255	0	0	11.3706	2.14278	2.66634	11.59	98.2005	0	0	33110.2	42090.7	47849.6	50623.8	0	0	0	0	0	0	153
DATA	12:48:55:000	2023-12-03	712590	13.4828	593.243	0.0978139	425.766	538.702	9.69664	0.0590895	17.0114	11.5233	31.4003	80.1822	255	0	0	11.3719	2.1429	2.66534	11.59	98.1991	0	0	33117.5	42088.7	47893.9	50625	0	0	0	0	0	0	 76
DATA	12:48:56:000	2023-12-03	712890	13.5043	594.189	0.0979371	426.45	545.51	9.81918	0.0596287	17.2266	11.714	31.4132	80.1847	255	0	0	11.3713	2.14295	2.66472	11.59	98.205	0	0	33115	42090.7	47862.3	50625.7	0	0	0	0	0	0	163
DATA	12:48:57:000	2023-12-03	713190	13.4771	592.992	0.0977824	425.591	539.459	9.71026	0.0591495	17.0355	11.5459	31.4263	80.1881	255	0	0	11.374	2.14256	2.66559	11.59	98.19	0	0	33122.2	42088.7	47907.8	50626.2	0	0	0	0	0	0	 82
DATA	12:48:58:000	2023-12-03	713490	13.5015	594.066	0.0979163	426.416	546.411	9.8354	0.0596958	17.2572	11.7401	31.4359	80.1805	255	0	0	11.3726	2.14276	2.66609	11.59	98.1949	0	0	33120.2	42088.6	47907.4	50625.6	0	0	0	0	0	0	167
DATA	12:48:59:000	2023-12-03	713790	13.5006	594.026	0.0979173	426.398	545.405	9.81729	0.0596209	17.2259	11.7128	31.4483	80.1817	255	0	0	11.3719	2.14295	2.66609	11.59	98.2015	0	0	33121.5	42089.2	47901.3	50626.2	0	0	0	0	0	0	211
DATA	12:49:00:000	2023-12-03	714090	13.5054	594.238	0.0979391	426.597	540.015	9.72027	0.0591926	17.0575	11.5632	31.4622	80.1765	255	0	0	11.3637	2.1428	2.66684	11.59	98.1967	0	0	33118.9	42088.9	47909.9	50625.8	0	0	0	0	0	0	179
DATA	12:49:01:000	2023-12-03	714390	13.4605	592.262	0.0976932	425.162	539.295	9.70731	0.059139	17.0341	11.5438	31.477	80.1835	255	0	0	11.3713	2.14293	2.66697	11.59	98.2015	0	0	33123.4	42089.4	47910.8	50626.6	0	0	0	0	0	0	 91
DATA	12:49:02:000	2023-12-03	714690	13.5001	594.004	0.0979107	426.451	544.312	9.79762	0.059532	17.1941	11.6846	31.4924	80.1805	255	0	0	11.3706	2.14284	2.66746	11.59	98.1929	0	0	33119	42086.8	47895.8	50623.1	0	0	0	0	0	0	 56
DATA	12:49:03:000	2023-12-03	714990	13.497	593.868	0.0978906	426.374	544.825	9.80685	0.0595705	17.2112	11.6996	31.5074	80.1804	255	0	0	11.3692	2.14289	2.66659	11.59	98.1887	0	0	33118.1	42084.3	47889.3	50619.4	0	0	0	0	0	0	214
DATA	12:49:04:000	2023-12-03	715290	13.4716	592.75	0.0977503	425.593	545.112	9.81202	0.0595942	17.2211	11.7083	31.5221	80.1802	255	0	0	11.3692	2.14303	2.66697	11.59	98.1956	0	0	33121.8	42085.7	47886.7	50619.5	0	0	0	0	0	0	143
DATA	12:49:05:000	2023-12-03	715590	13.4978	593.903	0.0978988	426.46	548.215	9.86787	0.0598396	17.3207	11.7951	31.5384	80.1771	255	0	0	11.3699	2.14274	2.66697	11.59	98.1881	0	0	33114.6	42085.8	47875.2	50619.6	0	0	0	0	0	0	237
DATA	12:49:06:000	2023-12-03	715890	13.4954	593.798	0.0978854	426.411	547.44	9.85392	0.0597789	17.2973	11.7745	31.5551	80.1765	255	0	0	11.3713	2.14301	2.66846	11.59	98.1945	0	0	33116.8	42085.5	47876	50619.2	0	0	0	0	0	0	116
DATA	12:49:07:000	2023-12-03	716190	13.5028	594.123	0.0979229	426.672	548.192	9.86746	0.0598351	17.3222	11.7961	31.5723	80.176	255	0	0	11.3692	2.14281	2.66734	11.59	98.1873	0	0	33111.7	42084.8	47869.3	50618.6	0	0	0	0	0	0	179
DATA	12:49:08:000	2023-12-03	716490	13.4969	593.864	0.0978942	426.49	547.471	9.85448	0.0597813	17.2996	11.7771	31.5896	80.1796	255	0	0	11.3692	2.14285	2.66809	11.59	98.186	0	0	33113.8	42083.8	47876.7	50617.6	0	0	0	0	0	0	199
DATA	12:49:09:000	2023-12-03	716790	13.4797	593.107	0.0977973	425.992	547.579	9.85642	0.0597892	17.3049	11.7809	31.6065	80.1755	255	0	0	11.3713	2.14261	2.66771	11.59	98.1746	0	0	33115.3	42081.6	47874.6	50613.9	0	0	0	0	0	0	  7
DATA	12:49:10:000	2023-12-03	717090	13.5366	595.61	0.0981191	427.746	552.549	9.94588	0.0601823	17.4601	11.9187	31.6243	80.1885	255	0	0	11.3706	2.14319	2.66746	11.59	98.1951	0	0	33106	42083.6	47846.9	50615.3	0	0	0	0	0	0	 70
DATA	12:49:11:000	2023-12-03	717390	13.5317	595.395	0.0980889	427.644	554.541	9.98174	0.0603359	17.5252	11.9741	31.6405	80.1828	255	0	0	11.3589	2.14293	2.66884	11.59	98.1844	0	0	33107	42082.1	47845.6	50614	0	0	0	0	0	0	 36
DATA	12:49:12:000	2023-12-03	717690	13.5321	595.412	0.0980919	427.684	558.834	10.059	0.0606715	17.662	12.0918	31.6545	80.1814	255	0	0	11.3678	2.14303	2.66796	11.59	98.1816	0	0	33103.6	42079.8	47817.1	50609.2	0	0	0	0	0	0	105
DATA	12:49:13:000	2023-12-03	717990	13.5373	595.641	0.0981228	427.844	560.345	10.0862	0.0607906	17.7096	12.1337	31.6713	80.1866	255	0	0	11.3685	2.14304	2.66846	11.59	98.1855	0	0	33105.7	42081.3	47822.1	50611.3	0	0	0	0	0	0	190
DATA	12:49:14:000	2023-12-03	718290	13.5307	595.351	0.0980847	427.677	559.983	10.0797	0.0607613	17.6999	12.1247	31.6873	80.183	255	0	0	11.3692	2.143	2.66871	11.59	98.1754	0	0	33102.9	42077.4	47813.5	50606.5	0	0	0	0	0	0	 78
DATA	12:49:15:000	2023-12-03	718590	13.5596	596.622	0.0982452	428.606	564.237	10.1563	0.0610918	17.835	12.2405	31.704	80.1846	255	0	0	11.3493	2.14326	2.66958	11.59	98.1857	0	0	33099	42078.9	47800	50607	0	0	0	0	0	0	 75
DATA	12:49:16:000	2023-12-03	718890	13.5634	596.79	0.0982646	428.777	565.849	10.1853	0.0612157	17.8881	12.2847	31.7211	80.1795	255	0	0	11.3664	2.14324	2.66771	11.59	98.184	0	0	33103.5	42078.3	47803.8	50606.7	0	0	0	0	0	0	134
DATA	12:49:17:000	2023-12-03	719190	13.552	596.288	0.0982039	428.444	566.062	10.1891	0.0612345	17.896	12.2913	31.7381	80.1788	255	0	0	11.3685	2.14312	2.66809	11.59	98.1802	0	0	33098.7	42078.1	47787.8	50604.9	0	0	0	0	0	0	127
DATA	12:49:18:000	2023-12-03	719490	13.5856	597.766	0.0983896	429.535	570.159	10.2629	0.0615506	18.0267	12.4017	31.7523	80.1772	255	0	0	11.3699	2.14319	2.66983	11.59	98.1784	0	0	33094.2	42076.6	47777.5	50602.7	0	0	0	0	0	0	250
DATA	12:49:19:000	2023-12-03	719790	13.5458	596.015	0.0981682	428.32	566.522	10.1974	0.0612691	17.9135	12.3052	31.7692	80.1735	255	0	0	11.3706	2.1428	2.66958	11.59	98.1641	0	0	33097.8	42074.9	47784.5	50601.5	0	0	0	0	0	0	118
DATA	12:49:20:000	2023-12-03	720090	13.5592	596.605	0.0982432	428.708	567.586	10.2165	0.0613519	17.9457	12.3346	31.7859	80.1846	255	0	0	11.3589	2.14329	2.67046	11.59	98.1771	0	0	33095.5	42074.8	47779.2	50600.4	0	0	0	0	0	0	223
DATA	12:49:21:000	2023-12-03	720390	13.5421	595.852	0.0981474	428.221	566.526	10.1975	0.0612695	17.9144	12.3069	31.8017	80.1788	255	0	0	11.3678	2.14303	2.67021	11.59	98.1683	0	0	33099.8	42074	47784.2	50600.3	0	0	0	0	0	0	 94
DATA	12:49:22:000	2023-12-03	720690	13.5304	595.338	0.098083	427.888	566.272	10.1929	0.0612501	17.9079	12.3009	31.818	80.176	255	0	0	11.3685	2.14347	2.67033	11.59	98.1802	0	0	33099	42074.1	47779.3	50598.4	0	0	0	0	0	0	214
DATA	12:49:23:000	2023-12-03	720990	13.5475	596.09	0.0981792	428.439	567.939	10.2229	0.06138	17.961	12.3465	31.8357	80.1789	255	0	0	11.3692	2.1432	2.67096	11.59	98.1696	0	0	33094	42072.6	47769.8	50597.1	0	0	0	0	0	0	157
DATA	12:49:24:000	2023-12-03	721290	13.6074	598.726	0.0985102	430.38	574.168	10.335	0.0618599	18.16	12.5134	31.8521	80.1745	255	0	0	11.3658	2.14337	2.67083	11.59	98.1764	0	0	33084.9	42073.5	47750.2	50597.8	0	0	0	0	0	0	  0
DATA	12:49:25:000	2023-12-03	721590	13.6198	599.271	0.0985812	430.78	575.655	10.3618	0.0619758	18.2074	12.5537	31.8696	80.1776	255	0	0	11.3671	2.14344	2.67033	11.59	98.1783	0	0	33082.8	42073.6	47743.5	50597.3	0	0	0	0	0	0	187
DATA	12:49:26:000	2023-12-03	721890	13.6022	598.497	0.0984839	430.227	576.528	10.3775	0.0620437	18.2351	12.5777	31.8871	80.1815	255	0	0	11.3658	2.14353	2.67195	11.59	98.1785	0	0	33085	42072.7	47735.6	50595.7	0	0	0	0	0	0	142
DATA	12:49:27:000	2023-12-03	722190	13.6085	598.774	0.0985182	430.474	578.275	10.409	0.0621776	18.2924	12.6246	31.9035	80.177	255	0	0	11.3561	2.1435	2.67108	11.59	98.1739	0	0	33083.1	42071	47732.8	50593.9	0	0	0	0	0	0	215
DATA	12:49:28:000	2023-12-03	722490	13.599	598.356	0.0984671	430.163	579.472	10.4305	0.0622712	18.3299	12.657	31.9199	80.1831	255	0	0	11.3678	2.14347	2.67133	11.59	98.1694	0	0	33084.6	42069.5	47726.8	50591.7	0	0	0	0	0	0	137
DATA	12:49:29:000	2023-12-03	722790	13.6391	600.12	0.0986916	431.418	585.418	10.5375	0.0627284	18.5174	12.8137	31.937	80.1901	255	0	0	11.3664	2.14326	2.67258	11.59	98.1591	0	0	33074.3	42067.5	47697.8	50588.7	0	0	0	0	0	0	119
DATA	12:49:30:000	2023-12-03	723090	13.6613	601.097	0.0988168	432.15	589.516	10.6113	0.0630434	18.6483	12.921	31.9526	80.1887	255	0	0	11.3582	2.14336	2.67295	11.59	98.1639	0	0	33066.8	42068.3	47675.2	50587.6	0	0	0	0	0	0	106
DATA	12:49:31:000	2023-12-03	723390	13.6831	602.056	0.0989325	432.953	591.505	10.6471	0.063191	18.7161	12.9731	31.9638	80.1706	255	0	0	11.3671	2.14332	2.67295	11.59	98.167	0	0	33062.6	42070.1	47661	50588.5	0	0	0	0	0	0	239
DATA	12:49:32:000	2023-12-03	723690	13.6967	602.655	0.099014	433.301	596.598	10.7388	0.0635834	18.8736	13.105	31.9784	80.1898	255	0	0	11.3671	2.14356	2.67233	11.59	98.1647	0	0	33062.5	42066.4	47648.7	50582.9	0	0	0	0	0	0	134
DATA	12:49:33:000	2023-12-03	723990	13.6491	600.56	0.0987487	431.794	588.502	10.593	0.0629657	18.6175	12.8968	31.9942	80.1941	255	0	0	11.3651	2.14352	2.67258	11.59	98.1633	0	0	33070.9	42066.3	47682.7	50585.8	0	0	0	0	0	0	142
DATA	12:49:34:000	2023-12-03	724290	13.6585	600.974	0.0987993	432.147	592.273	10.6609	0.0632522	18.7392	12.9952	32.0102	80.188	255	0	0	11.3637	2.14352	2.67307	11.59	98.1646	0	0	33070.4	42066.8	47671.4	50583.5	0	0	0	0	0	0	153
DATA	12:49:35:000	2023-12-03	724590	13.6322	599.817	0.0986482	431.431	588.594	10.5947	0.0629677	18.6278	12.9008	32.0264	80.1706	255	0	0	11.3658	2.14349	2.67307	11.59	98.1596	0	0	33076.5	42065	47688.8	50584.1	0	0	0	0	0	0	152
DATA	12:49:36:000	2023-12-03	724890	13.6373	600.041	0.0986812	431.56	592.51	10.6652	0.0632702	18.7503	13.003	32.0432	80.1811	255	0	0	11.3472	2.14358	2.67245	11.59	98.16	0	0	33072.9	42064.1	47666.1	50581.2	0	0	0	0	0	0	145
DATA	12:49:37:000	2023-12-03	725190	13.6549	600.816	0.0987817	432.132	595.937	10.7269	0.0635329	18.8594	13.0921	32.0595	80.1826	255	0	0	11.3623	2.14351	2.6747	11.59	98.1579	0	0	33069.6	42064.1	47653.5	50580.2	0	0	0	0	0	0	166
DATA	12:49:38:000	2023-12-03	725490	13.662	601.128	0.0988204	432.365	596.776	10.742	0.0635962	18.8863	13.1145	32.0781	80.1859	255	0	0	11.3603	2.14383	2.67258	11.59	98.1661	0	0	33067.1	42063.9	47648.2	50579.3	0	0	0	0	0	0	112
DATA	12:49:39:000	2023-12-03	725790	13.6526	600.714	0.0987673	432.115	595.961	10.7273	0.0635336	18.8626	13.0945	32.0965	80.182	255	0	0	11.3651	2.14386	2.67357	11.59	98.1712	0	0	33070.9	42065.7	47653.8	50580.9	0	0	0	0	0	0	168
DATA	12:49:40:000	2023-12-03	726090	13.6587	600.983	0.0988007	432.321	597.359	10.7525	0.0636394	18.9074	13.1314	32.116	80.1847	255	0	0	11.3658	2.14388	2.67345	11.59	98.1707	0	0	33067.6	42065.3	47644.3	50580.6	0	0	0	0	0	0	155
DATA	12:49:41:000	2023-12-03	726390	13.6804	601.938	0.0989231	433.034	599.655	10.7938	0.0638154	18.9812	13.191	32.1334	80.1845	255	0	0	11.3664	2.1439	2.67382	11.59	98.1648	0	0	33062	42062.5	47624.2	50576.3	0	0	0	0	0	0	  2
DATA	12:49:42:000	2023-12-03	726690	13.6795	601.898	0.0989173	433.023	602.346	10.8422	0.0640187	19.0672	13.2604	32.1501	80.1856	255	0	0	11.3637	2.14367	2.67594	11.59	98.1543	0	0	33063.2	42060.7	47626.8	50574.7	0	0	0	0	0	0	194
DATA	12:49:43:000	2023-12-03	726990	13.66	601.04	0.098808	432.439	599.251	10.7865	0.0637834	18.9707	13.1822	32.1645	80.1832	255	0	0	11.3644	2.14405	2.67594	11.59	98.1675	0	0	33067	42061.9	47633.2	50575.7	0	0	0	0	0	0	169
DATA	12:49:44:000	2023-12-03	727290	13.6456	600.406	0.0987278	431.996	599.133	10.7844	0.0637743	18.9675	13.1799	32.178	80.1844	255	0	0	11.3644	2.14392	2.67607	11.59	98.1596	0	0	33065.7	42060	47630.6	50574	0	0	0	0	0	0	248
DATA	12:49:45:000	2023-12-03	727590	13.6644	601.234	0.0988349	432.632	600.518	10.8093	0.0638815	19.0131	13.216	32.1936	80.1809	255	0	0	11.3568	2.14403	2.6747	11.59	98.1574	0	0	33064.3	42057.9	47626.6	50571.9	0	0	0	0	0	0	 90
DATA	12:49:46:000	2023-12-03	727890	13.6919	602.444	0.0989861	433.483	603.024	10.8544	0.0640705	19.0916	13.2806	32.2094	80.1887	255	0	0	11.363	2.14424	2.67495	11.59	98.1643	0	0	33053.8	42058.3	47610.7	50570.9	0	0	0	0	0	0	151
DATA	12:49:47:000	2023-12-03	728190	13.6915	602.426	0.0989831	433.529	602.666	10.848	0.0640425	19.0829	13.2723	32.2241	80.1817	255	0	0	11.3637	2.14388	2.67544	11.59	98.1542	0	0	33053.8	42058.1	47612.1	50570.9	0	0	0	0	0	0	140
DATA	12:49:48:000	2023-12-03	728490	13.6729	601.608	0.0988792	432.915	600.627	10.8113	0.0638875	19.0172	13.2211	32.2382	80.19	255	0	0	11.3637	2.1442	2.67657	11.59	98.1649	0	0	33061.7	42059	47623.5	50572.1	0	0	0	0	0	0	201
DATA	12:49:49:000	2023-12-03	728790	13.6979	602.708	0.0990207	433.79	605.595	10.9007	0.0642657	19.1782	13.348	32.2526	80.1783	255	0	0	11.3658	2.14397	2.67619	11.59	98.1559	0	0	33051	42057.9	47595.5	50569.1	0	0	0	0	0	0	 50
DATA	12:49:50:000	2023-12-03	729090	13.702	602.888	0.0990397	433.928	605.9	10.9062	0.0642858	19.1882	13.3564	32.2657	80.1803	255	0	0	11.3548	2.14425	2.67619	11.59	98.1596	0	0	33054.7	42056.2	47603.2	50567.6	0	0	0	0	0	0	 61
DATA	12:49:51:000	2023-12-03	729390	13.676	601.744	0.0988987	433.075	602.521	10.8454	0.0640327	19.0799	13.2711	32.2742	80.188	255	0	0	11.3506	2.14417	2.67781	11.59	98.1573	0	0	33057.8	42056.2	47617.5	50568	0	0	0	0	0	0	  9
DATA	12:49:52:000	2023-12-03	729690	13.6807	601.951	0.0989268	433.221	603.621	10.8652	0.0641176	19.1146	13.2997	32.2872	80.1919	255	0	0	11.3623	2.1443	2.67682	11.59	98.1583	0	0	33055.1	42055.2	47607.4	50565.8	0	0	0	0	0	0	147
DATA	12:49:53:000	2023-12-03	729990	13.6484	600.53	0.098747	432.235	600.659	10.8119	0.0638932	19.0224	13.2251	32.3029	80.1892	255	0	0	11.3651	2.14425	2.67619	11.59	98.1544	0	0	33059.4	42054	47614.9	50565.1	0	0	0	0	0	0	243
DATA	12:49:54:000	2023-12-03	730290	13.6758	601.735	0.0989009	433.068	601.67	10.8301	0.063971	19.0529	13.2517	32.3184	80.1998	255	0	0	11.363	2.14435	2.67682	11.59	98.158	0	0	33055.7	42054.4	47611.3	50566.1	0	0	0	0	0	0	241
DATA	12:49:55:000	2023-12-03	730590	13.6754	601.718	0.0988994	433.117	602.174	10.8391	0.0640097	19.0716	13.2652	32.3331	80.1921	255	0	0	11.3623	2.14426	2.67844	11.59	98.1506	0	0	33051.9	42052.2	47605.7	50563.7	0	0	0	0	0	0	176
DATA	12:49:56:000	2023-12-03	730890	13.6847	602.127	0.0989502	433.418	599.002	10.782	0.0637683	18.9714	13.185	32.3468	80.1945	255	0	0	11.3609	2.14442	2.67707	11.59	98.1551	0	0	33051.5	42052.3	47622.2	50566.3	0	0	0	0	0	0	 92
DATA	12:49:57:000	2023-12-03	731190	13.6973	602.681	0.0990178	433.85	603.652	10.8657	0.0641191	19.1201	13.3042	32.3599	80.192	255	0	0	11.3506	2.14442	2.67794	11.59	98.1574	0	0	33050.1	42053.3	47608	50565.1	0	0	0	0	0	0	229
DATA	12:49:58:000	2023-12-03	731490	13.6869	602.224	0.098963	433.51	600.774	10.8139	0.0639035	19.0285	13.2315	32.3718	80.197	255	0	0	11.363	2.14462	2.67731	11.59	98.1572	0	0	33050.1	42050.9	47612.8	50562.3	0	0	0	0	0	0	228
DATA	12:49:59:000	2023-12-03	731790	13.6897	602.347	0.0989714	433.644	595.602	10.7208	0.0635049	18.8667	13.0997	32.3841	80.1918	255	0	0	11.3603	2.14461	2.67794	11.59	98.1589	0	0	33050.5	42051.8	47623.1	50563.8	0	0	0	0	0	0	231
DATA	12:50:00:000	2023-12-03	732090	13.696	602.624	0.0990109	433.853	598.215	10.7679	0.063707	18.9499	13.1673	32.3954	80.193	255	0	0	11.3493	2.14453	2.67856	11.59	98.1524	0	0	33047.1	42049.9	47616.8	50562.1	0	0	0	0	0	0	 53
DATA	12:50:01:000	2023-12-03	732390	13.7218	603.759	0.0991529	434.718	606.537	10.9177	0.0643367	19.2156	13.3796	32.4057	80.1869	255	0	0	11.3623	2.14448	2.67881	11.59	98.1478	0	0	33042.1	42048.5	47588.5	50558.4	0	0	0	0	0	0	220
DATA	12:50:02:000	2023-12-03	732690	13.732	604.208	0.0992032	435.071	600.501	10.809	0.0638747	19.0257	13.2267	32.4145	80.1838	255	0	0	11.363	2.14457	2.67881	11.59	98.1455	0	0	33043.2	42046.5	47607	50556.5	0	0	0	0	0	0	158
DATA	12:50:03:000	2023-12-03	732990	13.7255	603.922	0.0991722	434.85	606.853	10.9234	0.0643597	19.2263	13.3884	32.4229	80.1888	255	0	0	11.3609	2.1447	2.67819	11.59	98.1526	0	0	33045	42048	47592.2	50556.8	0	0	0	0	0	0	169
DATA	12:50:04:000	2023-12-03	733290	13.7262	603.953	0.0991778	434.89	606.583	10.9185	0.0643408	19.2185	13.382	32.4314	80.1878	255	0	0	11.3609	2.14473	2.67956	11.59	98.1491	0	0	33038.9	42046.2	47585.2	50554.7	0	0	0	0	0	0	112
DATA	12:50:05:000	2023-12-03	733590	13.7306	604.146	0.0991994	435.062	608.2	10.9476	0.0644603	19.2712	13.4233	32.4402	80.184	255	0	0	11.3596	2.14487	2.67993	11.59	98.1526	0	0	33037.7	42046.1	47576.9	50554.2	0	0	0	0	0	0	 33
DATA	12:50:06:000	2023-12-03	733890	13.75	605	0.0993108	435.66	612.821	11.0308	0.064812	19.4168	13.5399	32.4485	80.1893	255	0	0	11.3603	2.14491	2.67968	11.59	98.1521	0	0	33035.8	42045.5	47563.7	50553.8	0	0	0	0	0	0	 44
DATA	12:50:07:000	2023-12-03	734190	13.7354	604.358	0.0992294	435.247	610.363	10.9865	0.0646264	19.3412	13.4786	32.4559	80.182	255	0	0	11.3623	2.1451	2.67956	11.59	98.1583	0	0	33038.5	42045.9	47570.8	50554.4	0	0	0	0	0	0	100
DATA	12:50:08:000	2023-12-03	734490	13.7137	603.403	0.0991086	434.531	609.687	10.9744	0.064575	19.3185	13.462	32.4636	80.1894	255	0	0	11.3589	2.14489	2.68018	11.59	98.1483	0	0	33039.6	42044	47568.8	50551	0	0	0	0	0	0	174
DATA	12:50:09:000	2023-12-03	734790	13.7393	604.529	0.0992511	435.398	612.597	11.0267	0.0647946	19.4132	13.5355	32.4721	80.1813	255	0	0	11.3603	2.14487	2.68043	11.59	98.1454	0	0	33034.1	42043.1	47553.4	50549.5	0	0	0	0	0	0	179
DATA	12:50:10:000	2023-12-03	735090	13.7467	604.855	0.099293	435.595	615.292	11.0753	0.0649982	19.4969	13.6033	32.4805	80.1904	255	0	0	11.3548	2.14496	2.68043	11.59	98.1415	0	0	33030.9	42040.3	47541.7	50545.8	0	0	0	0	0	0	145
DATA	12:50:11:000	2023-12-03	735390	13.7612	605.493	0.0993757	436.039	616.883	11.1039	0.0651198	19.5466	13.6432	32.4846	80.1943	255	0	0	11.3541	2.14516	2.67981	11.59	98.1431	0	0	33027.2	42038.7	47534.9	50542.8	0	0	0	0	0	0	196
DATA	12:50:12:000	2023-12-03	735690	13.7496	604.982	0.0993106	435.694	617.276	11.111	0.0651483	19.5601	13.6534	32.4922	80.1922	255	0	0	11.3582	2.14512	2.68106	11.59	98.145	0	0	33030.7	42040	47535.8	50543.2	0	0	0	0	0	0	214
DATA	12:50:13:000	2023-12-03	735990	13.7427	604.679	0.0992699	435.516	618.444	11.132	0.0652339	19.599	13.6829	32.5014	80.187	255	0	0	11.3596	2.1451	2.67993	11.59	98.1413	0	0	33028.7	42038.6	47529.6	50540.6	0	0	0	0	0	0	 18
DATA	12:50:14:000	2023-12-03	736290	13.7698	605.871	0.0994221	436.375	621.188	11.1814	0.0654413	19.6859	13.7515	32.5109	80.1896	255	0	0	11.3603	2.14522	2.68043	11.59	98.1423	0	0	33023	42037.7	47510.3	50538.9	0	0	0	0	0	0	 81
DATA	12:50:15:000	2023-12-03	736590	13.7782	606.241	0.0994688	436.652	623.929	11.2307	0.0656467	19.7733	13.8198	32.5208	80.1901	255	0	0	11.3534	2.14539	2.68106	11.59	98.1413	0	0	33020.2	42035.3	47501.9	50537.8	0	0	0	0	0	0	188
DATA	12:50:16:000	2023-12-03	736890	13.7517	605.075	0.0993227	435.803	621.487	11.1868	0.0654647	19.6955	13.7599	32.5305	80.1943	255	0	0	11.3458	2.14544	2.68118	11.59	98.1434	0	0	33022.3	42035.5	47501.1	50536.7	0	0	0	0	0	0	198
DATA	12:50:17:000	2023-12-03	737190	13.745	604.78	0.0992858	435.6	620.37	11.1667	0.0653808	19.6605	13.7326	32.5388	80.1949	255	0	0	11.3582	2.14567	2.68255	11.59	98.1498	0	0	33025.9	42035.7	47515.4	50537.3	0	0	0	0	0	0	224
DATA	12:50:18:000	2023-12-03	737490	13.7644	605.634	0.0993917	436.24	622.37	11.2027	0.0655296	19.725	13.7826	32.5482	80.1926	255	0	0	11.3589	2.14547	2.68268	11.59	98.1411	0	0	33018	42034.2	47494.7	50533	0	0	0	0	0	0	109
DATA	12:50:19:000	2023-12-03	737790	13.7805	606.342	0.0994818	436.766	625.033	11.2506	0.0657295	19.8101	13.8488	32.5578	80.1924	255	0	0	11.3603	2.14551	2.68293	11.59	98.1355	0	0	33018.9	42031.3	47494.7	50532.6	0	0	0	0	0	0	205
DATA	12:50:20:000	2023-12-03	738090	13.765	605.66	0.0993958	436.301	623.385	11.2209	0.0656061	19.7591	13.8087	32.5673	80.1899	255	0	0	11.3596	2.14558	2.68205	11.59	98.136	0	0	33016.3	42030.8	47490.7	50530.6	0	0	0	0	0	0	 45
DATA	12:50:21:000	2023-12-03	738390	13.7925	606.87	0.0995488	437.153	625.911	11.2664	0.0657954	19.8383	13.8714	32.5764	80.1959	255	0	0	11.3589	2.14543	2.68355	11.59	98.1322	0	0	33011.9	42030.9	47482.8	50529.1	0	0	0	0	0	0	176
DATA	12:50:22:000	2023-12-03	738690	13.8	607.2	0.0995919	437.365	628.218	11.3079	0.0659691	19.9102	13.9286	32.5862	80.2032	255	0	0	11.3568	2.1456	2.68093	11.59	98.1336	0	0	33012.3	42029.6	47480.2	50527.8	0	0	0	0	0	0	151
DATA	12:50:23:000	2023-12-03	738990	13.7984	607.13	0.0995837	437.361	628.248	11.3085	0.0659718	19.9133	13.9295	32.591	80.1959	255	0	0	11.3596	2.14573	2.68205	11.59	98.1363	0	0	33010.2	42029.2	47473.4	50527.4	0	0	0	0	0	0	116
DATA	12:50:24:000	2023-12-03	739290	13.8043	607.389	0.0996177	437.56	629.834	11.337	0.0660912	19.9641	13.9688	32.5995	80.1959	255	0	0	11.3582	2.14586	2.68405	11.59	98.1332	0	0	33007.8	42026.4	47465.3	50523.4	0	0	0	0	0	0	127
DATA	12:50:25:000	2023-12-03	739590	13.7974	607.086	0.0995747	437.388	628.385	11.3109	0.0659791	19.9203	13.9338	32.6087	80.1899	255	0	0	11.3458	2.14589	2.68205	11.59	98.1334	0	0	33007.9	42026.1	47470.5	50524.1	0	0	0	0	0	0	237
DATA	12:50:26:000	2023-12-03	739890	13.8159	607.9	0.0996766	437.989	630.976	11.3576	0.0661717	20.0031	13.9975	32.6158	80.189	255	0	0	11.3554	2.14589	2.68367	11.59	98.1326	0	0	33004.6	42025.8	47457.4	50521.6	0	0	0	0	0	0	 87
DATA	12:50:27:000	2023-12-03	740190	13.8158	607.895	0.0996767	437.958	631.472	11.3665	0.0662091	20.0175	14.0101	32.6244	80.1963	255	0	0	11.3589	2.14612	2.68392	11.59	98.1367	0	0	33003.8	42024.9	47456.1	50521.2	0	0	0	0	0	0	183
