Model:	 LI-7500
SN:	75D-4923
Timestamp:	Dec 3 2023 at 6:33:02
DATAH	Time	Date	Sequence Number	CO2 (mmol/m^3)	CO2 (mg/m^3)	CO2 Absorptance	CO2 (umol/mol)	H2O (mmol/m^3)	H2O (g/m^3)	H2O Absorptance	H2O (mmol/mol)	Dew Point (C)	Temperature (C)	Pressure (kPa)	Diagnostic Value	Diagnostic Value 2	Diagnostic Word	DSI Vin (v)	Cooler Voltage (v)	Chopper Cooler Voltage (v)	Smart Flux Vin (v)	CO2 Signal Strength	Integral	Peak Height	CO2 Sample	CO2 Reference	H2O Sample	H2O Reference	CH4 Seconds	CH4 Nano Seconds	CH4 (umol/mol)	CH4 (mmol/m^3)	CH4 Signal Strength (RSSI)	CH4 Diagnostic Value	CHK
DATA	12:33:03:000	2023-12-03	426990	13.5575	596.53	0.0982167	426.892	391.499	7.04698	0.0467683	12.3273	6.74659	30.515	80.18	255	0	0	11.4971	2.14862	2.65711	11.59	98.6623	0	0	33153.2	42220.9	48644.1	50787.2	0	0	0	0	0	0	 29
DATA	12:33:04:000	2023-12-03	427290	13.9057	611.851	0.100143	437.916	397.735	7.15923	0.0473195	12.5254	6.97724	30.5255	80.1719	255	0	0	11.495	2.14853	2.65587	11.59	98.6654	0	0	33218.1	42223.3	48598.2	50787.2	0	0	0	0	0	0	108
DATA	12:33:05:000	2023-12-03	427590	13.4935	593.714	0.0978511	424.951	364.863	6.56753	0.0443655	11.4906	5.72657	30.5351	80.1713	255	0	0	11.4957	2.14858	2.65699	11.59	98.6657	0	0	33235	42222.8	48771.3	50798.4	0	0	0	0	0	0	146
DATA	12:33:06:000	2023-12-03	427890	13.4805	593.142	0.0977857	424.553	411.414	7.40545	0.0485217	12.957	7.47205	30.5447	80.1717	255	0	0	11.4854	2.1484	2.65724	11.59	98.6593	0	0	33124.3	42222.2	48618.9	50787.9	0	0	0	0	0	0	111
DATA	12:33:07:000	2023-12-03	428190	13.4167	590.335	0.0974265	422.549	399.194	7.18549	0.0474478	12.5723	7.0319	30.552	80.1726	255	0	0	11.4964	2.14849	2.65761	11.59	98.6702	0	0	33247.8	42225.8	48626.4	50788.6	0	0	0	0	0	0	136
DATA	12:33:08:000	2023-12-03	428490	13.3989	589.552	0.0973246	422.024	400.778	7.214	0.0475861	12.6233	7.09011	30.5613	80.1684	255	0	0	11.495	2.14849	2.65649	11.59	98.6708	0	0	33243.9	42226	48624.2	50788.6	0	0	0	0	0	0	221
DATA	12:33:09:000	2023-12-03	428790	13.4743	592.869	0.0977476	424.37	400.578	7.2104	0.0475694	12.6161	7.08332	30.5715	80.1765	255	0	0	11.495	2.14848	2.65786	11.59	98.674	0	0	33244.6	42227.6	48684.6	50794.9	0	0	0	0	0	0	 46
DATA	12:33:10:000	2023-12-03	429090	13.2989	585.152	0.096767	418.917	423.578	7.6244	0.0495776	13.3428	7.90094	30.5802	80.1651	255	0	0	11.4929	2.14834	2.65699	11.59	98.6695	0	0	33257.7	42227.2	48679.5	50794.8	0	0	0	0	0	0	164
DATA	12:33:11:000	2023-12-03	429390	13.3079	585.548	0.0968175	419.192	422.448	7.60406	0.0494796	13.3069	7.86194	30.5849	80.168	255	0	0	11.484	2.14849	2.65649	11.59	98.6739	0	0	33266.8	42227.4	48511.4	50784	0	0	0	0	0	0	 57
DATA	12:33:12:000	2023-12-03	429690	13.3531	587.536	0.0970699	420.628	406.575	7.31835	0.0480969	12.8073	7.3012	30.59	80.1671	255	0	0	11.4936	2.14822	2.65711	11.59	98.6728	0	0	33260.8	42230.1	48606.4	50793.1	0	0	0	0	0	0	 44
DATA	12:33:13:000	2023-12-03	429990	13.5766	597.37	0.098321	427.631	410.502	7.38904	0.0484414	12.9298	7.44189	30.5927	80.1748	255	0	0	11.4936	2.14824	2.65574	11.59	98.6727	0	0	33232.1	42229.8	48677.7	50796.7	0	0	0	0	0	0	146
DATA	12:33:14:000	2023-12-03	430290	13.4361	591.188	0.0975331	423.228	363.037	6.53467	0.0442001	11.4354	5.657	30.5943	80.171	255	0	0	11.4943	2.14827	2.65599	11.59	98.6722	0	0	33249.6	42229.2	48795.3	50803.1	0	0	0	0	0	0	 28
DATA	12:33:15:000	2023-12-03	430590	13.337	586.828	0.0969811	420.088	395.823	7.12481	0.047149	12.4676	6.9101	30.5898	80.1733	255	0	0	11.4943	2.148	2.65662	11.59	98.6693	0	0	33254.1	42231.1	48780.8	50803.7	0	0	0	0	0	0	210
DATA	12:33:16:000	2023-12-03	430890	13.4027	589.719	0.0973475	422.147	374.011	6.7322	0.0451974	11.7803	6.08676	30.584	80.1738	255	0	0	11.484	2.14796	2.65674	11.59	98.6661	0	0	33256.6	42230.2	48752	50801.3	0	0	0	0	0	0	207
DATA	12:33:17:000	2023-12-03	431190	13.2894	584.734	0.0967165	418.577	412.092	7.41766	0.0485815	12.9797	7.49782	30.5793	80.1728	255	0	0	11.4929	2.14801	2.65499	11.59	98.6725	0	0	33275.3	42232.3	48597.4	50794.8	0	0	0	0	0	0	  9
DATA	12:33:18:000	2023-12-03	431490	13.6049	598.616	0.098471	428.545	365.659	6.58186	0.0444372	11.518	5.76021	30.5811	80.1674	255	0	0	11.4929	2.14796	2.65637	11.59	98.6706	0	0	33201.8	42232.2	48820.2	50806.9	0	0	0	0	0	0	113
DATA	12:33:19:000	2023-12-03	431790	13.4322	591.017	0.0975143	423.064	379.364	6.82855	0.0456813	11.9485	6.29263	30.5847	80.1762	255	0	0	11.4936	2.14812	2.65612	11.59	98.6777	0	0	33253.5	42233.3	48761.7	50806.9	0	0	0	0	0	0	214
DATA	12:33:20:000	2023-12-03	432090	13.4698	592.671	0.0977198	424.25	358.771	6.45788	0.0438156	11.3	5.48603	30.5813	80.1749	255	0	0	11.4936	2.14789	2.65674	11.59	98.67	0	0	33257.8	42232.7	48673.5	50798.3	0	0	0	0	0	0	198
DATA	12:33:21:000	2023-12-03	432390	13.4268	590.779	0.0974833	422.893	391.992	7.05586	0.0468096	12.3462	6.76757	30.5706	80.1727	255	0	0	11.495	2.14818	2.65512	11.59	98.6836	0	0	33239.2	42235.2	48896.7	50814.8	0	0	0	0	0	0	198
DATA	12:33:22:000	2023-12-03	432690	13.3859	588.98	0.097259	421.539	416.265	7.49277	0.0489457	13.1087	7.64445	30.5596	80.1822	255	0	0	11.4923	2.14802	2.65624	11.59	98.675	0	0	33244.5	42233.3	48645.2	50800.3	0	0	0	0	0	0	 70
DATA	12:33:23:000	2023-12-03	432990	13.5227	594.999	0.0980128	425.894	370.624	6.67123	0.0448886	11.6727	5.95353	30.5495	80.1708	255	0	0	11.4929	2.14792	2.65624	11.59	98.6709	0	0	33229.3	42232.8	48834.5	50810.4	0	0	0	0	0	0	241
DATA	12:33:24:000	2023-12-03	433290	13.597	598.268	0.0984294	428.174	361.743	6.51137	0.0440813	11.3914	5.60283	30.5378	80.179	255	0	0	11.4881	2.1479	2.65375	11.59	98.6749	0	0	33209.2	42234.7	48828.2	50811.8	0	0	0	0	0	0	 69
DATA	12:33:25:000	2023-12-03	433590	13.6748	601.691	0.098868	430.582	399.171	7.18508	0.047447	12.5688	7.02987	30.5272	80.184	255	0	0	11.495	2.14777	2.65524	11.59	98.6714	0	0	33226	42234.7	48685.4	50803.7	0	0	0	0	0	0	192
DATA	12:33:26:000	2023-12-03	433890	13.3946	589.362	0.0973034	421.771	385.215	6.93387	0.046204	12.1297	6.51168	30.5214	80.1802	255	0	0	11.4929	2.14764	2.65499	11.59	98.6685	0	0	33275.9	42235	48612.5	50797.2	0	0	0	0	0	0	 74
DATA	12:33:27:000	2023-12-03	434190	13.4522	591.897	0.0976267	423.546	363.264	6.53875	0.0442224	11.4375	5.66207	30.5112	80.1848	255	0	0	11.4929	2.14753	2.65499	11.59	98.6665	0	0	33236.8	42235.4	48711.8	50806.1	0	0	0	0	0	0	215
DATA	12:33:28:000	2023-12-03	434490	13.4297	590.907	0.0975015	422.788	373.279	6.71902	0.0451332	11.7514	6.05421	30.4958	80.1901	255	0	0	11.4936	2.14778	2.65499	11.59	98.6789	0	0	33248.4	42237.8	48858.6	50817.1	0	0	0	0	0	0	240
DATA	12:33:29:000	2023-12-03	434790	13.4774	593.006	0.0977664	424.281	365.084	6.57151	0.0443881	11.4932	5.73245	30.4749	80.1862	255	0	0	11.4936	2.14764	2.65524	11.59	98.6719	0	0	33246.4	42236.4	48815.7	50813.1	0	0	0	0	0	0	217
DATA	12:33:30:000	2023-12-03	435090	13.3373	586.841	0.0969874	419.841	400.196	7.20353	0.0475378	12.5977	7.06384	30.4558	80.1868	255	0	0	11.4902	2.14766	2.65412	11.59	98.6761	0	0	33277.9	42238	48624.2	50803.2	0	0	0	0	0	0	122
DATA	12:33:31:000	2023-12-03	435390	13.466	592.504	0.0977014	423.855	354.04	6.37272	0.0433715	11.1437	5.28822	30.4382	80.1893	255	0	0	11.4916	2.14745	2.65612	11.59	98.6726	0	0	33235.8	42238.9	48971.4	50824.5	0	0	0	0	0	0	 92
DATA	12:33:32:000	2023-12-03	435690	13.5327	595.439	0.098069	425.969	330.667	5.95201	0.0411926	10.4084	4.30913	30.4185	80.1814	255	0	0	11.4923	2.1477	2.65412	11.59	98.6809	0	0	33220.1	42239.6	49104.8	50832.3	0	0	0	0	0	0	 81
DATA	12:33:33:000	2023-12-03	435990	13.5531	596.336	0.0981832	426.549	325.371	5.85668	0.0406915	10.2402	4.07757	30.3874	80.1848	255	0	0	11.4916	2.14735	2.65325	11.59	98.6709	0	0	33216.6	42239.3	49126.3	50832.7	0	0	0	0	0	0	211
DATA	12:33:34:000	2023-12-03	436290	13.5392	595.725	0.0981069	426.039	326.273	5.87291	0.0407776	10.2669	4.11521	30.3495	80.1884	255	0	0	11.4916	2.14746	2.65337	11.59	98.6793	0	0	33223.6	42241.7	49097.9	50832.8	0	0	0	0	0	0	225
DATA	12:33:35:000	2023-12-03	436590	13.5281	595.236	0.0980447	425.674	329.247	5.92645	0.0410591	10.3601	4.24297	30.3167	80.1827	255	0	0	11.4916	2.14746	2.65362	11.59	98.6842	0	0	33236.6	42243.8	49031.7	50831.2	0	0	0	0	0	0	191
DATA	12:33:36:000	2023-12-03	436890	13.4771	592.992	0.0977617	424.022	346.068	6.22922	0.0426366	10.8881	4.95391	30.2845	80.1832	255	0	0	11.4861	2.14734	2.65312	11.59	98.673	0	0	33247.6	42240.3	48912.9	50822.5	0	0	0	0	0	0	155
DATA	12:33:37:000	2023-12-03	437190	13.5129	594.568	0.0979625	425.09	337.247	6.07045	0.0418136	10.6092	4.58291	30.2569	80.1868	255	0	0	11.4916	2.14726	2.65312	11.59	98.6762	0	0	33237.3	42242.7	48984.8	50827.8	0	0	0	0	0	0	177
DATA	12:33:38:000	2023-12-03	437490	13.4441	591.54	0.0975795	422.905	357.14	6.42852	0.0436603	11.2344	5.40377	30.23	80.1837	255	0	0	11.4916	2.14728	2.65275	11.59	98.6799	0	0	33248.4	42244	48945.1	50828.6	0	0	0	0	0	0	166
DATA	12:33:39:000	2023-12-03	437790	13.5009	594.04	0.0978929	424.672	341.084	6.13951	0.0421716	10.7288	4.74226	30.2039	80.1805	255	0	0	11.4902	2.14748	2.652	11.59	98.6861	0	0	33237.1	42244.4	49010.1	50832	0	0	0	0	0	0	180
DATA	12:33:40:000	2023-12-03	438090	13.5166	594.73	0.0979836	425.109	334.331	6.01796	0.0415399	10.515	4.45518	30.1796	80.1847	255	0	0	11.4902	2.14703	2.65213	11.59	98.6742	0	0	33243.2	42244.4	48997.7	50831	0	0	0	0	0	0	251
DATA	12:33:41:000	2023-12-03	438390	13.4305	590.942	0.0975028	422.368	361.927	6.51469	0.0440992	11.382	5.59201	30.1555	80.1846	255	0	0	11.4813	2.14722	2.65238	11.59	98.6815	0	0	33261.4	42245.4	48847.3	50824.8	0	0	0	0	0	0	142
DATA	12:33:42:000	2023-12-03	438690	13.3816	588.79	0.0972333	420.796	378.475	6.81255	0.0456019	11.9015	6.23715	30.135	80.1857	255	0	0	11.4909	2.14733	2.65175	11.59	98.6912	0	0	33278.9	42248.3	48716.2	50818.4	0	0	0	0	0	0	123
DATA	12:33:43:000	2023-12-03	438990	13.3924	589.266	0.0972911	421.144	380.52	6.84936	0.0457847	11.966	6.31474	30.1242	80.1814	255	0	0	11.4895	2.1472	2.65051	11.59	98.685	0	0	33250.3	42247.1	48918.9	50830.5	0	0	0	0	0	0	  4
DATA	12:33:44:000	2023-12-03	439290	13.4894	593.534	0.0978338	424.169	360.262	6.48472	0.0439476	11.3283	5.52339	30.1099	80.1824	255	0	0	11.4895	2.14713	2.65075	11.59	98.6821	0	0	33251.7	42246.7	48863.6	50826.9	0	0	0	0	0	0	233
DATA	12:33:45:000	2023-12-03	439590	13.5006	594.026	0.0978939	424.492	351.837	6.33307	0.0431717	11.0626	5.18218	30.0935	80.1836	255	0	0	11.4909	2.14711	2.65051	11.59	98.6865	0	0	33237.8	42248.8	48945.4	50833.5	0	0	0	0	0	0	209
DATA	12:33:46:000	2023-12-03	439890	14.1443	622.349	0.10145	444.744	365.397	6.57715	0.0444158	11.4893	5.72585	30.0761	80.1767	255	0	0	11.4909	2.14708	2.65038	11.59	98.6881	0	0	33169.7	42249.8	48812.2	50826.5	0	0	0	0	0	0	128
DATA	12:33:47:000	2023-12-03	440190	13.4858	593.375	0.0978146	423.98	369.139	6.6445	0.0447577	11.6054	5.87229	30.0619	80.1839	255	0	0	11.4909	2.1472	2.65063	11.59	98.6917	0	0	33257.2	42250	48798.4	50827.8	0	0	0	0	0	0	251
DATA	12:33:48:000	2023-12-03	440490	13.4807	593.151	0.0977825	423.832	363.033	6.53459	0.0442	11.4137	5.631	30.0505	80.1787	255	0	0	11.4895	2.14703	2.64963	11.59	98.6901	0	0	33256.9	42251.3	48826.4	50830.2	0	0	0	0	0	0	182
DATA	12:33:49:000	2023-12-03	440790	13.6622	601.137	0.098795	429.535	375.303	6.75545	0.0453149	11.7994	6.11086	30.0428	80.1772	255	0	0	11.4909	2.14704	2.64951	11.59	98.6959	0	0	33183.8	42253.6	48855.9	50834.3	0	0	0	0	0	0	179
DATA	12:33:50:000	2023-12-03	441090	13.5598	596.631	0.0982251	426.294	372.721	6.70898	0.0450815	11.7176	6.0108	30.0393	80.1803	255	0	0	11.4909	2.14685	2.65138	11.59	98.6894	0	0	33249.9	42253.1	48757.8	50827.2	0	0	0	0	0	0	165
DATA	12:33:51:000	2023-12-03	441390	13.4932	593.701	0.0978527	424.235	396.705	7.14069	0.0472269	12.4727	6.91624	30.0422	80.1746	255	0	0	11.4909	2.14665	2.64976	11.59	98.6849	0	0	33250.9	42253.5	48714.2	50825.2	0	0	0	0	0	0	211
DATA	12:33:52:000	2023-12-03	441690	13.3844	588.914	0.0972483	420.789	396.259	7.13266	0.0471882	12.4579	6.9002	30.0496	80.1813	255	0	0	11.4888	2.14683	2.64951	11.59	98.6905	0	0	33275.6	42253.8	48706.3	50826.2	0	0	0	0	0	0	187
DATA	12:33:53:000	2023-12-03	441990	13.6142	599.025	0.098523	428.087	360.713	6.49283	0.043986	11.3423	5.53876	30.0539	80.1687	255	0	0	11.4895	2.1466	2.64926	11.59	98.6834	0	0	33263.4	42253.4	48799.4	50830.8	0	0	0	0	0	0	 81
DATA	12:33:54:000	2023-12-03	442290	13.6707	601.511	0.0988362	429.842	342.657	6.16783	0.0423176	10.774	4.80098	30.0521	80.1723	255	0	0	11.4902	2.14665	2.64888	11.59	98.6894	0	0	33241.7	42255.4	48984.7	50843.8	0	0	0	0	0	0	164
DATA	12:33:55:000	2023-12-03	442590	13.4118	590.119	0.0974025	421.65	388.755	6.99759	0.0465234	12.222	6.62186	30.0467	80.1806	255	0	0	11.4902	2.14667	2.64938	11.59	98.6921	0	0	33265.2	42256.4	48767.1	50831.5	0	0	0	0	0	0	108
DATA	12:33:56:000	2023-12-03	442890	13.4218	590.559	0.097461	421.932	396.938	7.14488	0.0472512	12.4783	6.92494	30.0452	80.1863	255	0	0	11.4888	2.14666	2.64951	11.59	98.6956	0	0	33267.8	42257.9	48745.2	50832.5	0	0	0	0	0	0	203
DATA	12:33:57:000	2023-12-03	443190	13.5034	594.15	0.0979109	424.539	379.514	6.83125	0.0456949	11.9317	6.27267	30.0469	80.179	255	0	0	11.4902	2.14664	2.64888	11.59	98.6937	0	0	33252.6	42257.3	48896.4	50844.3	0	0	0	0	0	0	141
DATA	12:33:58:000	2023-12-03	443490	13.4772	592.997	0.0977662	423.695	367.852	6.62134	0.0446404	11.5645	5.82106	30.0455	80.1824	255	0	0	11.4909	2.14624	2.64988	11.59	98.6862	0	0	33261.4	42258.8	48918.2	50845	0	0	0	0	0	0	141
DATA	12:33:59:000	2023-12-03	443790	13.4359	591.18	0.0975341	422.425	384.085	6.91353	0.0461041	12.0756	6.44593	30.0386	80.1752	255	0	0	11.4909	2.14636	2.64951	11.59	98.6953	0	0	33259.1	42261.3	48914.6	50847.8	0	0	0	0	0	0	161
DATA	12:34:00:000	2023-12-03	444090	13.4081	589.956	0.0973812	421.513	394.472	7.1005	0.0470312	12.4011	6.83347	30.0308	80.1804	255	0	0	11.4881	2.14643	2.64764	11.59	98.7107	0	0	33281.9	42267.1	48712.2	50841.6	0	0	0	0	0	0	100
DATA	12:34:01:000	2023-12-03	444390	13.509	594.396	0.0979409	424.632	352.592	6.34666	0.0432411	11.0831	5.20954	30.021	80.1878	255	0	0	11.4888	2.14616	2.64764	11.59	98.7035	0	0	33257.1	42267.2	48960.6	50856.4	0	0	0	0	0	0	 95
DATA	12:34:02:000	2023-12-03	444690	13.5631	596.776	0.0982393	426.326	336.061	6.0491	0.0417005	10.5633	4.5208	30.0074	80.1854	255	0	0	11.4874	2.14642	2.64864	11.59	98.7141	0	0	33237.8	42268.7	49123.6	50867.9	0	0	0	0	0	0	 89
DATA	12:34:03:000	2023-12-03	444990	13.5255	595.122	0.098034	425.15	350.788	6.31418	0.0430746	11.0264	5.1343	29.9883	80.1792	255	0	0	11.4751	2.14605	2.64764	11.59	98.7033	0	0	33254.4	42268.3	48985.2	50858.8	0	0	0	0	0	0	 49
DATA	12:34:04:000	2023-12-03	445290	13.5394	595.734	0.0981088	425.554	340.026	6.12047	0.0420731	10.6873	4.68655	29.9656	80.1795	255	0	0	11.4888	2.14599	2.64639	11.59	98.7073	0	0	33256.1	42270.8	48981.9	50863.7	0	0	0	0	0	0	246
DATA	12:34:05:000	2023-12-03	445590	13.5518	596.279	0.0981736	425.948	338.509	6.09316	0.0419284	10.6397	4.62137	29.9398	80.1718	255	0	0	11.4867	2.14623	2.64851	11.59	98.717	0	0	33261.2	42272.1	48961.6	50861.4	0	0	0	0	0	0	190
DATA	12:34:06:000	2023-12-03	445890	13.467	592.548	0.0977034	423.249	359.588	6.47258	0.043883	11.3014	5.48702	29.9121	80.1708	255	0	0	11.4867	2.14591	2.64614	11.59	98.7005	0	0	33281.6	42268.8	48772.2	50849.2	0	0	0	0	0	0	128
DATA	12:34:07:000	2023-12-03	446190	13.4588	592.187	0.0976612	422.935	379.75	6.8355	0.0457127	11.9334	6.27419	29.8901	80.1757	255	0	0	11.4888	2.14593	2.64739	11.59	98.7058	0	0	33269.2	42270.8	48865.8	50856.1	0	0	0	0	0	0	165
DATA	12:34:08:000	2023-12-03	446490	13.4406	591.386	0.0975626	422.338	385.695	6.94251	0.0462497	12.1195	6.49874	29.8734	80.1761	255	0	0	11.4888	2.14592	2.64589	11.59	98.7156	0	0	33284.7	42275.1	48793.3	50855.8	0	0	0	0	0	0	 18
DATA	12:34:09:000	2023-12-03	446790	13.5244	595.074	0.0980255	424.961	345.976	6.22757	0.0426277	10.8712	4.93006	29.8606	80.1745	255	0	0	11.4881	2.14562	2.64514	11.59	98.7063	0	0	33281.7	42274.6	48795.8	50855.2	0	0	0	0	0	0	232
DATA	12:34:10:000	2023-12-03	447090	13.4429	591.488	0.0975732	422.39	378.525	6.81345	0.0456058	11.8937	6.22519	29.8446	80.1722	255	0	0	11.4874	2.14575	2.64489	11.59	98.7125	0	0	33282.3	42275.8	48810.6	50859.1	0	0	0	0	0	0	186
DATA	12:34:11:000	2023-12-03	447390	13.5464	596.042	0.0981455	425.605	334.851	6.02732	0.0415874	10.5205	4.46088	29.8294	80.1752	255	0	0	11.4778	2.14571	2.64352	11.59	98.7157	0	0	33248.9	42277.6	49103.8	50876.6	0	0	0	0	0	0	214
DATA	12:34:12:000	2023-12-03	447690	13.5288	595.267	0.0980495	425.034	358.088	6.44558	0.0437464	11.25	5.42199	29.8101	80.1735	255	0	0	11.4874	2.1459	2.64377	11.59	98.7212	0	0	33264.5	42277.7	48973	50873.5	0	0	0	0	0	0	244
DATA	12:34:13:000	2023-12-03	447990	13.6634	601.19	0.0987975	429.229	349.645	6.29361	0.0429676	10.9839	5.07784	29.7856	80.1734	255	0	0	11.4861	2.14567	2.64427	11.59	98.714	0	0	33232.7	42277.3	48978.9	50868.9	0	0	0	0	0	0	181
DATA	12:34:14:000	2023-12-03	448290	13.4194	590.454	0.0974425	421.538	381.928	6.8747	0.0459114	11.9973	6.35133	29.7693	80.174	255	0	0	11.4867	2.14548	2.64377	11.59	98.7043	0	0	33278.6	42275.4	48804.3	50855.7	0	0	0	0	0	0	142
DATA	12:34:15:000	2023-12-03	448590	13.547	596.068	0.0981515	425.545	376.275	6.77295	0.0454013	11.8197	6.135	29.7643	80.1728	255	0	0	11.4874	2.14556	2.6434	11.59	98.7115	0	0	33252.6	42277.5	48865.9	50862.8	0	0	0	0	0	0	 37
DATA	12:34:16:000	2023-12-03	448890	13.4848	593.331	0.0978068	423.566	368.029	6.62452	0.0446559	11.56	5.8147	29.7664	80.1781	255	0	0	11.4867	2.14528	2.64502	11.59	98.7094	0	0	33274	42279.9	48887.5	50866.4	0	0	0	0	0	0	 15
DATA	12:34:17:000	2023-12-03	449190	13.4405	591.382	0.0975598	422.192	372.856	6.71141	0.0450937	11.7121	6.00326	29.7716	80.1763	255	0	0	11.4888	2.14545	2.6424	11.59	98.7144	0	0	33278.9	42280	48882.8	50866.8	0	0	0	0	0	0	 76
DATA	12:34:18:000	2023-12-03	449490	13.4593	592.209	0.097663	422.782	364.981	6.56966	0.0443773	11.4647	5.69523	29.7783	80.1782	255	0	0	11.4861	2.14526	2.64277	11.59	98.7086	0	0	33281.9	42279.8	48893.3	50867.9	0	0	0	0	0	0	234
DATA	12:34:19:000	2023-12-03	449790	13.42	590.48	0.0974446	421.584	385.289	6.9352	0.0462117	12.1037	6.47925	29.7856	80.1732	255	0	0	11.4874	2.14524	2.64165	11.59	98.7119	0	0	33285.8	42281.4	48793.3	50861.8	0	0	0	0	0	0	 33
DATA	12:34:20:000	2023-12-03	450090	13.4244	590.674	0.0974695	421.707	393.483	7.08269	0.0469422	12.3607	6.78562	29.7954	80.1786	255	0	0	11.4867	2.14529	2.64228	11.59	98.7176	0	0	33293.5	42283.2	48733.4	50861.7	0	0	0	0	0	0	240
DATA	12:34:21:000	2023-12-03	450390	13.4486	591.738	0.0976037	422.5	388.135	6.98643	0.0464655	12.1936	6.58722	29.8081	80.1758	255	0	0	11.4881	2.14529	2.64277	11.59	98.7186	0	0	33271.3	42283.7	48853	50870.8	0	0	0	0	0	0	 43
DATA	12:34:22:000	2023-12-03	450690	13.343	587.092	0.0970165	419.169	406.245	7.31241	0.0480699	12.7621	7.25241	29.8236	80.1825	255	0	0	11.4854	2.1453	2.64165	11.59	98.7202	0	0	33292.1	42284.2	48750.8	50865.4	0	0	0	0	0	0	 84
DATA	12:34:23:000	2023-12-03	450990	13.3672	588.157	0.0971562	419.948	416.311	7.4936	0.0489509	13.079	7.61121	29.838	80.1826	255	0	0	11.4861	2.14506	2.64327	11.59	98.7196	0	0	33288.1	42286.8	48755.8	50869	0	0	0	0	0	0	255
DATA	12:34:24:000	2023-12-03	451290	13.5083	594.365	0.0979393	424.418	369.932	6.65878	0.0448295	11.6229	5.89322	29.8507	80.179	255	0	0	11.4867	2.14493	2.64203	11.59	98.711	0	0	33275.6	42284.7	48861.4	50871	0	0	0	0	0	0	 48
DATA	12:34:25:000	2023-12-03	451590	13.5089	594.392	0.0979375	424.471	353.927	6.37069	0.0433631	11.1209	5.25627	29.861	80.1753	255	0	0	11.4881	2.14488	2.64253	11.59	98.7135	0	0	33276.1	42286.2	48973.7	50880.7	0	0	0	0	0	0	179
DATA	12:34:26:000	2023-12-03	451890	13.5064	594.282	0.0979251	424.402	362.234	6.52021	0.0441265	11.3822	5.59047	29.8661	80.1749	255	0	0	11.4854	2.14501	2.64253	11.59	98.7206	0	0	33265.2	42287.8	49061	50888.8	0	0	0	0	0	0	 92
DATA	12:34:27:000	2023-12-03	452190	13.6498	600.591	0.0987238	428.876	352.531	6.34556	0.0432356	11.0765	5.19989	29.8699	80.1818	255	0	0	11.4867	2.14465	2.64253	11.59	98.7114	0	0	33251.8	42288	48958.1	50882	0	0	0	0	0	0	 60
DATA	12:34:28:000	2023-12-03	452490	13.4548	592.011	0.0976384	422.774	363.651	6.54572	0.0442565	11.4266	5.64719	29.8753	80.1784	255	0	0	11.4867	2.14477	2.64153	11.59	98.7141	0	0	33282.2	42287.8	48881.8	50877.2	0	0	0	0	0	0	241
DATA	12:34:29:000	2023-12-03	452790	13.5396	595.742	0.0981124	425.441	368.958	6.64124	0.0447403	11.5934	5.85673	29.8841	80.1804	255	0	0	11.4771	2.14449	2.6414	11.59	98.7125	0	0	33286.4	42290.3	48830.7	50876.3	0	0	0	0	0	0	175
DATA	12:34:30:000	2023-12-03	453090	13.5375	595.65	0.0980995	425.421	374.043	6.73277	0.0452003	11.7544	6.0551	29.8943	80.1744	255	0	0	11.4861	2.1448	2.6419	11.59	98.712	0	0	33277	42286.5	48824.4	50873.7	0	0	0	0	0	0	109
DATA	12:34:31:000	2023-12-03	453390	13.4648	592.451	0.0976939	423.173	380.459	6.84826	0.0457785	11.9571	6.30204	29.9071	80.1708	255	0	0	11.4861	2.14427	2.64215	11.59	98.7009	0	0	33286.7	42288	48852.2	50875.3	0	0	0	0	0	0	131
DATA	12:34:32:000	2023-12-03	453690	13.3986	589.538	0.0973272	421.058	389.366	7.00859	0.046577	12.236	6.63862	29.9201	80.1808	255	0	0	11.4847	2.14452	2.64203	11.59	98.7065	0	0	33291.8	42287.4	48791.6	50871.6	0	0	0	0	0	0	138
DATA	12:34:33:000	2023-12-03	453990	13.4674	592.566	0.0977124	423.253	397.681	7.15826	0.0473155	12.4983	6.94679	29.933	80.1781	255	0	0	11.4861	2.1446	2.64215	11.59	98.7114	0	0	33277	42288.6	48781.8	50872.7	0	0	0	0	0	0	 53
DATA	12:34:34:000	2023-12-03	454290	13.7744	606.074	0.0994205	432.92	412.537	7.42567	0.0486207	12.9658	7.48306	29.9459	80.1779	255	0	0	11.4861	2.14463	2.64128	11.59	98.7111	0	0	33271	42288.1	48677.1	50867.6	0	0	0	0	0	0	 81
DATA	12:34:35:000	2023-12-03	454590	13.385	588.94	0.0972495	420.723	387.368	6.97262	0.046398	12.1759	6.56564	29.9575	80.1731	255	0	0	11.4847	2.14425	2.64203	11.59	98.7006	0	0	33300.4	42288	48808.2	50874.2	0	0	0	0	0	0	243
DATA	12:34:36:000	2023-12-03	454890	13.4904	593.578	0.0978351	424.049	369.151	6.64472	0.0447563	11.6037	5.86835	29.9695	80.1739	255	0	0	11.4785	2.14408	2.64103	11.59	98.6951	0	0	33275	42287.7	48900.1	50879.2	0	0	0	0	0	0	153
DATA	12:34:37:000	2023-12-03	455190	13.9291	612.88	0.100268	437.833	368.282	6.62908	0.044678	11.5762	5.8348	29.9798	80.1776	255	0	0	11.484	2.14414	2.6419	11.59	98.6951	0	0	33300.8	42287	48751.7	50870.5	0	0	0	0	0	0	 94
DATA	12:34:38:000	2023-12-03	455490	13.2847	584.527	0.0966896	417.581	409.911	7.3784	0.0483922	12.8848	7.39169	29.9886	80.1793	255	0	0	11.4854	2.14387	2.64153	11.59	98.6899	0	0	33315.2	42287.8	48724.4	50870.4	0	0	0	0	0	0	240
DATA	12:34:39:000	2023-12-03	455790	13.3985	589.534	0.0973252	421.182	385.433	6.93779	0.0462231	12.1161	6.49469	29.9948	80.1763	255	0	0	11.4847	2.14419	2.6414	11.59	98.6981	0	0	33299.4	42287.6	48710.7	50868.7	0	0	0	0	0	0	216
DATA	12:34:40:000	2023-12-03	456090	13.4022	589.697	0.097344	421.309	389.205	7.00569	0.046561	12.235	6.63612	29.9934	80.174	255	0	0	11.4847	2.14406	2.64178	11.59	98.7007	0	0	33303.2	42290.3	48775.2	50874.9	0	0	0	0	0	0	252
DATA	12:34:41:000	2023-12-03	456390	13.3486	587.338	0.0970531	419.582	424.134	7.63441	0.0496295	13.3317	7.89189	29.9952	80.1825	255	0	0	11.4709	2.14403	2.6414	11.59	98.6983	0	0	33310.8	42289.6	48683.5	50869.8	0	0	0	0	0	0	198
DATA	12:34:42:000	2023-12-03	456690	13.3303	586.533	0.0969463	419.056	412.336	7.42205	0.0486031	12.9623	7.47857	30.0006	80.1745	255	0	0	11.4847	2.14398	2.64128	11.59	98.6961	0	0	33312.5	42289.2	48695.6	50870	0	0	0	0	0	0	107
DATA	12:34:43:000	2023-12-03	456990	13.3451	587.184	0.0970347	419.483	416.045	7.48881	0.0489291	13.0778	7.6101	30.0088	80.1839	255	0	0	11.4847	2.14366	2.64115	11.59	98.6911	0	0	33311	42290.9	48705.2	50871.6	0	0	0	0	0	0	 63
DATA	12:34:44:000	2023-12-03	457290	13.3789	588.672	0.0972164	420.611	409.84	7.37712	0.0483837	12.8847	7.39059	30.0183	80.174	255	0	0	11.484	2.14373	2.64115	11.59	98.6959	0	0	33282.3	42292	48928.9	50887.4	0	0	0	0	0	0	249
DATA	12:34:45:000	2023-12-03	457590	13.5578	596.543	0.098211	426.233	349.739	6.2953	0.0429755	10.9952	5.09299	30.0239	80.1759	255	0	0	11.484	2.14362	2.6419	11.59	98.6953	0	0	33298.8	42293	48811.1	50880	0	0	0	0	0	0	 99
DATA	12:34:46:000	2023-12-03	457890	13.3767	588.575	0.0972075	420.525	415.093	7.47167	0.0488436	13.0493	7.57748	30.0282	80.1798	255	0	0	11.4847	2.14388	2.64128	11.59	98.7047	0	0	33293	42294.1	48824.4	50884.5	0	0	0	0	0	0	154
DATA	12:34:47:000	2023-12-03	458190	13.4243	590.669	0.0974725	422.005	384.491	6.92084	0.0461425	12.0868	6.46094	30.0318	80.1839	255	0	0	11.4854	2.14375	2.64028	11.59	98.7026	0	0	33294.5	42294.6	48867	50885.2	0	0	0	0	0	0	122
DATA	12:34:48:000	2023-12-03	458490	13.4389	591.312	0.0975509	422.492	376.005	6.76809	0.0453794	11.8208	6.13744	30.0329	80.1789	255	0	0	11.4826	2.14353	2.64165	11.59	98.6966	0	0	33313.8	42294.7	48697.7	50875.4	0	0	0	0	0	0	248
DATA	12:34:49:000	2023-12-03	458790	13.4265	590.766	0.0974831	422.106	388.438	6.99188	0.0464943	12.2118	6.60956	30.0376	80.1793	255	0	0	11.4847	2.14353	2.6409	11.59	98.697	0	0	33301.3	42294.8	48776.7	50880.9	0	0	0	0	0	0	152
DATA	12:34:50:000	2023-12-03	459090	13.4872	593.437	0.0978176	424.014	370.052	6.66094	0.0448374	11.6338	5.90716	30.0447	80.1814	255	0	0	11.4833	2.14359	2.64003	11.59	98.7021	0	0	33272.6	42296.3	48955.2	50892.3	0	0	0	0	0	0	192
DATA	12:34:51:000	2023-12-03	459390	13.4441	591.54	0.0975811	422.663	383.961	6.9113	0.0460938	12.0712	6.44192	30.0527	80.1826	255	0	0	11.4854	2.14336	2.64003	11.59	98.6901	0	0	33284.6	42293.8	48847.4	50885.7	0	0	0	0	0	0	 96
DATA	12:34:52:000	2023-12-03	459690	13.4128	590.163	0.0974059	421.715	384.255	6.91659	0.0461201	12.0815	6.45339	30.0603	80.1778	255	0	0	11.4826	2.14336	2.64078	11.59	98.6907	0	0	33296.6	42294.1	48826.1	50883.1	0	0	0	0	0	0	204
DATA	12:34:53:000	2023-12-03	459990	13.4883	593.485	0.0978269	424.087	368.616	6.63509	0.0447096	11.5897	5.85208	30.0677	80.1802	255	0	0	11.4833	2.14333	2.64115	11.59	98.6998	0	0	33300.8	42298.3	48897.7	50893.1	0	0	0	0	0	0	 11
DATA	12:34:54:000	2023-12-03	460290	13.3515	587.466	0.0970668	419.772	391.646	7.04963	0.0467828	12.3134	6.73084	30.0726	80.1841	255	0	0	11.484	2.14352	2.63953	11.59	98.7004	0	0	33305.3	42296.5	48858.1	50888.4	0	0	0	0	0	0	168
DATA	12:34:55:000	2023-12-03	460590	13.4727	592.799	0.0977377	423.615	351.319	6.32374	0.0431231	11.0463	5.15984	30.0689	80.1769	255	0	0	11.484	2.14342	2.64153	11.59	98.7039	0	0	33284.6	42299	49007.9	50900.8	0	0	0	0	0	0	 65
DATA	12:34:56:000	2023-12-03	460890	13.5148	594.651	0.0979693	424.946	360.71	6.49278	0.0439857	11.3418	5.53895	30.0606	80.1734	255	0	0	11.4723	2.14315	2.64115	11.59	98.6926	0	0	33296.6	42297.4	48894.4	50891.6	0	0	0	0	0	0	198
DATA	12:34:57:000	2023-12-03	461190	13.394	589.336	0.0973019	421.082	390.544	7.02979	0.0466815	12.278	6.68886	30.0519	80.1836	255	0	0	11.4826	2.14321	2.64078	11.59	98.7023	0	0	33294.3	42300.8	48938	50898.2	0	0	0	0	0	0	 22
DATA	12:34:58:000	2023-12-03	461490	13.4589	592.192	0.0976598	423.183	354.306	6.37751	0.0433984	11.1403	5.28015	30.0401	80.1689	255	0	0	11.4819	2.14305	2.64003	11.59	98.6996	0	0	33300.4	42301.5	48929.5	50898.7	0	0	0	0	0	0	203
DATA	12:34:59:000	2023-12-03	461790	13.3978	589.503	0.0973217	421.181	379.982	6.83968	0.0457368	11.9453	6.28961	30.0275	80.181	255	0	0	11.4847	2.14309	2.63928	11.59	98.7072	0	0	33297.6	42304.3	48963.7	50903.9	0	0	0	0	0	0	205
DATA	12:35:00:000	2023-12-03	462090	13.3753	588.513	0.0971954	420.489	389.728	7.0151	0.0466086	12.2522	6.65639	30.009	80.1733	255	0	0	11.4833	2.14301	2.6409	11.59	98.7083	0	0	33298.2	42305.7	48975.8	50905.4	0	0	0	0	0	0	 43
DATA	12:35:01:000	2023-12-03	462390	13.444	591.536	0.097573	422.659	361.184	6.50131	0.0440283	11.3551	5.55457	29.9911	80.1666	255	0	0	11.4819	2.143	2.63941	11.59	98.705	0	0	33308.8	42304.4	48878.3	50899	0	0	0	0	0	0	104
DATA	12:35:02:000	2023-12-03	462690	13.3777	588.619	0.0972084	420.534	388.392	6.99106	0.0464888	12.2093	6.60488	29.9758	80.1703	255	0	0	11.4819	2.14263	2.64041	11.59	98.6983	0	0	33323	42305.9	48725.3	50891.2	0	0	0	0	0	0	140
DATA	12:35:03:000	2023-12-03	462990	13.4003	589.613	0.0973337	421.221	379.727	6.83509	0.045713	11.9362	6.2769	29.9652	80.1719	255	0	0	11.484	2.14302	2.63966	11.59	98.7137	0	0	33326.4	42307.8	48770.4	50895.8	0	0	0	0	0	0	 69
DATA	12:35:04:000	2023-12-03	463290	13.6522	600.697	0.0987365	429.099	350.534	6.30961	0.0430506	11.0175	5.12253	29.9593	80.1779	255	0	0	11.4819	2.14276	2.63853	11.59	98.7057	0	0	33293.7	42307.4	48922	50904.2	0	0	0	0	0	0	107
DATA	12:35:05:000	2023-12-03	463590	13.3721	588.372	0.0971783	420.309	395.57	7.12026	0.0471272	12.4335	6.87046	29.9581	80.175	255	0	0	11.4806	2.1427	2.64041	11.59	98.7066	0	0	33306.7	42308.5	48835.9	50901.3	0	0	0	0	0	0	 42
DATA	12:35:06:000	2023-12-03	463890	13.3248	586.291	0.0969151	418.812	402.111	7.238	0.0477067	12.6388	7.10966	29.9604	80.1774	255	0	0	11.4813	2.14291	2.63941	11.59	98.7121	0	0	33323.3	42308.5	48772	50896.9	0	0	0	0	0	0	 10
