Model:	 LI-7500
SN:	75D-4923
Timestamp:	Dec 3 2023 at 5:38:33
DATAH	Time	Date	Sequence Number	CO2 (mmol/m^3)	CO2 (mg/m^3)	CO2 Absorptance	CO2 (umol/mol)	H2O (mmol/m^3)	H2O (g/m^3)	H2O Absorptance	H2O (mmol/mol)	Dew Point (C)	Temperature (C)	Pressure (kPa)	Diagnostic Value	Diagnostic Value 2	Diagnostic Word	DSI Vin (v)	Cooler Voltage (v)	Chopper Cooler Voltage (v)	Smart Flux Vin (v)	CO2 Signal Strength	Integral	Peak Height	CO2 Sample	CO2 Reference	H2O Sample	H2O Reference	CH4 Seconds	CH4 Nano Seconds	CH4 (umol/mol)	CH4 (mmol/m^3)	CH4 Signal Strength (RSSI)	CH4 Diagnostic Value	CHK
DATA	11:38:34:000	2023-12-03	956280	13.2183	581.605	0.0963053	415.52	403.967	7.27141	0.0478633	12.6988	7.17102	29.8387	80.1347	255	0	0	9.31013	2.13359	2.6121	9.95	98.8644	0	0	33484.5	42481.6	48928.8	51081.2	0	0	0	0	0	0	 70
DATA	11:38:35:000	2023-12-03	956580	13.2138	581.407	0.0962757	415.464	402.708	7.24874	0.0477504	12.6618	7.12657	29.8619	80.1243	255	0	0	9.30463	2.13345	2.61322	9.95	98.8631	0	0	33486.3	42482.7	48924.2	51082.6	0	0	0	0	0	0	178
DATA	11:38:36:000	2023-12-03	956880	13.2107	581.271	0.0962598	415.383	406.799	7.32238	0.0481104	12.7909	7.27534	29.8862	80.1276	255	0	0	9.32181	2.13336	2.61434	9.95	98.8565	0	0	33487.6	42480.9	48891.1	51078	0	0	0	0	0	0	108
DATA	11:38:37:000	2023-12-03	957180	13.2108	581.275	0.0962639	415.379	409.711	7.3748	0.0483674	12.8823	7.38078	29.9104	80.1352	255	0	0	9.31494	2.13313	2.61272	9.95	98.8363	0	0	33481.5	42474.8	48886.7	51072.5	0	0	0	0	0	0	147
DATA	11:38:38:000	2023-12-03	957480	13.1876	580.254	0.0961343	414.671	419.215	7.54587	0.0491954	13.1818	7.71777	29.9345	80.1375	255	0	0	9.31494	2.13337	2.61422	9.95	98.8526	0	0	33489.2	42479.1	48844.1	51073.3	0	0	0	0	0	0	205
DATA	11:38:39:000	2023-12-03	957780	13.201	580.844	0.0962094	415.143	415.301	7.47542	0.0488553	13.0603	7.58144	29.9583	80.1341	255	0	0	9.295	2.13358	2.61497	9.95	98.8603	0	0	33487.4	42479.9	48863.7	51076	0	0	0	0	0	0	200
DATA	11:38:40:000	2023-12-03	958080	13.1865	580.206	0.0961278	414.712	421.216	7.58189	0.0493688	13.2471	7.78992	29.9822	80.1356	255	0	0	9.29363	2.13329	2.61572	9.95	98.8598	0	0	33490.6	42483.2	48836.4	51078.5	0	0	0	0	0	0	217
DATA	11:38:41:000	2023-12-03	958380	13.2003	580.813	0.0962018	415.198	418.977	7.54159	0.0491725	13.1784	7.71294	30.0068	80.132	255	0	0	9.29156	2.13327	2.61484	9.95	98.8527	0	0	33488.7	42480.3	48841.8	51075.3	0	0	0	0	0	0	130
DATA	11:38:42:000	2023-12-03	958680	13.1909	580.4	0.0961509	414.954	425.961	7.6673	0.0497776	13.3997	7.9567	30.0298	80.128	255	0	0	9.23519	2.13325	2.61609	9.95	98.8488	0	0	33489.1	42478.8	48824.1	51073.5	0	0	0	0	0	0	231
DATA	11:38:43:000	2023-12-03	958980	13.181	579.964	0.0960966	414.65	426.364	7.67455	0.0498132	13.4126	7.97157	30.0499	80.1319	255	0	0	9.27163	2.13314	2.61659	9.95	98.8366	0	0	33486.1	42474.8	48812.9	51069.1	0	0	0	0	0	0	115
DATA	11:38:44:000	2023-12-03	959280	13.1886	580.298	0.0961421	414.926	428.625	7.71525	0.0500095	13.485	8.05042	30.0728	80.1309	255	0	0	9.27231	2.13291	2.61621	9.95	98.8258	0	0	33483.9	42472.8	48794.2	51066.1	0	0	0	0	0	0	115
DATA	11:38:45:000	2023-12-03	959580	13.1816	579.99	0.0960999	414.728	434.674	7.82413	0.050527	13.676	8.25774	30.0952	80.1326	255	0	0	9.27919	2.13298	2.61671	9.95	98.8343	0	0	33486.7	42475.7	48775.5	51066.5	0	0	0	0	0	0	 84
DATA	11:38:46:000	2023-12-03	959880	13.1693	579.449	0.0960328	414.393	443.934	7.99081	0.0513176	13.9691	8.56966	30.1174	80.1283	255	0	0	9.28538	2.13302	2.61572	9.95	98.7197	0	0	33451.1	42426	48670.2	51010.6	0	0	0	0	0	0	 94
DATA	11:38:47:000	2023-12-03	960180	13.1765	579.766	0.0960733	414.623	443.326	7.97987	0.0512657	13.9501	8.55036	30.1366	80.1328	255	0	0	9.26406	2.13293	2.61634	9.95	98.7184	0	0	33449.6	42426.5	48681.8	51011.7	0	0	0	0	0	0	186
DATA	11:38:48:000	2023-12-03	960480	13.1832	580.061	0.0961099	414.894	441.259	7.94266	0.0510894	13.887	8.48247	30.1587	80.127	255	0	0	9.26613	2.13271	2.61597	9.95	98.7159	0	0	33448.7	42427.9	48689.5	51014.6	0	0	0	0	0	0	109
DATA	11:38:49:000	2023-12-03	960780	13.1838	580.087	0.0961142	414.931	443.688	7.98638	0.0512964	13.9641	8.56457	30.1809	80.1293	255	0	0	9.26819	2.13291	2.61734	9.95	98.7129	0	0	33447.7	42424.3	48673.7	51010.2	0	0	0	0	0	0	197
DATA	11:38:50:000	2023-12-03	961080	13.1775	579.81	0.0960783	414.742	448.606	8.07491	0.0517131	14.1192	8.72843	30.2015	80.133	255	0	0	9.26956	2.1328	2.61621	9.95	98.698	0	0	33442.7	42419.2	48648.3	51003.3	0	0	0	0	0	0	204
DATA	11:38:51:000	2023-12-03	961380	13.1679	579.388	0.0960247	414.469	447.454	8.05417	0.0516159	14.0839	8.69145	30.2225	80.1328	255	0	0	9.2565	2.13288	2.61908	9.95	98.6978	0	0	33446.4	42418.2	48649.8	51002.5	0	0	0	0	0	0	153
DATA	11:38:52:000	2023-12-03	961680	13.1707	579.511	0.0960407	414.588	450.239	8.1043	0.0518515	14.1727	8.78406	30.2404	80.1316	255	0	0	9.24275	2.13303	2.61796	9.95	98.702	0	0	33444.3	42418.3	48636.7	51001.6	0	0	0	0	0	0	 33
DATA	11:38:53:000	2023-12-03	961980	13.1603	579.053	0.0959827	414.272	454.229	8.17612	0.0521884	14.2986	8.91567	30.262	80.1351	255	0	0	9.23313	2.1328	2.61696	9.95	98.7014	0	0	33447.9	42420.7	48625.2	51004	0	0	0	0	0	0	218
DATA	11:38:54:000	2023-12-03	962280	13.1636	579.198	0.0960004	414.44	453.093	8.15567	0.0520921	14.2651	8.8797	30.2845	80.1287	255	0	0	9.2455	2.13276	2.61821	9.95	98.6935	0	0	33445.8	42417.7	48626.6	51001.6	0	0	0	0	0	0	 21
DATA	11:38:55:000	2023-12-03	962580	13.1791	579.88	0.096089	414.96	453.142	8.15656	0.052097	14.2677	8.88234	30.3057	80.1281	255	0	0	9.24206	2.13289	2.61833	9.95	98.7016	0	0	33444.2	42419.7	48627.7	51003.8	0	0	0	0	0	0	240
DATA	11:38:56:000	2023-12-03	962880	13.1746	579.682	0.0960611	414.852	454.876	8.18777	0.0522413	14.3235	8.93985	30.3255	80.1269	255	0	0	9.22763	2.13255	2.61883	9.95	98.6821	0	0	33441.2	42415.2	48616.8	50997.9	0	0	0	0	0	0	209
DATA	11:38:57:000	2023-12-03	963180	13.1573	578.921	0.0959664	414.307	459.537	8.27167	0.0526349	14.4703	9.09165	30.3407	80.1308	255	0	0	9.22763	2.13256	2.61771	9.95	98.6835	0	0	33443.9	42415.8	48596	50998.9	0	0	0	0	0	0	117
DATA	11:38:58:000	2023-12-03	963480	13.1724	579.586	0.0960509	414.81	458.517	8.25331	0.0525488	14.4391	9.05964	30.3597	80.1306	255	0	0	9.23931	2.13249	2.61746	9.95	98.6976	0	0	33446.3	42422.6	48604	51005.3	0	0	0	0	0	0	 38
DATA	11:38:59:000	2023-12-03	963780	13.1602	579.049	0.0959787	414.462	467.61	8.41698	0.0533064	14.7267	9.35196	30.3782	80.1284	255	0	0	9.23381	2.13245	2.61846	9.95	98.689	0	0	33449.8	42419.3	48544.5	50998.9	0	0	0	0	0	0	135
DATA	11:39:00:000	2023-12-03	964080	13.16	579.04	0.0959792	414.505	462.486	8.32475	0.0528802	14.5671	9.18922	30.3957	80.1236	255	0	0	9.22006	2.13269	2.61933	9.95	98.6909	0	0	33444.4	42417.4	48588.2	50998.5	0	0	0	0	0	0	 38
DATA	11:39:01:000	2023-12-03	964380	13.1578	578.943	0.0959666	414.456	468.253	8.42855	0.0533609	14.7495	9.37413	30.414	80.1244	255	0	0	9.21181	2.13232	2.61896	9.95	98.679	0	0	33450.5	42416.6	48506.8	50993.7	0	0	0	0	0	0	 99
DATA	11:39:02:000	2023-12-03	964680	13.1433	578.305	0.0958866	414.021	478.098	8.60576	0.0541786	15.0604	9.68447	30.4295	80.1243	255	0	0	9.218	2.13254	2.61883	9.95	98.6852	0	0	33449.9	42416.7	48512.8	50994.7	0	0	0	0	0	0	102
DATA	11:39:03:000	2023-12-03	964980	13.1428	578.283	0.0958822	414.051	471.941	8.49494	0.053668	14.8681	9.49243	30.448	80.1203	255	0	0	9.21113	2.13265	2.61996	9.95	98.6887	0	0	33445.9	42416.9	48546.8	50996.2	0	0	0	0	0	0	114
DATA	11:39:04:000	2023-12-03	965280	13.1602	579.049	0.0959823	414.556	471.445	8.48601	0.053628	14.8509	9.4777	30.4666	80.1336	255	0	0	9.20425	2.13265	2.62008	9.95	98.6797	0	0	33442.6	42413.1	48531.1	50992	0	0	0	0	0	0	231
DATA	11:39:05:000	2023-12-03	965580	13.1568	578.899	0.0959619	414.51	472.672	8.5081	0.053729	14.8917	9.51722	30.484	80.1264	255	0	0	9.19188	2.13267	2.62008	9.95	98.6744	0	0	33441.4	42410.6	48529.6	50989.2	0	0	0	0	0	0	  9
DATA	11:39:06:000	2023-12-03	965880	13.1463	578.437	0.0959063	414.167	478.353	8.61035	0.0542015	15.0702	9.69595	30.5016	80.1335	255	0	0	9.19394	2.13245	2.61996	9.95	98.6708	0	0	33445.1	42411.6	48506.8	50987.9	0	0	0	0	0	0	193
DATA	11:39:07:000	2023-12-03	966180	13.1485	578.534	0.0959182	414.25	478.233	8.60819	0.0541914	15.067	9.69309	30.5195	80.1355	255	0	0	9.20356	2.13269	2.62045	9.95	98.6696	0	0	33440.1	42408.3	48503.6	50985.7	0	0	0	0	0	0	 86
DATA	11:39:08:000	2023-12-03	966480	13.1444	578.354	0.0958969	414.136	480.866	8.65559	0.0544098	15.1505	9.77561	30.5336	80.1363	255	0	0	9.20013	2.13253	2.62033	9.95	98.6722	0	0	33442.9	42411.3	48494.8	50987.3	0	0	0	0	0	0	189
DATA	11:39:09:000	2023-12-03	966780	13.1506	578.626	0.0959302	414.362	480.284	8.64511	0.0543609	15.1333	9.75838	30.5504	80.1348	255	0	0	9.18156	2.13263	2.62045	9.95	98.675	0	0	33443.3	42411.3	48495.9	50988	0	0	0	0	0	0	 32
DATA	11:39:10:000	2023-12-03	967080	13.1485	578.534	0.0959194	414.323	483.746	8.70743	0.0546465	15.2433	9.86634	30.5678	80.1342	255	0	0	9.18088	2.13251	2.62058	9.95	98.6775	0	0	33445.2	42413.8	48483.5	50991.2	0	0	0	0	0	0	196
DATA	11:39:11:000	2023-12-03	967380	13.1509	578.64	0.0959324	414.435	484.829	8.72692	0.0547352	15.2788	9.90049	30.5838	80.1313	255	0	0	9.18569	2.13238	2.62058	9.95	98.6771	0	0	33445.7	42415	48478.1	50990	0	0	0	0	0	0	223
DATA	11:39:12:000	2023-12-03	967680	13.155	578.82	0.0959553	414.585	485.45	8.7381	0.0547862	15.2991	9.9204	30.6002	80.1316	255	0	0	9.17744	2.13252	2.62232	9.95	98.6632	0	0	33440.1	42407.4	48466.9	50981.6	0	0	0	0	0	0	180
DATA	11:39:13:000	2023-12-03	967980	13.148	578.512	0.0959154	414.391	485.904	8.74627	0.0548233	15.3144	9.93515	30.6163	80.1308	255	0	0	9.15888	2.1323	2.6217	9.95	98.6495	0	0	33438.7	42404.1	48460.6	50979.7	0	0	0	0	0	0	 45
DATA	11:39:14:000	2023-12-03	968280	13.1493	578.569	0.0959241	414.445	490.279	8.82502	0.0551826	15.4528	10.0696	30.6285	80.1314	255	0	0	9.15613	2.13233	2.62208	9.95	98.657	0	0	33439.8	42407	48450.4	50978.9	0	0	0	0	0	0	 35
DATA	11:39:15:000	2023-12-03	968580	13.146	578.424	0.0959062	414.357	491.854	8.85337	0.0553123	15.5031	10.1183	30.6432	80.1322	255	0	0	9.16369	2.13219	2.62245	9.95	98.6522	0	0	33440.6	42406.6	48440.5	50978.4	0	0	0	0	0	0	 97
DATA	11:39:16:000	2023-12-03	968880	13.1315	577.786	0.0958254	413.936	494.93	8.90874	0.0555641	15.6014	10.2122	30.658	80.1291	255	0	0	9.16575	2.1323	2.6227	9.95	98.6475	0	0	33441.7	42403.2	48412.7	50974	0	0	0	0	0	0	129
DATA	11:39:17:000	2023-12-03	969180	13.1316	577.79	0.0958238	413.951	500.658	9.01184	0.0560286	15.7824	10.3852	30.6731	80.1308	255	0	0	9.141	2.13241	2.6232	9.95	98.6544	0	0	33441.8	42404.9	48406.6	50973.8	0	0	0	0	0	0	209
DATA	11:39:18:000	2023-12-03	969480	13.1358	577.975	0.0958505	414.09	502.018	9.03632	0.0561411	15.8255	10.4266	30.6886	80.1337	255	0	0	9.10113	2.13236	2.62519	9.95	98.6571	0	0	33442.6	42406.7	48395	50974.1	0	0	0	0	0	0	 13
DATA	11:39:19:000	2023-12-03	969780	13.1329	577.848	0.0958331	414.036	500.388	9.00698	0.0560082	15.7756	10.3787	30.7045	80.1305	255	0	0	9.14444	2.1322	2.62245	9.95	98.6481	0	0	33440.6	42404.7	48392.1	50972.2	0	0	0	0	0	0	113
DATA	11:39:20:000	2023-12-03	970080	13.1292	577.685	0.0958097	413.965	496.651	8.93972	0.0557025	15.6595	10.2672	30.72	80.1258	255	0	0	9.15681	2.13228	2.62295	9.95	98.6452	0	0	33441.1	42402.4	48413.3	50972.8	0	0	0	0	0	0	 75
DATA	11:39:21:000	2023-12-03	970380	13.14	578.16	0.0958743	414.273	497.055	8.94699	0.0557377	15.671	10.2801	30.7351	80.1361	255	0	0	9.1465	2.13247	2.62357	9.95	98.6511	0	0	33438.5	42402.8	48408.9	50973.1	0	0	0	0	0	0	172
DATA	11:39:22:000	2023-12-03	970680	13.1323	577.821	0.0958311	414.069	502.289	9.0412	0.0561634	15.8375	10.4378	30.7498	80.1325	255	0	0	9.1245	2.1324	2.6237	9.95	98.642	0	0	33436.9	42399.7	48389.1	50968.5	0	0	0	0	0	0	174
DATA	11:39:23:000	2023-12-03	970980	13.1441	578.34	0.0958927	414.517	501.471	9.02648	0.0560933	15.8146	10.414	30.7636	80.1214	255	0	0	9.11763	2.13233	2.6237	9.95	98.6408	0	0	33435.1	42400.1	48387.5	50968.7	0	0	0	0	0	0	249
DATA	11:39:24:000	2023-12-03	971280	13.1451	578.384	0.0959011	414.525	502.543	9.04577	0.0561824	15.8475	10.4467	30.777	80.1296	255	0	0	9.12863	2.1325	2.62395	9.95	98.6405	0	0	33435	42397.9	48389.6	50966.8	0	0	0	0	0	0	250
DATA	11:39:25:000	2023-12-03	971580	13.1364	578.002	0.0958517	414.293	506.681	9.12026	0.0565171	15.9796	10.5703	30.7898	80.1247	255	0	0	9.12313	2.13252	2.62432	9.95	98.6414	0	0	33436.6	42398.1	48362.8	50964.8	0	0	0	0	0	0	167
DATA	11:39:26:000	2023-12-03	971880	13.1202	577.289	0.0957583	413.841	514.961	9.2693	0.0571832	16.243	10.8143	30.8026	80.1167	255	0	0	9.10938	2.13232	2.62457	9.95	98.6385	0	0	33438.2	42399.2	48343.9	50964.5	0	0	0	0	0	0	 77
DATA	11:39:27:000	2023-12-03	972180	13.1483	578.525	0.095917	414.705	504.685	9.08433	0.0563545	15.9181	10.5123	30.8155	80.1243	255	0	0	9.10181	2.13211	2.62582	9.95	98.6339	0	0	33435.4	42399.6	48374.3	50967.6	0	0	0	0	0	0	113
DATA	11:39:28:000	2023-12-03	972480	13.1324	577.826	0.0958282	414.254	507.502	9.13504	0.0565827	16.0088	10.5963	30.8255	80.1173	255	0	0	9.12656	2.13232	2.62594	9.95	98.6363	0	0	33436.5	42398.2	48357.1	50965.1	0	0	0	0	0	0	169
DATA	11:39:29:000	2023-12-03	972780	13.1318	577.799	0.0958254	414.21	510.532	9.18958	0.056828	16.1035	10.6861	30.834	80.1243	255	0	0	9.11419	2.13245	2.62544	9.95	98.6342	0	0	33436.6	42395.8	48345.8	50961.4	0	0	0	0	0	0	 26
DATA	11:39:30:000	2023-12-03	973080	13.1389	578.112	0.095866	414.461	510.75	9.1935	0.0568458	16.1114	10.6931	30.8458	80.1222	255	0	0	9.09975	2.13218	2.62731	9.95	98.6308	0	0	33434.6	42397.5	48348.8	50963.7	0	0	0	0	0	0	 27
DATA	11:39:31:000	2023-12-03	973380	13.1389	578.112	0.0958651	414.469	513.563	9.24413	0.0570715	16.2004	10.7762	30.8574	80.1237	255	0	0	9.0915	2.13203	2.62619	9.95	98.6189	0	0	33432.8	42394.1	48331.2	50960.2	0	0	0	0	0	0	 94
DATA	11:39:32:000	2023-12-03	973680	13.139	578.116	0.0958706	414.466	516.129	9.29032	0.0572813	16.2812	10.8517	30.869	80.1279	255	0	0	9.08806	2.13205	2.62569	9.95	98.6253	0	0	33434.1	42396.6	48321	50960.9	0	0	0	0	0	0	232
DATA	11:39:33:000	2023-12-03	973980	13.1303	577.733	0.0958149	414.251	515.807	9.28453	0.0572508	16.2733	10.8428	30.8804	80.1194	255	0	0	9.08256	2.13246	2.62706	9.95	98.6317	0	0	33434	42394.6	48320.7	50958.9	0	0	0	0	0	0	 80
DATA	11:39:34:000	2023-12-03	974280	13.1233	577.425	0.0957776	414.033	516.095	9.28971	0.0572756	16.2825	10.8518	30.8923	80.122	255	0	0	9.086	2.13241	2.62669	9.95	98.6297	0	0	33434	42394.4	48316.6	50958.2	0	0	0	0	0	0	192
DATA	11:39:35:000	2023-12-03	974580	13.1202	577.289	0.0957584	413.991	518.841	9.33914	0.0574946	16.3714	10.9322	30.9036	80.1142	255	0	0	9.06813	2.13243	2.62631	9.95	98.627	0	0	33435	42393	48304.3	50956.5	0	0	0	0	0	0	176
DATA	11:39:36:000	2023-12-03	974880	13.1185	577.214	0.0957457	413.978	505.88	9.10584	0.0564488	15.964	10.5528	30.9172	80.1099	255	0	0	9.06538	2.13257	2.62756	9.95	98.648	0	0	33442.3	42400.3	48366.8	50966.4	0	0	0	0	0	0	 60
DATA	11:39:37:000	2023-12-03	975180	13.132	577.808	0.0958236	414.365	508.613	9.15503	0.0566711	16.0487	10.6342	30.9272	80.1201	255	0	0	9.07363	2.13234	2.62669	9.95	98.6333	0	0	33436.1	42396.7	48351.5	50962.5	0	0	0	0	0	0	103
DATA	11:39:38:000	2023-12-03	975480	13.1237	577.443	0.0957816	414.102	518.17	9.32706	0.0574431	16.3502	10.9146	30.9413	80.124	255	0	0	9.075	2.13234	2.62843	9.95	98.6287	0	0	33435.1	42394.7	48308	50956.8	0	0	0	0	0	0	111
DATA	11:39:39:000	2023-12-03	975780	13.1203	577.293	0.0957572	414.012	491.577	8.84839	0.0552865	15.5118	10.1252	30.9552	80.1243	255	0	0	9.06056	2.13204	2.62731	9.95	98.5859	0	0	33422.9	42379.8	48391.3	50945.9	0	0	0	0	0	0	186
DATA	11:39:40:000	2023-12-03	976080	13.1355	577.962	0.0958507	414.435	507.348	9.13226	0.0565738	16.0072	10.5988	30.9686	80.1389	255	0	0	9.05713	2.13235	2.62856	9.95	98.6182	0	0	33431.4	42390	48374.6	50956.3	0	0	0	0	0	0	 92
DATA	11:39:41:000	2023-12-03	976380	13.1336	577.878	0.0958393	414.388	515.507	9.27913	0.0572311	16.2651	10.8391	30.9812	80.1397	255	0	0	9.06262	2.13248	2.62769	9.95	98.6141	0	0	33426.6	42386.8	48299.8	50950	0	0	0	0	0	0	106
DATA	11:39:42:000	2023-12-03	976680	13.1153	577.073	0.0957338	413.836	495.274	8.91493	0.0555918	15.6277	10.2392	30.9938	80.138	255	0	0	9.00075	2.13264	2.62744	9.95	98.6103	0	0	33426.4	42383.4	48344.4	50948.8	0	0	0	0	0	0	141
DATA	11:39:43:000	2023-12-03	976980	13.1466	578.45	0.0959139	414.854	513.418	9.24152	0.057064	16.2014	10.7793	31.0062	80.1355	255	0	0	9.03925	2.13245	2.62819	9.95	98.6034	0	0	33419.9	42382.6	48325.4	50947.8	0	0	0	0	0	0	 71
DATA	11:39:44:000	2023-12-03	977280	13.1392	578.125	0.0958709	414.63	517.291	9.31124	0.0573742	16.324	10.8929	31.0188	80.1369	255	0	0	9.03306	2.13241	2.62831	9.95	98.6065	0	0	33424.6	42384.4	48302.4	50949.2	0	0	0	0	0	0	 52
DATA	11:39:45:000	2023-12-03	977580	13.1453	578.393	0.0959039	414.843	517.399	9.31318	0.0573818	16.3282	10.8965	31.0276	80.1353	255	0	0	9.03031	2.13241	2.62893	9.95	98.6148	0	0	33424.9	42388	48305.9	50951.7	0	0	0	0	0	0	 95
DATA	11:39:46:000	2023-12-03	977880	13.1335	577.874	0.0958403	414.463	517.422	9.3136	0.0573859	16.3286	10.8976	31.036	80.139	255	0	0	9.03994	2.13242	2.63006	9.95	98.593	0	0	33419.6	42378.4	48298.8	50943	0	0	0	0	0	0	159
DATA	11:39:47:000	2023-12-03	978180	13.1443	578.349	0.0959024	414.797	518.862	9.33952	0.0575021	16.3738	10.9399	31.0464	80.143	255	0	0	9.02413	2.13256	2.62968	9.95	98.5918	0	0	33416.7	42376.3	48289	50938.2	0	0	0	0	0	0	 58
DATA	11:39:48:000	2023-12-03	978480	13.1456	578.406	0.0959075	414.886	518.466	9.33239	0.0574687	16.3632	10.9289	31.057	80.1366	255	0	0	8.99938	2.13269	2.63031	9.95	98.5957	0	0	33415.8	42376.5	48291.6	50937.8	0	0	0	0	0	0	193
DATA	11:39:49:000	2023-12-03	978780	13.1477	578.499	0.0959214	414.942	518.01	9.32418	0.0574338	16.3484	10.9162	31.067	80.1412	255	0	0	8.98975	2.1325	2.62981	9.95	98.5959	0	0	33417.7	42378.8	48294.8	50941.4	0	0	0	0	0	0	 75
DATA	11:39:50:000	2023-12-03	979080	13.1432	578.301	0.0958917	414.882	517.305	9.31149	0.0573737	16.3294	10.8962	31.0781	80.1282	255	0	0	9.08738	2.13245	2.63118	9.95	98.5863	0	0	33417.1	42375.3	48286.7	50936.5	0	0	0	0	0	0	183
DATA	11:39:51:000	2023-12-03	979380	13.1383	578.085	0.0958648	414.725	520.733	9.37319	0.057649	16.4375	10.9962	31.0891	80.1316	255	0	0	9.08806	2.1325	2.6308	9.95	98.5911	0	0	33417.8	42376.7	48285	50938.5	0	0	0	0	0	0	211
DATA	11:39:52:000	2023-12-03	979680	13.1358	577.975	0.095851	414.666	517.174	9.30913	0.057364	16.326	10.8935	31.1	80.1306	255	0	0	9.075	2.13245	2.6313	9.95	98.5875	0	0	33416.6	42375.7	48313.2	50937.4	0	0	0	0	0	0	230
DATA	11:39:53:000	2023-12-03	979980	13.1327	577.839	0.0958382	414.566	527.936	9.50285	0.0582276	16.6656	11.2042	31.1116	80.1341	255	0	0	9.05575	2.13292	2.63093	9.95	98.5995	0	0	33417.3	42375.6	48248.9	50934.6	0	0	0	0	0	0	207
DATA	11:39:54:000	2023-12-03	980280	13.1453	578.393	0.0959046	414.982	523.609	9.42496	0.0578791	16.5297	11.0808	31.1233	80.1337	255	0	0	9.07363	2.13267	2.63205	9.95	98.5875	0	0	33413.6	42373.2	48250.1	50932.3	0	0	0	0	0	0	171
DATA	11:39:55:000	2023-12-03	980580	13.1418	578.239	0.0958844	414.91	530.669	9.55204	0.0584412	16.7542	11.2831	31.1314	80.1283	255	0	0	9.06194	2.13283	2.6308	9.95	98.5913	0	0	33414.5	42373	48237.8	50931.5	0	0	0	0	0	0	216
DATA	11:39:56:000	2023-12-03	980880	13.1522	578.697	0.0959435	415.246	529.89	9.53802	0.0583798	16.7299	11.2615	31.1421	80.1297	255	0	0	9.04819	2.13263	2.63118	9.95	98.589	0	0	33414	42374.3	48249.4	50933.7	0	0	0	0	0	0	 11
DATA	11:39:57:000	2023-12-03	981180	13.1541	578.78	0.0959542	415.332	531.115	9.56007	0.0584769	16.7696	11.2969	31.153	80.1275	255	0	0	8.97256	2.13294	2.6318	9.95	98.6	0	0	33413.8	42375.5	48219.7	50932.5	0	0	0	0	0	0	145
DATA	11:39:58:000	2023-12-03	981480	13.164	579.216	0.0960091	415.656	534.242	9.61636	0.0587244	16.8688	11.3859	31.1628	80.1279	255	0	0	9.05438	2.1329	2.63155	9.95	98.5932	0	0	33410.8	42373	48223.2	50931.1	0	0	0	0	0	0	232
DATA	11:39:59:000	2023-12-03	981780	13.1454	578.398	0.0959078	415.06	541.087	9.73957	0.0592682	17.0846	11.5788	31.1728	80.1323	255	0	0	9.04681	2.13277	2.63118	9.95	98.588	0	0	33413.2	42372.3	48196.1	50928.2	0	0	0	0	0	0	107
DATA	11:40:00:000	2023-12-03	982080	13.1508	578.635	0.0959367	415.255	539.384	9.70891	0.0591329	17.0318	11.5316	31.1817	80.1299	255	0	0	9.04475	2.13286	2.63205	9.95	98.5875	0	0	33412	42371.1	48192.7	50926.1	0	0	0	0	0	0	 67
DATA	11:40:01:000	2023-12-03	982380	13.1535	578.754	0.0959557	415.338	541.697	9.75055	0.059318	17.1048	11.5968	31.1911	80.1328	255	0	0	8.95263	2.13291	2.63367	9.95	98.5857	0	0	33408.8	42369.7	48187.5	50924.8	0	0	0	0	0	0	160
DATA	11:40:02:000	2023-12-03	982680	13.1596	579.022	0.0959887	415.52	535.31	9.63558	0.0588123	16.9026	11.418	31.2006	80.1374	255	0	0	8.96088	2.13307	2.63218	9.95	98.5888	0	0	33407.7	42369.2	48201.9	50925.1	0	0	0	0	0	0	 20
DATA	11:40:03:000	2023-12-03	982980	13.1654	579.278	0.0960218	415.695	538.43	9.69174	0.0590594	17.0008	11.5063	31.2108	80.1415	255	0	0	8.96706	2.13314	2.63242	9.95	98.5839	0	0	33407.5	42366.3	48183.6	50921	0	0	0	0	0	0	 15
DATA	11:40:04:000	2023-12-03	983280	13.1625	579.15	0.0960073	415.614	540.512	9.72922	0.0592251	17.067	11.5651	31.2201	80.142	255	0	0	8.96156	2.13284	2.63267	9.95	98.5779	0	0	33408.8	42367.2	48176.9	50920.3	0	0	0	0	0	0	246
DATA	11:40:05:000	2023-12-03	983580	13.1585	578.974	0.095981	415.512	542.815	9.77067	0.0594039	17.1407	11.6299	31.2296	80.1398	255	0	0	8.93269	2.13306	2.63255	9.95	98.5886	0	0	33407.8	42369.2	48165.2	50921.5	0	0	0	0	0	0	155
DATA	11:40:06:000	2023-12-03	983880	13.1588	578.987	0.0959863	415.517	549.682	9.89428	0.0599463	17.3574	11.8206	31.2375	80.1427	255	0	0	8.93406	2.13295	2.63367	9.95	98.5756	0	0	33405.4	42364.9	48147.1	50916.5	0	0	0	0	0	0	233
DATA	11:40:07:000	2023-12-03	984180	13.1624	579.146	0.0960059	415.658	548.757	9.87763	0.0598733	17.3293	11.7956	31.2483	80.1403	255	0	0	8.93956	2.1332	2.63342	9.95	98.5835	0	0	33405.1	42365.5	48145.6	50918.1	0	0	0	0	0	0	143
DATA	11:40:08:000	2023-12-03	984480	13.1621	579.132	0.0960046	415.682	549.652	9.89374	0.059944	17.359	11.8208	31.258	80.1365	255	0	0	8.93819	2.13294	2.63479	9.95	98.5711	0	0	33401.7	42363.1	48139.1	50913	0	0	0	0	0	0	185
DATA	11:40:09:000	2023-12-03	984780	13.1657	579.291	0.0960228	415.83	548.71	9.87678	0.0598684	17.3307	11.7953	31.2677	80.1323	255	0	0	8.91687	2.13305	2.63355	9.95	98.5858	0	0	33405.8	42368.1	48147.4	50919.9	0	0	0	0	0	0	124
DATA	11:40:10:000	2023-12-03	985080	13.1667	579.335	0.0960282	415.847	547.63	9.85734	0.0597836	17.2959	11.766	31.2779	80.1378	255	0	0	8.92444	2.1331	2.6343	9.95	98.5759	0	0	33402.2	42363.3	48155	50914.1	0	0	0	0	0	0	145
DATA	11:40:11:000	2023-12-03	985380	13.1654	579.278	0.0960246	415.79	545.198	9.81356	0.0595953	17.2185	11.699	31.2864	80.1432	255	0	0	8.92856	2.13322	2.63517	9.95	98.5778	0	0	33403.5	42362.7	48157.3	50916.3	0	0	0	0	0	0	 98
DATA	11:40:12:000	2023-12-03	985680	13.1542	578.785	0.0959569	415.489	539.446	9.71003	0.0591386	17.039	11.539	31.2958	80.1355	255	0	0	8.92856	2.13324	2.63492	9.95	98.5789	0	0	33403.5	42362.9	48165.3	50915.3	0	0	0	0	0	0	107
DATA	11:40:13:000	2023-12-03	985980	13.1598	579.031	0.0959934	415.663	551.992	9.93586	0.0601288	17.4351	11.8876	31.3057	80.1387	255	0	0	8.9155	2.13322	2.63517	9.95	98.5847	0	0	33404.9	42365.7	48128.8	50914.6	0	0	0	0	0	0	160
DATA	11:40:14:000	2023-12-03	986280	13.1668	579.339	0.0960301	415.898	548.886	9.87995	0.0598832	17.3376	11.8026	31.3164	80.1387	255	0	0	8.90038	2.13306	2.63479	9.95	98.5761	0	0	33401.6	42363.9	48143.6	50914.3	0	0	0	0	0	0	209
DATA	11:40:15:000	2023-12-03	986580	13.1749	579.696	0.0960736	416.201	550.593	9.91067	0.0600151	17.3935	11.8501	31.326	80.1322	255	0	0	8.8825	2.13346	2.63567	9.95	98.5789	0	0	33397.8	42360.5	48130.4	50910.8	0	0	0	0	0	0	 69
DATA	11:40:16:000	2023-12-03	986880	13.1823	580.021	0.09612	416.387	550.869	9.91564	0.0600407	17.4002	11.8581	31.3331	80.1433	255	0	0	8.90038	2.13331	2.63554	9.95	98.5745	0	0	33396.3	42360.2	48132.6	50910.5	0	0	0	0	0	0	 21
DATA	11:40:17:000	2023-12-03	987180	13.1679	579.388	0.0960388	415.969	550.516	9.90929	0.0600127	17.3906	11.8487	31.3405	80.1381	255	0	0	8.89075	2.13335	2.63442	9.95	98.5718	0	0	33396.2	42358.7	48138.5	50907.7	0	0	0	0	0	0	212
DATA	11:40:18:000	2023-12-03	987480	13.1746	579.682	0.096075	416.233	555.272	9.9949	0.0603838	17.543	11.9796	31.3495	80.1305	255	0	0	8.87563	2.13324	2.63629	9.95	98.5697	0	0	33398	42359	48099.3	50907.5	0	0	0	0	0	0	138
DATA	11:40:19:000	2023-12-03	987780	13.181	579.964	0.0961131	416.406	555.623	10.0012	0.0604127	17.5529	11.9896	31.3586	80.1385	255	0	0	8.86738	2.13346	2.63617	9.95	98.5713	0	0	33397.9	42357.2	48072.3	50903.8	0	0	0	0	0	0	127
DATA	11:40:20:000	2023-12-03	988080	13.1582	578.961	0.095982	415.724	572.386	10.3029	0.0617122	18.0841	12.4418	31.3668	80.1333	255	0	0	8.87906	2.13337	2.63766	9.95	98.5685	0	0	33398.3	42357	48032.2	50899.5	0	0	0	0	0	0	 33
DATA	11:40:21:000	2023-12-03	988380	13.1645	579.238	0.0960176	415.935	567.832	10.221	0.0613605	17.9408	12.3207	31.3761	80.1333	255	0	0	8.877	2.13345	2.63704	9.95	98.5715	0	0	33395.2	42357.3	48074.3	50902.8	0	0	0	0	0	0	249
DATA	11:40:22:000	2023-12-03	988680	13.173	579.612	0.0960662	416.206	564.053	10.153	0.0610677	17.8215	12.2196	31.3845	80.1352	255	0	0	8.86669	2.1336	2.63779	9.95	98.5746	0	0	33396.4	42356.9	48069.7	50902.1	0	0	0	0	0	0	 22
DATA	11:40:23:000	2023-12-03	988980	13.1693	579.449	0.0960464	416.096	564.785	10.1661	0.0611255	17.8449	12.2398	31.3938	80.1363	255	0	0	8.85638	2.1334	2.63766	9.95	98.5666	0	0	33395.1	42355.9	48069.8	50901.8	0	0	0	0	0	0	165
DATA	11:40:24:000	2023-12-03	989280	13.1728	579.603	0.0960638	416.24	566.167	10.191	0.0612308	17.89	12.2774	31.402	80.132	255	0	0	8.86875	2.13358	2.63903	9.95	98.5695	0	0	33393.2	42355	48062.8	50899.7	0	0	0	0	0	0	 32
DATA	11:40:25:000	2023-12-03	989580	13.1722	579.577	0.0960638	416.202	566.268	10.1928	0.0612413	17.8924	12.2805	31.4107	80.138	255	0	0	8.85706	2.13347	2.63754	9.95	98.5621	0	0	33392.9	42353.1	48042	50895.7	0	0	0	0	0	0	 17
DATA	11:40:26:000	2023-12-03	989880	13.1641	579.22	0.0960181	415.953	575.208	10.3537	0.0619323	18.1752	12.5194	31.4198	80.1389	255	0	0	8.84606	2.13374	2.63716	9.95	98.5659	0	0	33393.2	42351.6	48011.6	50893.2	0	0	0	0	0	0	119
DATA	11:40:27:000	2023-12-03	990180	13.1741	579.66	0.0960734	416.289	571.942	10.295	0.0616794	18.0728	12.4331	31.4288	80.1374	255	0	0	8.82681	2.13375	2.63766	9.95	98.5597	0	0	33389.2	42348.9	48032.2	50891.3	0	0	0	0	0	0	 89
DATA	11:40:28:000	2023-12-03	990480	13.1543	578.789	0.0959628	415.671	586.601	10.5588	0.0628073	18.5364	12.8194	31.4359	80.1379	255	0	0	8.82544	2.13385	2.63729	9.95	98.5768	0	0	33400	42355	47942.7	50891.6	0	0	0	0	0	0	 19
DATA	11:40:29:000	2023-12-03	990780	13.1821	580.012	0.0961192	416.549	577.042	10.3868	0.0620736	18.2343	12.5691	31.4432	80.1399	255	0	0	8.83231	2.13395	2.63766	9.95	98.5589	0	0	33386.9	42346.2	48008	50886	0	0	0	0	0	0	233
DATA	11:40:30:000	2023-12-03	991080	13.161	579.084	0.0960028	415.891	585.144	10.5326	0.0626975	18.4907	12.7822	31.4522	80.1405	255	0	0	8.83025	2.13402	2.63878	9.95	98.563	0	0	33390.8	42347.2	47975.4	50885.2	0	0	0	0	0	0	 55
DATA	11:40:31:000	2023-12-03	991380	13.1591	579	0.0959887	415.877	584.693	10.5245	0.0626604	18.4785	12.7709	31.4619	80.1343	255	0	0	8.81306	2.13391	2.63779	9.95	98.5576	0	0	33387.7	42346.1	47994.4	50884.6	0	0	0	0	0	0	 22
DATA	11:40:32:000	2023-12-03	991680	13.1748	579.691	0.0960774	416.401	576.454	10.3762	0.0620275	18.2193	12.5549	31.4709	80.1312	255	0	0	8.81169	2.13395	2.64016	9.95	98.5647	0	0	33386.9	42348.8	48009.5	50888.8	0	0	0	0	0	0	190
DATA	11:40:33:000	2023-12-03	991980	13.1776	579.814	0.0960904	416.515	573.995	10.3319	0.061836	18.1427	12.4902	31.4795	80.1286	255	0	0	8.81994	2.13383	2.63928	9.95	98.5586	0	0	33386	42347.4	48016.5	50887.6	0	0	0	0	0	0	 61
DATA	11:40:34:000	2023-12-03	992280	13.1552	578.829	0.0959623	415.817	556.086	10.0095	0.0604447	17.5771	12.0087	31.4882	80.129	255	0	0	8.81925	2.13424	2.6409	9.95	98.5671	0	0	33388.8	42346.4	48064.5	50888.1	0	0	0	0	0	0	 81
DATA	11:40:35:000	2023-12-03	992580	13.1791	579.88	0.0960989	416.59	575.811	10.3646	0.0619759	18.2013	12.5393	31.4985	80.1284	255	0	0	8.78969	2.13413	2.63804	9.95	98.5726	0	0	33389.3	42350	48005	50890.6	0	0	0	0	0	0	165
DATA	11:40:36:000	2023-12-03	992880	13.1844	580.114	0.0961301	416.779	576.846	10.3832	0.0620565	18.235	12.5671	31.5077	80.1266	255	0	0	8.78144	2.13426	2.63966	9.95	98.5619	0	0	33384.2	42343.9	48003.7	50883.3	0	0	0	0	0	0	115
DATA	11:40:37:000	2023-12-03	993180	13.1803	579.933	0.0961056	416.675	579.965	10.4394	0.0622955	18.3347	12.6498	31.5176	80.1242	255	0	0	8.79037	2.13418	2.64078	9.95	98.5616	0	0	33385.3	42344.7	47993.7	50884.3	0	0	0	0	0	0	209
DATA	11:40:38:000	2023-12-03	993480	13.1795	579.898	0.0961018	416.66	581.616	10.4691	0.0624227	18.3874	12.6936	31.5259	80.1245	255	0	0	8.78831	2.13402	2.63978	9.95	98.5611	0	0	33384.5	42346.3	47985.2	50883.8	0	0	0	0	0	0	160
