Model:	 LI-7500
SN:	75D-4923
Timestamp:	Dec 8 2023 at 6:28:44
DATAH	Time	Date	Sequence Number	CO2 (mmol/m^3)	CO2 (mg/m^3)	CO2 Absorptance	CO2 (umol/mol)	H2O (mmol/m^3)	H2O (g/m^3)	H2O Absorptance	H2O (mmol/mol)	Dew Point (C)	Temperature (C)	Pressure (kPa)	Diagnostic Value	Diagnostic Value 2	Diagnostic Word	DSI Vin (v)	Cooler Voltage (v)	Chopper Cooler Voltage (v)	Smart Flux Vin (v)	CO2 Signal Strength	Integral	Peak Height	CO2 Sample	CO2 Reference	H2O Sample	H2O Reference	CH4 Seconds	CH4 Nano Seconds	CH4 (umol/mol)	CH4 (mmol/m^3)	CH4 Signal Strength (RSSI)	CH4 Diagnostic Value	CHK
DATA	14:28:42:000	2023-12-08	1046610	12.8214	564.142	0.0921067	430.42	403.607	7.26493	0.0467044	13.5493	6.78412	22.1659	73.1374	255	0	0	13.0831	2.03976	2.36745	13.24	98.9324	0	0	34467.5	43543.3	50230.3	52453.2	0	0	0	0	0	0	163
DATA	14:28:43:000	2023-12-08	1046910	12.8026	563.314	0.0920006	429.836	407.864	7.34155	0.047064	13.6937	6.93759	22.1795	73.1328	255	0	0	13.0824	2.0397	2.3682	13.24	98.9285	0	0	34470.5	43542.2	50209.8	52450.8	0	0	0	0	0	0	 99
DATA	14:28:44:000	2023-12-08	1047210	12.7971	563.072	0.0919693	429.673	411.307	7.40353	0.0473545	13.81	7.06097	22.1961	73.1332	255	0	0	13.0824	2.03994	2.3667	13.24	98.9401	0	0	34472.6	43544.8	50199.1	52453.2	0	0	0	0	0	0	 85
DATA	14:28:45:000	2023-12-08	1047510	12.7949	562.976	0.0919603	429.599	412.328	7.4219	0.0474425	13.8443	7.09794	22.2123	73.1372	255	0	0	13.0824	2.0397	2.3662	13.24	98.929	0	0	34472.9	43542.4	50191.6	52449.9	0	0	0	0	0	0	 72
DATA	14:28:46:000	2023-12-08	1047810	12.794	562.936	0.0919533	429.652	413.203	7.43765	0.0475152	13.8763	7.12967	22.2283	73.1271	255	0	0	13.0824	2.03997	2.3662	13.24	98.9295	0	0	34471.4	43539.8	50179.4	52447.8	0	0	0	0	0	0	176
DATA	14:28:47:000	2023-12-08	1048110	12.7865	562.606	0.0919137	429.389	415.772	7.4839	0.0477325	13.9622	7.22095	22.2444	73.133	255	0	0	13.0831	2.03997	2.36708	13.24	98.9286	0	0	34469.5	43539.5	50167.7	52447.1	0	0	0	0	0	0	180
DATA	14:28:48:000	2023-12-08	1048410	12.7895	562.738	0.0919321	429.482	417.54	7.51572	0.0478819	14.0214	7.28359	22.2574	73.1374	255	0	0	13.0831	2.0397	2.36483	13.24	98.9275	0	0	34472.2	43541.8	50159.9	52449.2	0	0	0	0	0	0	174
DATA	14:28:49:000	2023-12-08	1048710	12.7774	562.206	0.0918623	429.164	419.742	7.55536	0.0480648	14.0982	7.36131	22.2742	73.1265	255	0	0	13.0831	2.03972	2.36546	13.24	98.935	0	0	34477.4	43544.9	50156.8	52451.8	0	0	0	0	0	0	213
DATA	14:28:50:000	2023-12-08	1049010	12.772	561.968	0.0918371	428.946	423.827	7.62889	0.0484093	14.2342	7.5038	22.2903	73.1368	255	0	0	13.0831	2.03966	2.36758	13.24	98.9364	0	0	34478.9	43546.1	50135.8	52452	0	0	0	0	0	0	 75
DATA	14:28:51:000	2023-12-08	1049310	12.7718	561.959	0.0918343	428.978	430.011	7.7402	0.0489233	14.4432	7.71681	22.3058	73.1341	255	0	0	13.0838	2.03946	2.36758	13.24	98.9304	0	0	34478.2	43545.5	50116.7	52452.4	0	0	0	0	0	0	195
DATA	14:28:52:000	2023-12-08	1049610	12.7742	562.065	0.0918489	429.067	430.479	7.74862	0.048963	14.4592	7.73351	22.3209	73.1363	255	0	0	13.0824	2.03951	2.36583	13.24	98.9302	0	0	34479.4	43544.9	50111.7	52450.9	0	0	0	0	0	0	213
DATA	14:28:53:000	2023-12-08	1049910	12.7749	562.096	0.0918501	429.133	429.337	7.72807	0.0488665	14.4222	7.69514	22.3326	73.132	255	0	0	13.0824	2.0396	2.36645	13.24	98.9245	0	0	34473.9	43541.5	50105.3	52446.2	0	0	0	0	0	0	147
DATA	14:28:54:000	2023-12-08	1050210	12.7741	562.06	0.0918481	429.087	431.432	7.76578	0.0490421	14.492	7.7673	22.3482	73.1392	255	0	0	13.0824	2.03967	2.36683	13.24	98.9214	0	0	34474.4	43539.4	50091.9	52443.2	0	0	0	0	0	0	 93
DATA	14:28:55:000	2023-12-08	1050510	12.7637	561.603	0.091792	428.817	437.132	7.86838	0.0495143	14.6862	7.96081	22.3646	73.1296	255	0	0	13.0831	2.03945	2.36782	13.24	98.917	0	0	34475.6	43539.8	50073.2	52443.1	0	0	0	0	0	0	164
DATA	14:28:56:000	2023-12-08	1050810	12.7593	561.409	0.0917668	428.698	437.784	7.88011	0.0495675	14.7091	7.98355	22.3815	73.1289	255	0	0	13.0824	2.03931	2.36683	13.24	98.9158	0	0	34474.9	43540.6	50066.2	52442.3	0	0	0	0	0	0	 36
DATA	14:28:57:000	2023-12-08	1051110	12.7633	561.585	0.0917888	428.803	443.744	7.98739	0.0500582	14.9083	8.18325	22.398	73.1381	255	0	0	13.0824	2.03937	2.36608	13.24	98.9231	0	0	34478.8	43543.3	50050.9	52445.4	0	0	0	0	0	0	217
DATA	14:28:58:000	2023-12-08	1051410	12.7619	561.524	0.0917812	428.827	441.67	7.95006	0.0498877	14.841	8.1151	22.4139	73.1299	255	0	0	13.0824	2.03936	2.36708	13.24	98.9282	0	0	34480.9	43545.6	50053.9	52448.8	0	0	0	0	0	0	120
DATA	14:28:59:000	2023-12-08	1051710	12.7482	560.921	0.0917086	428.348	448.06	8.06508	0.0504135	15.0551	8.32743	22.4307	73.1371	255	0	0	13.0824	2.03953	2.36658	13.24	98.9252	0	0	34479.9	43542.5	50023.2	52443.2	0	0	0	0	0	0	175
DATA	14:29:00:000	2023-12-08	1052010	12.7564	561.282	0.0917519	428.673	447.384	8.05291	0.0503571	15.0341	8.30601	22.4472	73.1329	255	0	0	13.0831	2.03913	2.36695	13.24	98.9068	0	0	34476.4	43538.6	50026	52438.9	0	0	0	0	0	0	127
DATA	14:29:01:000	2023-12-08	1052310	12.7477	560.899	0.0917061	428.383	453.314	8.15965	0.0508426	15.2335	8.50102	22.4643	73.1367	255	0	0	13.0831	2.03922	2.36807	13.24	98.9093	0	0	34476.8	43538.7	50006.9	52436.5	0	0	0	0	0	0	238
DATA	14:29:02:000	2023-12-08	1052610	12.7523	561.101	0.0917325	428.531	450.73	8.11314	0.0506326	15.1464	8.41759	22.4822	73.1422	255	0	0	13.0824	2.03934	2.3667	13.24	98.9153	0	0	34478	43540.2	50005.7	52439.4	0	0	0	0	0	0	247
DATA	14:29:03:000	2023-12-08	1052910	12.7481	560.916	0.0917052	428.45	454.189	8.1754	0.0509118	15.2648	8.53127	22.5001	73.1363	255	0	0	13.0831	2.03911	2.3672	13.24	98.9163	0	0	34481.6	43542.9	49994.1	52442.7	0	0	0	0	0	0	 81
DATA	14:29:04:000	2023-12-08	1053210	12.7475	560.89	0.0917046	428.455	454.225	8.17605	0.0509165	15.2669	8.53332	22.5177	73.1365	255	0	0	13.0818	2.03905	2.36782	13.24	98.9126	0	0	34479.5	43541.9	49992.4	52441.3	0	0	0	0	0	0	212
DATA	14:29:05:000	2023-12-08	1053510	12.7419	560.644	0.0916743	428.294	456.516	8.21729	0.0511032	15.3449	8.60844	22.5345	73.1359	255	0	0	13.0824	2.03916	2.36745	13.24	98.915	0	0	34479.5	43541.8	49981.9	52440.6	0	0	0	0	0	0	210
DATA	14:29:06:000	2023-12-08	1053810	12.7388	560.507	0.0916605	428.21	460.527	8.28949	0.0514305	15.4804	8.73842	22.5487	73.136	255	0	0	13.0824	2.03893	2.36745	13.24	98.9008	0	0	34479	43538	49970	52436.2	0	0	0	0	0	0	128
DATA	14:29:07:000	2023-12-08	1054110	12.7452	560.789	0.0916926	428.457	459.987	8.27977	0.0513849	15.4634	8.72192	22.5657	73.1348	255	0	0	13.0824	2.03896	2.36708	13.24	98.9071	0	0	34478.6	43540.4	49963.8	52437.5	0	0	0	0	0	0	 63
DATA	14:29:08:000	2023-12-08	1054410	12.7441	560.74	0.0916887	428.428	462.803	8.33045	0.0516141	15.5584	8.81304	22.5829	73.1377	255	0	0	13.0824	2.03899	2.3687	13.24	98.9067	0	0	34481	43539.9	49950.8	52436.9	0	0	0	0	0	0	 85
DATA	14:29:09:000	2023-12-08	1054710	12.7431	560.696	0.0916827	428.404	464.92	8.36856	0.0517846	15.6299	8.88144	22.6003	73.1403	255	0	0	13.0831	2.03908	2.36758	13.24	98.9071	0	0	34479	43539.2	49944.4	52435.9	0	0	0	0	0	0	137
DATA	14:29:10:000	2023-12-08	1055010	12.7417	560.635	0.0916717	428.433	465.639	8.3815	0.0518406	15.6569	8.90517	22.6173	73.1316	255	0	0	13.0824	2.03887	2.36733	13.24	98.9057	0	0	34479.7	43540.8	49938.4	52436.3	0	0	0	0	0	0	220
DATA	14:29:11:000	2023-12-08	1055310	12.7466	560.85	0.091702	428.579	466.755	8.40159	0.0519327	15.6937	8.94132	22.6314	73.1382	255	0	0	13.0824	2.0387	2.3677	13.24	98.9023	0	0	34479.2	43541	49932.8	52437.6	0	0	0	0	0	0	221
DATA	14:29:12:000	2023-12-08	1055610	12.7374	560.446	0.0916497	428.321	468.919	8.44054	0.0521056	15.7684	9.01067	22.6481	73.1336	255	0	0	13.0824	2.03888	2.36795	13.24	98.9005	0	0	34479.9	43538.4	49927.5	52434.8	0	0	0	0	0	0	 27
DATA	14:29:13:000	2023-12-08	1055910	12.7358	560.375	0.0916402	428.328	470.346	8.46623	0.05222	15.8186	9.05654	22.6647	73.1273	255	0	0	13.0818	2.03888	2.36758	13.24	98.9052	0	0	34481.2	43540.4	49919	52435.1	0	0	0	0	0	0	 57
DATA	14:29:14:000	2023-12-08	1056210	12.7328	560.243	0.0916243	428.251	473.378	8.5208	0.0524638	15.9214	9.15267	22.6817	73.1275	255	0	0	13.0831	2.03894	2.3682	13.24	98.8977	0	0	34478.8	43536.4	49899.9	52431.9	0	0	0	0	0	0	183
DATA	14:29:15:000	2023-12-08	1056510	12.7297	560.107	0.0916056	428.158	475.416	8.55749	0.0526259	15.9904	9.21717	22.6969	73.1293	255	0	0	13.0824	2.03886	2.3682	13.24	98.8997	0	0	34482	43538.2	49889.5	52431.6	0	0	0	0	0	0	159
DATA	14:29:16:000	2023-12-08	1056810	12.7357	560.371	0.0916415	428.355	478.71	8.61678	0.0528909	16.101	9.32044	22.7118	73.1337	255	0	0	13.0824	2.03875	2.36708	13.24	98.8994	0	0	34480.3	43539.2	49881.5	52433	0	0	0	0	0	0	 67
DATA	14:29:17:000	2023-12-08	1057110	12.7515	561.066	0.0917296	428.902	478.499	8.61298	0.0528749	16.0945	9.31472	22.7284	73.1352	255	0	0	13.0818	2.03885	2.36795	13.24	98.8929	0	0	34477.2	43535.3	49875.4	52428.3	0	0	0	0	0	0	 54
DATA	14:29:18:000	2023-12-08	1057410	12.7329	560.248	0.0916258	428.318	484.668	8.72402	0.0533653	16.3036	9.50595	22.7446	73.1321	255	0	0	13.0831	2.03878	2.36758	13.24	98.896	0	0	34477	43537.4	49848.1	52428.6	0	0	0	0	0	0	137
DATA	14:29:19:000	2023-12-08	1057710	12.7488	560.947	0.0917118	428.882	490.503	8.82905	0.0538265	16.501	9.6849	22.7605	73.1311	255	0	0	13.0824	2.03879	2.36895	13.24	98.8942	0	0	34475.1	43536.5	49824	52426.1	0	0	0	0	0	0	 88
DATA	14:29:20:000	2023-12-08	1058010	12.7349	560.336	0.091637	428.416	488.087	8.78557	0.0536367	16.4198	9.61204	22.7738	73.1341	255	0	0	13.0824	2.03872	2.36932	13.24	98.8903	0	0	34478	43535.4	49830.2	52425.8	0	0	0	0	0	0	124
DATA	14:29:21:000	2023-12-08	1058310	12.7391	560.52	0.0916624	428.56	491.689	8.8504	0.0539233	16.541	9.72235	22.7896	73.1376	255	0	0	13.0831	2.03898	2.36882	13.24	98.897	0	0	34477.7	43535.8	49814.2	52424.7	0	0	0	0	0	0	 37
DATA	14:29:22:000	2023-12-08	1058610	12.7424	560.666	0.0916782	428.75	491.641	8.84954	0.0539175	16.5425	9.72172	22.806	73.1281	255	0	0	13.0824	2.03882	2.36932	13.24	98.8981	0	0	34478.4	43537.9	49814.7	52427.6	0	0	0	0	0	0	191
DATA	14:29:23:000	2023-12-08	1058910	12.7288	560.067	0.0916063	428.293	493.84	8.88912	0.0540934	16.6165	9.78903	22.8217	73.1319	255	0	0	13.0818	2.03862	2.3682	13.24	98.8935	0	0	34479.7	43537.9	49811.3	52425.9	0	0	0	0	0	0	198
DATA	14:29:24:000	2023-12-08	1059210	12.7341	560.3	0.091631	428.493	495.743	8.92337	0.0542403	16.6814	9.84721	22.838	73.1322	255	0	0	13.0824	2.03875	2.36994	13.24	98.8973	0	0	34479.8	43538.2	49797.4	52427.1	0	0	0	0	0	0	 76
DATA	14:29:25:000	2023-12-08	1059510	12.7389	560.512	0.0916586	428.673	497.126	8.94827	0.0543498	16.7286	9.88944	22.8513	73.1323	255	0	0	13.0831	2.03856	2.36857	13.24	98.8945	0	0	34480.6	43539	49800.2	52428.4	0	0	0	0	0	0	212
DATA	14:29:26:000	2023-12-08	1059810	12.7392	560.525	0.0916612	428.73	500.613	9.01103	0.0546246	16.8478	9.99457	22.8668	73.1282	255	0	0	13.0831	2.03877	2.36994	13.24	98.9068	0	0	34481.6	43542.2	49790.9	52431.9	0	0	0	0	0	0	233
DATA	14:29:27:000	2023-12-08	1060110	12.7357	560.371	0.0916436	428.62	501.312	9.02362	0.0546807	16.8717	10.0161	22.8815	73.1304	255	0	0	13.0831	2.0386	2.36957	13.24	98.9082	0	0	34485.4	43544.6	49788.1	52435.2	0	0	0	0	0	0	123
DATA	14:29:28:000	2023-12-08	1060410	12.7306	560.146	0.0916161	428.476	502.515	9.04527	0.0547752	16.9132	10.0526	22.8942	73.1289	255	0	0	13.0824	2.0386	2.3687	13.24	98.9029	0	0	34484.4	43542.3	49775.7	52430.8	0	0	0	0	0	0	140
DATA	14:29:29:000	2023-12-08	1060710	12.7271	559.992	0.0915962	428.363	505.581	9.10046	0.0550147	17.0166	10.1441	22.9064	73.131	255	0	0	13.0824	2.0387	2.36832	13.24	98.8984	0	0	34481.8	43539.2	49762.5	52425.7	0	0	0	0	0	0	144
DATA	14:29:30:000	2023-12-08	1061010	12.7258	559.935	0.0915887	428.312	506.921	9.12458	0.0551191	17.0614	10.1844	22.9198	73.1356	255	0	0	13.0831	2.03855	2.36882	13.24	98.8915	0	0	34481.8	43537.8	49756.7	52425	0	0	0	0	0	0	167
DATA	14:29:31:000	2023-12-08	1061310	12.7293	560.089	0.0916066	428.477	507.758	9.13964	0.0551836	17.0915	10.2096	22.9308	73.1302	255	0	0	13.0831	2.03889	2.36932	13.24	98.9029	0	0	34481.4	43539.3	49755.5	52425.5	0	0	0	0	0	0	  3
DATA	14:29:32:000	2023-12-08	1061610	12.73	560.12	0.0916156	428.527	509.817	9.17671	0.0553478	17.1619	10.2709	22.9449	73.1292	255	0	0	13.0824	2.03853	2.36945	13.24	98.8926	0	0	34482.3	43538.5	49736.4	52424.2	0	0	0	0	0	0	105
DATA	14:29:33:000	2023-12-08	1061910	12.7234	559.83	0.0915766	428.306	511.637	9.20947	0.0554876	17.2231	10.3249	22.9585	73.1325	255	0	0	13.0824	2.03857	2.36882	13.24	98.8948	0	0	34481.8	43539	49736.5	52425.1	0	0	0	0	0	0	128
DATA	14:29:34:000	2023-12-08	1062210	12.728	560.032	0.0916029	428.443	511.526	9.20747	0.0554797	17.2187	10.3224	22.9722	73.1389	255	0	0	13.0831	2.03858	2.36932	13.24	98.8891	0	0	34480.9	43536.4	49729.1	52421.1	0	0	0	0	0	0	189
DATA	14:29:35:000	2023-12-08	1062510	12.7224	559.786	0.0915708	428.332	514.037	9.25267	0.0556741	17.3064	10.3964	22.9856	73.1289	255	0	0	13.0831	2.03862	2.37069	13.24	98.8906	0	0	34480.1	43536.7	49723.3	52421.7	0	0	0	0	0	0	  4
DATA	14:29:36:000	2023-12-08	1062810	12.7235	559.834	0.0915784	428.338	514.391	9.25904	0.0557029	17.317	10.4073	22.9984	73.1374	255	0	0	13.0824	2.03869	2.36932	13.24	98.8995	0	0	34483.4	43539.9	49721.9	52425.2	0	0	0	0	0	0	239
DATA	14:29:37:000	2023-12-08	1063110	12.7196	559.662	0.0915586	428.224	516.883	9.30389	0.0558973	17.4016	10.4803	23.0079	73.1367	255	0	0	13.0831	2.03871	2.36994	13.24	98.8992	0	0	34485.3	43539.5	49707.4	52423.4	0	0	0	0	0	0	 27
DATA	14:29:38:000	2023-12-08	1063410	12.7229	559.808	0.091578	428.355	519.022	9.3424	0.056064	17.4745	10.5427	23.0182	73.1359	255	0	0	13.0824	2.03852	2.37144	13.24	98.8953	0	0	34483.9	43539.8	49698	52424.2	0	0	0	0	0	0	 16
DATA	14:29:39:000	2023-12-08	1063710	12.7176	559.574	0.0915457	428.192	521.672	9.3901	0.056267	17.5643	10.6196	23.0287	73.1358	255	0	0	13.0831	2.03849	2.3692	13.24	98.8908	0	0	34484.5	43538.1	49687.9	52421.6	0	0	0	0	0	0	133
DATA	14:29:40:000	2023-12-08	1064010	12.7163	559.517	0.091538	428.157	522.778	9.41	0.0563518	17.6019	10.652	23.039	73.137	255	0	0	13.0831	2.03857	2.37019	13.24	98.8893	0	0	34482.1	43536.6	49682.4	52418.9	0	0	0	0	0	0	150
DATA	14:29:41:000	2023-12-08	1064310	12.7251	559.904	0.0915884	428.5	523.362	9.42052	0.0563982	17.6235	10.6693	23.0501	73.1317	255	0	0	13.0824	2.03839	2.37069	13.24	98.8802	0	0	34480.9	43534.4	49674.5	52417.1	0	0	0	0	0	0	138
DATA	14:29:42:000	2023-12-08	1064610	12.7136	559.398	0.0915238	428.127	529.506	9.53111	0.0568702	17.831	10.8452	23.0616	73.1321	255	0	0	13.0824	2.03835	2.37032	13.24	98.8795	0	0	34482.7	43534.5	49657.7	52415.1	0	0	0	0	0	0	188
DATA	14:29:43:000	2023-12-08	1064910	12.7123	559.341	0.0915183	428.107	529.025	9.52245	0.0568349	17.8158	10.8322	23.0734	73.1309	255	0	0	13.0831	2.03835	2.37144	13.24	98.8829	0	0	34481.7	43536	49656.2	52417.7	0	0	0	0	0	0	148
DATA	14:29:44:000	2023-12-08	1065210	12.7152	559.469	0.0915359	428.209	529.164	9.52495	0.0568465	17.8206	10.8367	23.0848	73.1331	255	0	0	13.0831	2.03845	2.37032	13.24	98.892	0	0	34484.2	43539	49657.6	52420.8	0	0	0	0	0	0	120
DATA	14:29:45:000	2023-12-08	1065510	12.7167	559.535	0.0915425	428.267	530.609	9.55096	0.0569562	17.8696	10.8782	23.0957	73.1344	255	0	0	13.0831	2.03858	2.37107	13.24	98.8948	0	0	34483.9	43538.8	49652.1	52419.4	0	0	0	0	0	0	 46
DATA	14:29:46:000	2023-12-08	1065810	12.7192	559.645	0.0915548	428.397	532.796	9.59033	0.0571231	17.9452	10.9406	23.1053	73.129	255	0	0	13.0831	2.03838	2.37132	13.24	98.8761	0	0	34481	43532.7	49628.8	52412.2	0	0	0	0	0	0	109
DATA	14:29:47:000	2023-12-08	1066110	12.7145	559.438	0.0915289	428.229	534.881	9.62786	0.0572828	18.015	10.9999	23.1154	73.1332	255	0	0	13.0824	2.03842	2.37069	13.24	98.8736	0	0	34478.2	43531.2	49623.6	52409.6	0	0	0	0	0	0	227
DATA	14:29:48:000	2023-12-08	1066410	12.7108	559.275	0.0915108	428.166	536.081	9.64946	0.0573761	18.058	11.0342	23.1268	73.1254	255	0	0	13.0824	2.03853	2.37194	13.24	98.8803	0	0	34479.7	43533.1	49612.2	52409.4	0	0	0	0	0	0	195
DATA	14:29:49:000	2023-12-08	1066710	12.7172	559.557	0.0915449	428.38	538.466	9.69239	0.0575573	18.1383	11.1017	23.1393	73.1288	255	0	0	13.0824	2.03857	2.37169	13.24	98.8879	0	0	34482.7	43536	49615.2	52415.5	0	0	0	0	0	0	151
DATA	14:29:50:000	2023-12-08	1067010	12.7095	559.218	0.0915033	428.113	539.185	9.70533	0.0576129	18.1622	11.1224	23.1505	73.1329	255	0	0	13.0824	2.03823	2.37244	13.24	98.8832	0	0	34484.4	43537.4	49613	52415.5	0	0	0	0	0	0	115
DATA	14:29:51:000	2023-12-08	1067310	12.7084	559.17	0.0914975	428.079	541.838	9.75308	0.0578156	18.2517	11.1967	23.1576	73.134	255	0	0	13.0831	2.03837	2.37181	13.24	98.8858	0	0	34485.5	43537.1	49597.8	52414.2	0	0	0	0	0	0	186
DATA	14:29:52:000	2023-12-08	1067610	12.7147	559.447	0.0915318	428.307	540.986	9.73775	0.0577503	18.2236	11.1735	23.1669	73.1337	255	0	0	13.0831	2.0383	2.37194	13.24	98.8798	0	0	34482	43535.2	49592.8	52412.2	0	0	0	0	0	0	125
DATA	14:29:53:000	2023-12-08	1067910	12.7074	559.126	0.0914938	428.091	548.076	9.86537	0.058291	18.4637	11.3704	23.1769	73.1311	255	0	0	13.0831	2.03829	2.37194	13.24	98.8868	0	0	34484.6	43538.3	49585.1	52416.1	0	0	0	0	0	0	233
DATA	14:29:54:000	2023-12-08	1068210	12.7146	559.442	0.0915294	428.361	545.837	9.82507	0.0581177	18.3895	11.3091	23.1856	73.1285	255	0	0	13.0824	2.03845	2.37069	13.24	98.8987	0	0	34487.5	43541.9	49588.5	52420.3	0	0	0	0	0	0	 36
DATA	14:29:55:000	2023-12-08	1068510	12.7106	559.266	0.0915115	428.216	546.215	9.83187	0.0581496	18.4018	11.3199	23.1929	73.1321	255	0	0	13.0824	2.03831	2.37082	13.24	98.8979	0	0	34488.4	43543	49587.4	52421.6	0	0	0	0	0	0	168
DATA	14:29:56:000	2023-12-08	1068810	12.7105	559.262	0.0915092	428.226	548.164	9.86695	0.0582963	18.468	11.3739	23.1983	73.1311	255	0	0	13.0831	2.03824	2.37281	13.24	98.8975	0	0	34488.4	43543.6	49578.8	52421.6	0	0	0	0	0	0	241
DATA	14:29:57:000	2023-12-08	1069110	12.7212	559.733	0.0915694	428.59	549.342	9.88816	0.0583865	18.5079	11.4066	23.2026	73.1315	255	0	0	13.0831	2.03833	2.37181	13.24	98.8971	0	0	34486.2	43542.5	49574.4	52420.4	0	0	0	0	0	0	216
DATA	14:29:58:000	2023-12-08	1069410	12.7242	559.865	0.0915814	428.717	551.067	9.91921	0.0585138	18.5671	11.4541	23.2067	73.1281	255	0	0	13.0824	2.03847	2.37231	13.24	98.8931	0	0	34484.1	43539.3	49561.9	52415.8	0	0	0	0	0	0	 11
DATA	14:29:59:000	2023-12-08	1069710	12.7172	559.557	0.0915451	428.495	552.846	9.95123	0.0586501	18.6277	11.5031	23.2115	73.127	255	0	0	13.0824	2.03841	2.37319	13.24	98.8876	0	0	34482.7	43537.5	49546	52412.7	0	0	0	0	0	0	121
DATA	14:30:00:000	2023-12-08	1070010	12.7165	559.526	0.0915428	428.456	554.394	9.97909	0.0587683	18.6791	11.5456	23.2171	73.131	255	0	0	13.0824	2.03842	2.37256	13.24	98.8818	0	0	34481.6	43534.8	49541.2	52411.1	0	0	0	0	0	0	197
DATA	14:30:01:000	2023-12-08	1070310	12.7239	559.852	0.091583	428.722	554.82	9.98676	0.0587998	18.6942	11.5576	23.2229	73.1296	255	0	0	13.0831	2.03847	2.37206	13.24	98.8889	0	0	34483.3	43537.5	49537.2	52412.4	0	0	0	0	0	0	187
DATA	14:30:02:000	2023-12-08	1070610	12.7277	560.019	0.0916036	428.892	556.672	10.0201	0.0589393	18.7585	11.6082	23.2274	73.1235	255	0	0	13.0824	2.03869	2.37194	13.24	98.8968	0	0	34483.1	43538.7	49536.7	52415.6	0	0	0	0	0	0	250
DATA	14:30:03:000	2023-12-08	1070910	12.7222	559.777	0.0915735	428.682	560.016	10.0803	0.0591913	18.87	11.699	23.2302	73.1285	255	0	0	13.0831	2.03862	2.37244	13.24	98.8986	0	0	34484.3	43540.2	49523.3	52415	0	0	0	0	0	0	228
DATA	14:30:04:000	2023-12-08	1071210	12.7266	559.97	0.0915999	428.811	560.748	10.0935	0.0592481	18.8939	11.719	23.2345	73.1327	255	0	0	13.0818	2.03823	2.37244	13.24	98.8927	0	0	34484.8	43541.6	49525.2	52416.6	0	0	0	0	0	0	163
DATA	14:30:05:000	2023-12-08	1071510	12.7322	560.217	0.0916286	429.035	562.864	10.1316	0.0594053	18.9667	11.7761	23.2375	73.1275	255	0	0	13.0831	2.03835	2.37244	13.24	98.8856	0	0	34480.8	43537.2	49510.1	52411.6	0	0	0	0	0	0	215
DATA	14:30:06:000	2023-12-08	1071810	12.7301	560.124	0.091618	428.922	562.497	10.1249	0.0593785	18.9525	11.7665	23.2415	73.1356	255	0	0	13.0831	2.03843	2.37344	13.24	98.8914	0	0	34479.9	43539	49510.4	52412.8	0	0	0	0	0	0	 87
DATA	14:30:07:000	2023-12-08	1072110	12.7357	560.371	0.0916512	429.143	564.961	10.1693	0.0595654	19.037	11.8328	23.2444	73.1308	255	0	0	13.0824	2.03848	2.37306	13.24	98.893	0	0	34481	43539.1	49503.4	52412.6	0	0	0	0	0	0	 16
DATA	14:30:08:000	2023-12-08	1072410	12.7289	560.072	0.091615	428.913	566.035	10.1886	0.0596466	19.0731	11.8618	23.2481	73.1319	255	0	0	13.0824	2.03834	2.37331	13.24	98.8781	0	0	34477.3	43534	49486.5	52405.8	0	0	0	0	0	0	 92
DATA	14:30:09:000	2023-12-08	1072710	12.741	560.604	0.0916828	429.323	568.711	10.2368	0.0598479	19.1634	11.9335	23.2518	73.1325	255	0	0	13.0824	2.03823	2.37256	13.24	98.8713	0	0	34474.6	43532.2	49484.2	52405.4	0	0	0	0	0	0	178
DATA	14:30:10:000	2023-12-08	1073010	12.7387	560.503	0.091666	429.253	569.825	10.2569	0.0599277	19.2013	11.9634	23.2562	73.1323	255	0	0	13.0824	2.03851	2.37281	13.24	98.8863	0	0	34478.7	43535.9	49479	52407.9	0	0	0	0	0	0	104
DATA	14:30:11:000	2023-12-08	1073310	12.7381	560.476	0.0916628	429.264	572.821	10.3108	0.0601515	19.3036	12.0432	23.2603	73.128	255	0	0	13.0824	2.03861	2.37381	13.24	98.8887	0	0	34476	43535.9	49471.4	52407	0	0	0	0	0	0	216
DATA	14:30:12:000	2023-12-08	1073610	12.7409	560.6	0.0916813	429.308	572.318	10.3017	0.0601167	19.2844	12.03	23.2639	73.1374	255	0	0	13.0824	2.03836	2.37281	13.24	98.8738	0	0	34474.8	43531.9	49466.3	52403.2	0	0	0	0	0	0	  8
DATA	14:30:13:000	2023-12-08	1073910	12.7362	560.393	0.0916563	429.175	573.85	10.3293	0.0602317	19.3372	12.0708	23.2674	73.134	255	0	0	13.0831	2.03817	2.37194	13.24	98.8633	0	0	34470.4	43529.2	49453.5	52397.8	0	0	0	0	0	0	128
DATA	14:30:14:000	2023-12-08	1074210	12.7448	560.771	0.0917021	429.479	574.873	10.3477	0.0603064	19.3723	12.0981	23.2719	73.1327	255	0	0	13.0824	2.03856	2.37331	13.24	98.8682	0	0	34468.3	43527.4	49445.6	52396.7	0	0	0	0	0	0	247
DATA	14:30:15:000	2023-12-08	1074510	12.7422	560.657	0.0916859	429.405	577.187	10.3894	0.0604773	19.4509	12.1593	23.2767	73.1316	255	0	0	13.0831	2.03831	2.37319	13.24	98.8375	0	0	34464.3	43516.5	49424.4	52386.7	0	0	0	0	0	0	254
DATA	14:30:16:000	2023-12-08	1074810	12.7508	561.035	0.0917344	429.692	578.146	10.4066	0.0605493	19.4831	12.1849	23.2824	73.1334	255	0	0	13.0831	2.03832	2.37369	13.24	98.8351	0	0	34459.4	43515.3	49421.4	52385.1	0	0	0	0	0	0	228
DATA	14:30:17:000	2023-12-08	1075110	12.7468	560.859	0.091713	429.572	578.479	10.4126	0.0605748	19.4949	12.1939	23.2887	73.1325	255	0	0	13.0831	2.03833	2.37281	13.24	98.8329	0	0	34458.8	43514.2	49419.8	52384.9	0	0	0	0	0	0	229
DATA	14:30:18:000	2023-12-08	1075410	12.7494	560.974	0.0917283	429.662	580.796	10.4543	0.0607474	19.5731	12.255	23.2948	73.1336	255	0	0	13.0824	2.03832	2.37443	13.24	98.8349	0	0	34459.6	43515.2	49412.3	52383.6	0	0	0	0	0	0	202
DATA	14:30:19:000	2023-12-08	1075710	12.75	561	0.0917317	429.708	583.264	10.4988	0.0609302	19.6575	12.3198	23.3013	73.1308	255	0	0	13.0831	2.03833	2.37381	13.24	98.8369	0	0	34460.2	43516	49400.1	52385.8	0	0	0	0	0	0	 83
DATA	14:30:20:000	2023-12-08	1076010	12.7366	560.41	0.0916572	429.267	585.312	10.5356	0.0610816	19.727	12.3733	23.305	73.1299	255	0	0	13.0824	2.03851	2.37344	13.24	98.8399	0	0	34459	43515.5	49394.2	52384.3	0	0	0	0	0	0	234
DATA	14:30:21:000	2023-12-08	1076310	12.751	561.044	0.0917375	429.76	585.514	10.5393	0.0610972	19.7342	12.3789	23.3114	73.1302	255	0	0	13.0824	2.03843	2.37418	13.24	98.8367	0	0	34459.7	43514.9	49391	52382.3	0	0	0	0	0	0	 31
DATA	14:30:22:000	2023-12-08	1076610	12.7529	561.128	0.0917447	429.856	586.7	10.5606	0.0611821	19.7756	12.4101	23.3181	73.1263	255	0	0	13.0831	2.03848	2.37306	13.24	98.8341	0	0	34456.2	43513.2	49383.7	52379.6	0	0	0	0	0	0	127
DATA	14:30:23:000	2023-12-08	1076910	12.7537	561.163	0.0917522	429.85	587.435	10.5738	0.0612391	19.7989	12.4294	23.3244	73.1335	255	0	0	13.0838	2.03829	2.37381	13.24	98.8294	0	0	34457.6	43513.1	49379.1	52378.9	0	0	0	0	0	0	222
DATA	14:30:24:000	2023-12-08	1077210	12.7547	561.207	0.0917586	429.9	588.998	10.602	0.0613551	19.8523	12.4703	23.3313	73.1325	255	0	0	13.0831	2.0386	2.37431	13.24	98.8392	0	0	34456.1	43514.2	49370.8	52380.5	0	0	0	0	0	0	 20
DATA	14:30:25:000	2023-12-08	1077510	12.7543	561.189	0.0917563	429.883	591.186	10.6413	0.0615161	19.9259	12.5271	23.3379	73.1346	255	0	0	13.0831	2.03839	2.37431	13.24	98.83	0	0	34456.2	43512.3	49367.2	52377.7	0	0	0	0	0	0	144
DATA	14:30:26:000	2023-12-08	1077810	12.7432	560.701	0.0916962	429.54	592.364	10.6626	0.0616038	19.9671	12.5577	23.344	73.1308	255	0	0	13.0818	2.03863	2.37344	13.24	98.8371	0	0	34456.7	43513	49360.1	52378.4	0	0	0	0	0	0	 41
DATA	14:30:27:000	2023-12-08	1078110	12.7576	561.334	0.091773	430.053	593.527	10.6835	0.0616874	20.0075	12.588	23.3507	73.1278	255	0	0	13.0831	2.03847	2.37543	13.24	98.828	0	0	34454.2	43510.7	49353.6	52375.2	0	0	0	0	0	0	 75
DATA	14:30:28:000	2023-12-08	1078410	12.7471	560.872	0.0917145	429.711	593.984	10.6917	0.0617205	20.0235	12.6001	23.3574	73.1275	255	0	0	13.0824	2.03851	2.37468	13.24	98.8317	0	0	34455.2	43511.8	49354.4	52377	0	0	0	0	0	0	126
DATA	14:30:29:000	2023-12-08	1078710	12.7357	560.371	0.0916524	429.317	597.865	10.7616	0.0620061	20.1539	12.6997	23.3639	73.1307	255	0	0	13.0831	2.03854	2.37443	13.24	98.8346	0	0	34457.6	43512.8	49347.4	52377.8	0	0	0	0	0	0	  3
DATA	14:30:30:000	2023-12-08	1079010	12.7498	560.991	0.0917299	429.795	597.779	10.76	0.0619998	20.1511	12.6979	23.3707	73.132	255	0	0	13.0831	2.03858	2.37506	13.24	98.8321	0	0	34456.9	43511.3	49338.6	52375.8	0	0	0	0	0	0	133
DATA	14:30:31:000	2023-12-08	1079310	12.7465	560.846	0.091715	429.69	598.8	10.7784	0.0620773	20.1858	12.7243	23.3777	73.1326	255	0	0	13.0831	2.03855	2.37481	13.24	98.8334	0	0	34456.9	43512.2	49333.2	52376.2	0	0	0	0	0	0	 45
DATA	14:30:32:000	2023-12-08	1079610	12.743	560.692	0.0916936	429.591	599.662	10.7939	0.0621388	20.2157	12.7465	23.3822	73.1305	255	0	0	13.0831	2.03876	2.37481	13.24	98.8357	0	0	34456.4	43511	49327.7	52373.9	0	0	0	0	0	0	112
DATA	14:30:33:000	2023-12-08	1079910	12.7454	560.798	0.0917066	429.693	602.466	10.8444	0.0623437	20.3113	12.818	23.388	73.1283	255	0	0	13.0824	2.03859	2.37543	13.24	98.8286	0	0	34454.6	43509.6	49314.9	52371.5	0	0	0	0	0	0	154
DATA	14:30:34:000	2023-12-08	1080210	12.75	561	0.0917324	429.85	603.229	10.8581	0.0624002	20.3371	12.8377	23.3952	73.1298	255	0	0	13.0831	2.0384	2.37506	13.24	98.8244	0	0	34454.2	43509.7	49309.3	52372.5	0	0	0	0	0	0	 57
DATA	14:30:35:000	2023-12-08	1080510	12.7418	560.639	0.0916862	429.578	603.094	10.8557	0.0623892	20.3328	12.8346	23.401	73.1304	255	0	0	13.0838	2.03841	2.37518	13.24	98.8251	0	0	34456.2	43510	49307.2	52372.3	0	0	0	0	0	0	 65
DATA	14:30:36:000	2023-12-08	1080810	12.7469	560.864	0.0917142	429.775	605.237	10.8943	0.0625459	20.4062	12.8891	23.4078	73.1278	255	0	0	13.0831	2.03863	2.37531	13.24	98.8223	0	0	34453.7	43506.5	49299.9	52368.2	0	0	0	0	0	0	  2
DATA	14:30:37:000	2023-12-08	1081110	12.7233	559.825	0.0915849	428.97	608.205	10.9477	0.0627628	20.5058	12.9642	23.4141	73.131	255	0	0	13.0831	2.03866	2.3768	13.24	98.8274	0	0	34456.3	43508.4	49298.2	52369.5	0	0	0	0	0	0	101
DATA	14:30:38:000	2023-12-08	1081410	12.7115	559.306	0.0915194	428.609	610.057	10.981	0.0628971	20.57	13.0111	23.4212	73.1265	255	0	0	13.0824	2.03847	2.37643	13.24	98.8222	0	0	34463	43508	49269.1	52365.8	0	0	0	0	0	0	114
DATA	14:30:39:000	2023-12-08	1081710	12.7363	560.397	0.0916582	429.404	607.808	10.9405	0.0627352	20.4922	12.9549	23.428	73.1351	255	0	0	13.0838	2.03844	2.37605	13.24	98.8178	0	0	34455.8	43506.4	49287.9	52366.3	0	0	0	0	0	0	205
DATA	14:30:40:000	2023-12-08	1082010	12.7196	559.662	0.0915647	428.904	611.188	11.0014	0.0629799	20.6092	13.0401	23.4355	73.1263	255	0	0	13.0831	2.0388	2.37668	13.24	98.8307	0	0	34458.2	43508.4	49281.7	52368.8	0	0	0	0	0	0	182
DATA	14:30:41:000	2023-12-08	1082310	12.7289	560.072	0.091615	429.241	611.387	11.005	0.0629941	20.617	13.0455	23.4427	73.1241	255	0	0	13.0824	2.03864	2.37605	13.24	98.8266	0	0	34457.5	43508.2	49278.9	52368.5	0	0	0	0	0	0	 61
DATA	14:30:42:000	2023-12-08	1082610	12.7366	560.41	0.0916594	429.465	611.202	11.0016	0.0629821	20.6091	13.0412	23.4492	73.1317	255	0	0	13.0824	2.03853	2.3758	13.24	98.8219	0	0	34455.3	43507.4	49274.5	52366.8	0	0	0	0	0	0	 99
