Model:	 LI-7500
SN:	75D-4923
Timestamp:	Dec 8 2023 at 6:05:11
DATAH	Time	Date	Sequence Number	CO2 (mmol/m^3)	CO2 (mg/m^3)	CO2 Absorptance	CO2 (umol/mol)	H2O (mmol/m^3)	H2O (g/m^3)	H2O Absorptance	H2O (mmol/mol)	Dew Point (C)	Temperature (C)	Pressure (kPa)	Diagnostic Value	Diagnostic Value 2	Diagnostic Word	DSI Vin (v)	Cooler Voltage (v)	Chopper Cooler Voltage (v)	Smart Flux Vin (v)	CO2 Signal Strength	Integral	Peak Height	CO2 Sample	CO2 Reference	H2O Sample	H2O Reference	CH4 Seconds	CH4 Nano Seconds	CH4 (umol/mol)	CH4 (mmol/m^3)	CH4 Signal Strength (RSSI)	CH4 Diagnostic Value	CHK
DATA	14:05:09:000	2023-12-08	622710	12.4213	546.537	0.0898916	414.589	405.353	7.29635	0.0468497	13.5296	6.76014	20.4098	73.1233	255	0	0	13.0797	2.01528	2.30772	13.22	99.2659	0	0	34860	43937.2	50665.1	52935	0	0	0	0	0	0	 23
DATA	14:05:10:000	2023-12-08	623010	12.4205	546.502	0.0898866	414.604	412.458	7.42424	0.0474504	13.7681	7.01418	20.4285	73.1207	255	0	0	13.0797	2.01547	2.30884	13.22	99.2682	0	0	34858.2	43936.4	50638	52934.1	0	0	0	0	0	0	 75
DATA	14:05:11:000	2023-12-08	623310	12.4214	546.542	0.0898902	414.658	412.596	7.42673	0.0474613	13.7735	7.02003	20.448	73.1213	255	0	0	13.0797	2.01528	2.30847	13.22	99.2655	0	0	34860.2	43937.1	50638.4	52935.2	0	0	0	0	0	0	119
DATA	14:05:12:000	2023-12-08	623610	12.4186	546.418	0.0898749	414.596	414.69	7.46442	0.047638	13.8445	7.09469	20.4646	73.1198	255	0	0	13.079	2.01532	2.30747	13.22	99.2695	0	0	34862.2	43938.5	50642.2	52936.3	0	0	0	0	0	0	 76
DATA	14:05:13:000	2023-12-08	623910	12.4169	546.344	0.0898663	414.549	415.044	7.47079	0.047668	13.8566	7.10812	20.4842	73.123	255	0	0	13.0797	2.01523	2.30897	13.22	99.27	0	0	34861.8	43939.5	50623.9	52935.1	0	0	0	0	0	0	 10
DATA	14:05:14:000	2023-12-08	624210	12.4244	546.674	0.0899115	414.819	420.085	7.56153	0.0480937	14.0256	7.28539	20.504	73.1245	255	0	0	13.0797	2.01541	2.31022	13.22	99.2779	0	0	34862	43941.3	50602.8	52936.3	0	0	0	0	0	0	 23
DATA	14:05:15:000	2023-12-08	624510	12.4187	546.423	0.0898782	414.672	422.891	7.61204	0.0483276	14.1207	7.38367	20.5232	73.1216	255	0	0	13.0804	2.01534	2.30772	13.22	99.2734	0	0	34862	43940	50598.6	52936.4	0	0	0	0	0	0	240
DATA	14:05:16:000	2023-12-08	624810	12.4228	546.603	0.0899035	414.794	424.053	7.63295	0.048426	14.159	7.42466	20.5402	73.1285	255	0	0	13.0797	2.01509	2.30859	13.22	99.2634	0	0	34860	43938	50585.8	52932.8	0	0	0	0	0	0	165
DATA	14:05:17:000	2023-12-08	625110	12.4145	546.238	0.0898562	414.575	425.602	7.66084	0.0485546	14.2127	7.47899	20.5599	73.1232	255	0	0	13.0797	2.01493	2.30897	13.22	99.2606	0	0	34860.1	43938.3	50575.8	52931.7	0	0	0	0	0	0	224
DATA	14:05:18:000	2023-12-08	625410	12.4163	546.317	0.0898652	414.64	426.358	7.67444	0.048617	14.2381	7.50596	20.5798	73.1273	255	0	0	13.0797	2.01501	2.30959	13.22	99.2625	0	0	34860.7	43938.4	50558	52931.1	0	0	0	0	0	0	 13
DATA	14:05:19:000	2023-12-08	625710	12.4237	546.643	0.0899083	414.928	433.617	7.80511	0.0492211	14.482	7.75424	20.5975	73.1244	255	0	0	13.0797	2.015	2.30822	13.22	99.2645	0	0	34861.8	43939.4	50548	52931.4	0	0	0	0	0	0	203
DATA	14:05:20:000	2023-12-08	626010	12.4342	547.105	0.0899648	415.323	434.519	7.82134	0.0492946	14.5137	7.7857	20.6171	73.1215	255	0	0	13.0797	2.01497	2.31009	13.22	99.2614	0	0	34851.4	43938.3	50528.6	52929.9	0	0	0	0	0	0	143
DATA	14:05:21:000	2023-12-08	626310	12.4493	547.769	0.0900481	415.872	435.603	7.84085	0.0493839	14.5514	7.82328	20.6374	73.1187	255	0	0	13.079	2.01499	2.3081	13.22	99.2587	0	0	34856.8	43936.9	50531.2	52930.1	0	0	0	0	0	0	111
DATA	14:05:22:000	2023-12-08	626610	12.451	547.844	0.090059	415.931	440.295	7.92531	0.049772	14.7082	7.98163	20.6577	73.1234	255	0	0	13.0797	2.01507	2.30959	13.22	99.2635	0	0	34853.7	43938.2	50506.1	52928.2	0	0	0	0	0	0	 48
DATA	14:05:23:000	2023-12-08	626910	12.4419	547.444	0.0900123	415.648	439.381	7.90886	0.0496993	14.6785	7.95198	20.6753	73.124	255	0	0	13.0797	2.015	2.30922	13.22	99.2572	0	0	34857.6	43936.2	50527	52927.7	0	0	0	0	0	0	238
DATA	14:05:24:000	2023-12-08	627210	12.4458	547.615	0.0900308	415.821	443.657	7.98583	0.050049	14.8228	8.09536	20.6956	73.1216	255	0	0	13.0797	2.01507	2.30934	13.22	99.2611	0	0	34853.3	43937.2	50485.1	52926.8	0	0	0	0	0	0	145
DATA	14:05:25:000	2023-12-08	627510	12.4379	547.268	0.0899894	415.564	443.462	7.98232	0.0500345	14.8166	8.08995	20.7166	73.1255	255	0	0	13.0804	2.01494	2.31047	13.22	99.2618	0	0	34854.3	43938.8	50478.4	52927.6	0	0	0	0	0	0	233
DATA	14:05:26:000	2023-12-08	627810	12.434	547.096	0.089969	415.436	444.685	8.00433	0.0501358	14.8575	8.13145	20.7363	73.1301	255	0	0	13.0797	2.01497	2.31084	13.22	99.2643	0	0	34857.3	43939.5	50476	52929	0	0	0	0	0	0	170
DATA	14:05:27:000	2023-12-08	628110	12.4422	547.457	0.090012	415.774	450.501	8.10902	0.0506101	15.0541	8.32377	20.756	73.1237	255	0	0	13.0804	2.01483	2.30984	13.22	99.2632	0	0	34855.9	43940.5	50458.5	52927	0	0	0	0	0	0	204
DATA	14:05:28:000	2023-12-08	628410	12.4437	547.523	0.09002	415.87	451.818	8.13272	0.0507172	15.0998	8.36778	20.7758	73.1206	255	0	0	13.0804	2.01508	2.30934	13.22	99.2669	0	0	34855.7	43939.7	50460.8	52927.3	0	0	0	0	0	0	 58
DATA	14:05:29:000	2023-12-08	628710	12.4497	547.787	0.090057	416.043	455.056	8.19101	0.0509831	15.207	8.47407	20.7952	73.1302	255	0	0	13.0804	2.015	2.30947	13.22	99.2682	0	0	34856.6	43941	50437.9	52927	0	0	0	0	0	0	 48
DATA	14:05:30:000	2023-12-08	629010	12.4385	547.294	0.0899936	415.705	451.666	8.12999	0.0507063	15.0951	8.36461	20.8115	73.1279	255	0	0	13.0783	2.01493	2.30947	13.22	99.2627	0	0	34857.1	43939.2	50455.1	52927.5	0	0	0	0	0	0	217
DATA	14:05:31:000	2023-12-08	629310	12.4371	547.232	0.0899866	415.687	455.025	8.19045	0.0509804	15.2084	8.47481	20.8301	73.1275	255	0	0	13.0797	2.01505	2.31109	13.22	99.2679	0	0	34858.8	43940.3	50439.9	52928.3	0	0	0	0	0	0	209
DATA	14:05:32:000	2023-12-08	629610	12.4394	547.334	0.0899996	415.779	458.476	8.25257	0.0512608	15.3243	8.5873	20.8492	73.1296	255	0	0	13.0797	2.01483	2.31009	13.22	99.262	0	0	34855.1	43939.9	50409.7	52925.2	0	0	0	0	0	0	138
DATA	14:05:33:000	2023-12-08	629910	12.437	547.228	0.0899839	415.777	458.412	8.25142	0.051254	15.325	8.58615	20.8675	73.1203	255	0	0	13.0797	2.01478	2.31071	13.22	99.2606	0	0	34857.3	43939.8	50418.6	52925.8	0	0	0	0	0	0	 68
DATA	14:05:34:000	2023-12-08	630210	12.4386	547.298	0.0899939	415.816	457.63	8.23734	0.0511913	15.2983	8.56173	20.8832	73.1268	255	0	0	13.0797	2.01488	2.31096	13.22	99.2607	0	0	34857.4	43938.9	50423.9	52924.1	0	0	0	0	0	0	184
DATA	14:05:35:000	2023-12-08	630510	12.4371	547.232	0.0899857	415.801	460.19	8.28342	0.051399	15.3852	8.64505	20.9018	73.1252	255	0	0	13.0804	2.01481	2.30972	13.22	99.2623	0	0	34856.7	43940.3	50405	52925.1	0	0	0	0	0	0	226
DATA	14:05:36:000	2023-12-08	630810	12.4357	547.171	0.0899779	415.771	461.345	8.30421	0.0514926	15.4245	8.68302	20.9203	73.1269	255	0	0	13.0797	2.01486	2.30959	13.22	99.2658	0	0	34858.1	43941.4	50407.4	52926.7	0	0	0	0	0	0	213
DATA	14:05:37:000	2023-12-08	631110	12.4431	547.496	0.0900195	416.032	463.425	8.34165	0.051661	15.4945	8.75039	20.9377	73.1289	255	0	0	13.0804	2.01473	2.31034	13.22	99.2601	0	0	34856.8	43940.1	50398.1	52924.9	0	0	0	0	0	0	122
DATA	14:05:38:000	2023-12-08	631410	12.446	547.624	0.0900374	416.162	466.559	8.39806	0.0519151	15.6005	8.85086	20.953	73.1268	255	0	0	13.0804	2.01486	2.30909	13.22	99.2633	0	0	34856.2	43940.2	50389.2	52924.9	0	0	0	0	0	0	 92
DATA	14:05:39:000	2023-12-08	631710	12.4397	547.347	0.0899987	416.006	466.405	8.39529	0.0519002	15.5974	8.84683	20.97	73.1214	255	0	0	13.0797	2.01481	2.31009	13.22	99.2611	0	0	34855	43939.8	50378.8	52922.7	0	0	0	0	0	0	 35
DATA	14:05:40:000	2023-12-08	632010	12.4478	547.703	0.0900463	416.302	468.6	8.4348	0.0520788	15.6718	8.91722	20.9878	73.1215	255	0	0	13.0804	2.01483	2.31171	13.22	99.2587	0	0	34853.6	43938.5	50368.7	52921.3	0	0	0	0	0	0	 39
DATA	14:05:41:000	2023-12-08	632310	12.4507	547.831	0.0900628	416.415	469.659	8.45386	0.0521642	15.7078	8.95153	21.0053	73.1231	255	0	0	13.0797	2.01485	2.31022	13.22	99.2619	0	0	34855.7	43939.7	50370.2	52924.1	0	0	0	0	0	0	178
DATA	14:05:42:000	2023-12-08	632610	12.4502	547.809	0.0900608	416.408	471.8	8.4924	0.0523365	15.7798	9.01962	21.0195	73.1248	255	0	0	13.0797	2.01475	2.31096	13.22	99.2572	0	0	34854.3	43938.7	50357.9	52920.9	0	0	0	0	0	0	 54
DATA	14:05:43:000	2023-12-08	632910	12.4565	548.086	0.0900945	416.641	474.816	8.54669	0.0525773	15.8815	9.11486	21.0348	73.1247	255	0	0	13.0804	2.01492	2.31121	13.22	99.2629	0	0	34852	43939.5	50337.5	52920	0	0	0	0	0	0	  1
DATA	14:05:44:000	2023-12-08	633210	12.4795	549.098	0.0902216	417.447	481.867	8.67361	0.0531401	16.1188	9.33447	21.0511	73.1223	255	0	0	13.0797	2.01479	2.31184	13.22	99.2628	0	0	34850.7	43940.7	50324.4	52921	0	0	0	0	0	0	 82
DATA	14:05:45:000	2023-12-08	633510	12.4619	548.324	0.090125	416.865	476.617	8.57911	0.0527219	15.9434	9.17262	21.0667	73.125	255	0	0	13.079	2.01468	2.31034	13.22	99.2599	0	0	34853.1	43940.5	50335.1	52921.7	0	0	0	0	0	0	 34
DATA	14:05:46:000	2023-12-08	633810	12.4682	548.601	0.09016	417.096	477.724	8.59903	0.0528101	15.9812	9.20783	21.0822	73.1253	255	0	0	13.079	2.01494	2.31022	13.22	99.2619	0	0	34851.9	43938.8	50330.2	52920.2	0	0	0	0	0	0	 19
DATA	14:05:47:000	2023-12-08	634110	12.4673	548.561	0.0901567	417.078	479.645	8.63361	0.0529649	16.0459	9.26801	21.0943	73.1262	255	0	0	13.0797	2.01464	2.31047	13.22	99.2529	0	0	34848.4	43937.8	50321.6	52918.5	0	0	0	0	0	0	215
DATA	14:05:48:000	2023-12-08	634410	12.4882	549.481	0.090274	417.786	481.136	8.66045	0.0530845	16.0962	9.3149	21.1103	73.1286	255	0	0	13.0804	2.01485	2.31096	13.22	99.2597	0	0	34849.3	43938.7	50320.5	52919	0	0	0	0	0	0	  2
DATA	14:05:49:000	2023-12-08	634710	12.4914	549.622	0.0902888	417.927	482.388	8.68298	0.0531821	16.1393	9.35433	21.1266	73.1268	255	0	0	13.0804	2.01469	2.31246	13.22	99.2593	0	0	34846.2	43940.2	50310.6	52920.5	0	0	0	0	0	0	202
DATA	14:05:50:000	2023-12-08	635010	12.4936	549.718	0.0903037	418.013	483.277	8.69899	0.0532549	16.1696	9.38247	21.1419	73.1284	255	0	0	13.079	2.01454	2.31084	13.22	99.254	0	0	34846	43939.3	50303.7	52918.9	0	0	0	0	0	0	 17
DATA	14:05:51:000	2023-12-08	635310	12.4923	549.661	0.0902971	417.961	484.589	8.7226	0.0533595	16.2131	9.42349	21.1563	73.1335	255	0	0	13.0797	2.01476	2.31109	13.22	99.2587	0	0	34844.9	43939.1	50289	52918.7	0	0	0	0	0	0	 73
DATA	14:05:52:000	2023-12-08	635610	12.4981	549.916	0.090328	418.195	486.941	8.76494	0.0535454	16.2934	9.49608	21.1679	73.1294	255	0	0	13.079	2.0148	2.31146	13.22	99.2552	0	0	34844.1	43937.2	50286.2	52916.4	0	0	0	0	0	0	 73
DATA	14:05:53:000	2023-12-08	635910	12.5046	550.202	0.090362	418.472	489.777	8.81599	0.0537685	16.3906	9.58322	21.1823	73.1225	255	0	0	13.0797	2.01452	2.31146	13.22	99.2523	0	0	34842.4	43938.7	50277.8	52916	0	0	0	0	0	0	 59
DATA	14:05:54:000	2023-12-08	636210	12.5076	550.334	0.0903792	418.568	489.764	8.81575	0.053768	16.39	9.5835	21.1958	73.1266	255	0	0	13.0797	2.01487	2.31146	13.22	99.2623	0	0	34844.8	43939.7	50276.6	52918.6	0	0	0	0	0	0	 44
DATA	14:05:55:000	2023-12-08	636510	12.5148	550.651	0.0904205	418.814	492.157	8.85883	0.053958	16.4703	9.65676	21.2093	73.1291	255	0	0	13.079	2.01461	2.31184	13.22	99.2526	0	0	34840.4	43938	50265.8	52916.5	0	0	0	0	0	0	  3
DATA	14:05:56:000	2023-12-08	636810	12.5153	550.673	0.0904236	418.871	492.946	8.87303	0.0540203	16.4983	9.68137	21.2242	73.1258	255	0	0	13.0804	2.01483	2.31196	13.22	99.2606	0	0	34839	43939.4	50258.2	52916.2	0	0	0	0	0	0	 97
DATA	14:05:57:000	2023-12-08	637110	12.513	550.572	0.0904104	418.803	493.445	8.88201	0.0540594	16.5153	9.69702	21.2356	73.127	255	0	0	13.0804	2.01486	2.31358	13.22	99.2624	0	0	34840.1	43939.8	50260.4	52915.8	0	0	0	0	0	0	 67
DATA	14:05:58:000	2023-12-08	637410	12.5218	550.959	0.0904607	419.123	494.908	8.90834	0.0541761	16.5653	9.74184	21.2494	73.1261	255	0	0	13.0804	2.01467	2.31184	13.22	99.2552	0	0	34839	43938.6	50251.5	52914.2	0	0	0	0	0	0	102
DATA	14:05:59:000	2023-12-08	637710	12.5265	551.166	0.0904853	419.298	498.043	8.96477	0.0544218	16.671	9.83662	21.2619	73.126	255	0	0	13.0804	2.01488	2.31271	13.22	99.2604	0	0	34836.5	43938.8	50236.8	52913.9	0	0	0	0	0	0	124
DATA	14:06:00:000	2023-12-08	638010	12.5284	551.25	0.0904947	419.363	498.301	8.96942	0.0544413	16.6796	9.84495	21.274	73.1288	255	0	0	13.0804	2.01494	2.31246	13.22	99.2619	0	0	34835.8	43938.8	50226.8	52912.8	0	0	0	0	0	0	116
DATA	14:06:01:000	2023-12-08	638310	12.5256	551.126	0.0904816	419.283	499.717	8.99491	0.0545543	16.7276	9.88792	21.2864	73.1296	255	0	0	13.0797	2.01479	2.31271	13.22	99.2626	0	0	34839.7	43940.6	50233.4	52915.8	0	0	0	0	0	0	237
DATA	14:06:02:000	2023-12-08	638610	12.5359	551.58	0.0905414	419.642	501.444	9.02599	0.0546917	16.786	9.94006	21.2993	73.1302	255	0	0	13.0797	2.01485	2.31109	13.22	99.2605	0	0	34835	43939.1	50218	52913.6	0	0	0	0	0	0	152
DATA	14:06:03:000	2023-12-08	638910	12.5356	551.566	0.0905365	419.662	502.459	9.04426	0.0547689	16.8211	9.9709	21.3122	73.1282	255	0	0	13.0804	2.01468	2.31221	13.22	99.2528	0	0	34834.8	43937.4	50217.2	52910.2	0	0	0	0	0	0	129
DATA	14:06:04:000	2023-12-08	639210	12.5373	551.641	0.0905484	419.718	502.799	9.05038	0.0547972	16.8325	9.98165	21.3249	73.1316	255	0	0	13.079	2.01473	2.31271	13.22	99.2539	0	0	34833.4	43937.4	50208.3	52910.9	0	0	0	0	0	0	151
DATA	14:06:05:000	2023-12-08	639510	12.543	551.892	0.0905777	419.954	505.252	9.09454	0.0549877	16.9164	10.0549	21.3368	73.1266	255	0	0	13.0804	2.01467	2.31383	13.22	99.2504	0	0	34832.3	43936.4	50201.8	52909	0	0	0	0	0	0	 47
DATA	14:06:06:000	2023-12-08	639810	12.5479	552.108	0.0906059	420.142	507.796	9.14033	0.0551871	17.0025	10.1306	21.3479	73.1253	255	0	0	13.0804	2.01472	2.31358	13.22	99.2533	0	0	34832.9	43937.1	50194.8	52910.6	0	0	0	0	0	0	155
DATA	14:06:07:000	2023-12-08	640110	12.5612	552.693	0.0906793	420.588	510.752	9.19354	0.0554175	17.1016	10.2179	21.359	73.1278	255	0	0	13.0804	2.01469	2.31396	13.22	99.247	0	0	34827.7	43934.7	50165.3	52906.6	0	0	0	0	0	0	 81
DATA	14:06:08:000	2023-12-08	640410	12.5579	552.548	0.0906624	420.498	509.719	9.17494	0.0553381	17.0678	10.1882	21.3694	73.1269	255	0	0	13.0804	2.01467	2.31196	13.22	99.253	0	0	34828.9	43937.6	50183.5	52908.6	0	0	0	0	0	0	169
DATA	14:06:09:000	2023-12-08	640710	12.5599	552.636	0.0906728	420.569	510.396	9.18713	0.0553903	17.0906	10.2084	21.3768	73.128	255	0	0	13.0811	2.0146	2.31383	13.22	99.2487	0	0	34828.5	43936.3	50178.2	52908.3	0	0	0	0	0	0	 91
DATA	14:06:10:000	2023-12-08	641010	12.5641	552.82	0.0906948	420.752	512.659	9.22786	0.0555656	17.1682	10.2752	21.3877	73.1233	255	0	0	13.0804	2.01474	2.31171	13.22	99.2478	0	0	34826.6	43934.6	50165.9	52905.5	0	0	0	0	0	0	129
DATA	14:06:11:000	2023-12-08	641310	12.5766	553.37	0.0907655	421.166	514.787	9.26617	0.0557319	17.2392	10.3377	21.3986	73.1269	255	0	0	13.0804	2.01468	2.31483	13.22	99.2489	0	0	34824.6	43935.7	50158.2	52907	0	0	0	0	0	0	 59
DATA	14:06:12:000	2023-12-08	641610	12.5702	553.089	0.090732	420.982	514.388	9.25898	0.0557025	17.2271	10.3266	21.4088	73.1241	255	0	0	13.0804	2.01465	2.31358	13.22	99.2483	0	0	34824.7	43935.7	50156.1	52905.5	0	0	0	0	0	0	119
DATA	14:06:13:000	2023-12-08	641910	12.5846	553.722	0.0908095	421.478	516.011	9.2882	0.0558268	17.282	10.3743	21.4178	73.124	255	0	0	13.0804	2.0148	2.31358	13.22	99.2524	0	0	34824.5	43936	50151.9	52906.3	0	0	0	0	0	0	124
DATA	14:06:14:000	2023-12-08	642210	12.5834	553.67	0.0908016	421.437	517.415	9.31347	0.055935	17.329	10.4155	21.4276	73.1266	255	0	0	13.0797	2.01511	2.31433	13.22	99.2623	0	0	34825.8	43937.3	50149.3	52907.4	0	0	0	0	0	0	 10
DATA	14:06:15:000	2023-12-08	642510	12.5806	553.546	0.0907859	421.402	518.156	9.32681	0.0559922	17.3562	10.4374	21.4371	73.1187	255	0	0	13.079	2.01473	2.31446	13.22	99.251	0	0	34823.7	43936.1	50143.3	52905.7	0	0	0	0	0	0	 70
DATA	14:06:16:000	2023-12-08	642810	12.5938	554.127	0.0908605	421.808	519.984	9.35971	0.0561347	17.416	10.4906	21.4456	73.127	255	0	0	13.0804	2.01467	2.31421	13.22	99.2474	0	0	34821.8	43935	50132.7	52903.8	0	0	0	0	0	0	239
DATA	14:06:17:000	2023-12-08	643110	12.5918	554.039	0.0908515	421.753	521.149	9.38068	0.0562264	17.4555	10.5245	21.4519	73.1266	255	0	0	13.0797	2.01471	2.31358	13.22	99.2479	0	0	34819.1	43934.9	50125.5	52901.7	0	0	0	0	0	0	187
DATA	14:06:18:000	2023-12-08	643410	12.6017	554.475	0.0909045	422.112	523.244	9.41839	0.0563869	17.5268	10.5851	21.4601	73.1238	255	0	0	13.0804	2.01477	2.31383	13.22	99.2483	0	0	34818.9	43934.5	50122.3	52901.7	0	0	0	0	0	0	167
DATA	14:06:19:000	2023-12-08	643710	12.6096	554.822	0.0909495	422.379	524.557	9.44203	0.0564891	17.5709	10.6232	21.4687	73.1256	255	0	0	13.0804	2.01467	2.31458	13.22	99.2424	0	0	34818.9	43932.9	50118.7	52900.7	0	0	0	0	0	0	205
DATA	14:06:20:000	2023-12-08	644010	12.6029	554.528	0.0909127	422.173	523.972	9.4315	0.0564442	17.552	10.6069	21.4773	73.1246	255	0	0	13.0804	2.0148	2.31446	13.22	99.2465	0	0	34816.5	43933.4	50110.8	52899.8	0	0	0	0	0	0	 14
DATA	14:06:21:000	2023-12-08	644310	12.6135	554.994	0.0909715	422.5	527.156	9.48881	0.0566897	17.6575	10.6983	21.4863	73.1316	255	0	0	13.0804	2.0146	2.31283	13.22	99.2381	0	0	34815.3	43931.6	50101.5	52898.9	0	0	0	0	0	0	 52
DATA	14:06:22:000	2023-12-08	644610	12.6168	555.139	0.0909891	422.662	527.741	9.49934	0.0567345	17.6793	10.7153	21.4944	73.1247	255	0	0	13.0797	2.01464	2.31446	13.22	99.2387	0	0	34813.7	43931.5	50097.1	52897.3	0	0	0	0	0	0	222
DATA	14:06:23:000	2023-12-08	644910	12.6213	555.337	0.0910125	422.819	528.352	9.51034	0.05678	17.7	10.7331	21.5015	73.1254	255	0	0	13.0797	2.01467	2.31558	13.22	99.2357	0	0	34813.8	43929.9	50092.8	52897	0	0	0	0	0	0	 87
DATA	14:06:24:000	2023-12-08	645210	12.6155	555.082	0.0909792	422.657	527.831	9.50096	0.056739	17.6839	10.7186	21.5084	73.1215	255	0	0	13.0804	2.01489	2.31545	13.22	99.2407	0	0	34814.7	43930	50097.8	52898.4	0	0	0	0	0	0	 58
DATA	14:06:25:000	2023-12-08	645510	12.6184	555.21	0.0909948	422.771	528.842	9.51916	0.0568168	17.7185	10.7477	21.5154	73.1204	255	0	0	13.0804	2.0148	2.31408	13.22	99.2397	0	0	34812.2	43930.4	50090.7	52898.1	0	0	0	0	0	0	 89
DATA	14:06:26:000	2023-12-08	645810	12.6199	555.276	0.0910036	422.806	529.428	9.5297	0.0568621	17.7375	10.7646	21.5202	73.1242	255	0	0	13.0797	2.01466	2.31421	13.22	99.2349	0	0	34811.4	43929.6	50089	52896.7	0	0	0	0	0	0	 58
DATA	14:06:27:000	2023-12-08	646110	12.6299	555.716	0.0910611	423.173	531.84	9.57312	0.057049	17.8196	10.8333	21.5275	73.1205	255	0	0	13.0804	2.01484	2.31533	13.22	99.239	0	0	34810	43929.7	50076.7	52896.5	0	0	0	0	0	0	184
DATA	14:06:28:000	2023-12-08	646410	12.6355	555.962	0.0910931	423.367	533.247	9.59845	0.0571574	17.867	10.8734	21.5347	73.1212	255	0	0	13.0804	2.01445	2.31446	13.22	99.2254	0	0	34807.8	43927.5	50070.1	52893.8	0	0	0	0	0	0	145
DATA	14:06:29:000	2023-12-08	646710	12.632	555.808	0.0910716	423.258	532.665	9.58797	0.0571112	17.8479	10.8573	21.5419	73.1216	255	0	0	13.0804	2.01494	2.31545	13.22	99.2422	0	0	34807.6	43930.1	50072	52894.4	0	0	0	0	0	0	 41
DATA	14:06:30:000	2023-12-08	647010	12.643	556.292	0.0911335	423.666	534.964	9.62935	0.0572882	17.9266	10.9225	21.55	73.1167	255	0	0	13.0797	2.01477	2.31495	13.22	99.235	0	0	34806.2	43928.6	50058.7	52893.5	0	0	0	0	0	0	  6
DATA	14:06:31:000	2023-12-08	647310	12.6452	556.389	0.0911468	423.715	536.324	9.65383	0.057393	17.9711	10.9611	21.5583	73.1231	255	0	0	13.0804	2.01476	2.31595	13.22	99.2322	0	0	34803.2	43927.5	50049	52891.1	0	0	0	0	0	0	 27
DATA	14:06:32:000	2023-12-08	647610	12.6523	556.701	0.091184	423.966	537.352	9.67234	0.0574703	18.0061	10.9904	21.5665	73.1229	255	0	0	13.0804	2.01467	2.31483	13.22	99.2338	0	0	34805	43929.1	50052.5	52893.5	0	0	0	0	0	0	 27
DATA	14:06:33:000	2023-12-08	647910	12.6548	556.811	0.0911985	424.069	538.774	9.69793	0.0575794	18.0546	11.0306	21.5749	73.1216	255	0	0	13.0804	2.01477	2.31508	13.22	99.2291	0	0	34802	43926	50045	52890	0	0	0	0	0	0	 73
DATA	14:06:34:000	2023-12-08	648210	12.6571	556.912	0.0912133	424.127	539.067	9.70321	0.0576034	18.0636	11.0392	21.5823	73.1267	255	0	0	13.0797	2.01482	2.3152	13.22	99.2312	0	0	34800.2	43926.4	50037.8	52889.6	0	0	0	0	0	0	108
DATA	14:06:35:000	2023-12-08	648510	12.665	557.26	0.0912556	424.422	541.113	9.74003	0.0577583	18.1334	11.0966	21.5897	73.1234	255	0	0	13.079	2.0147	2.31633	13.22	99.2286	0	0	34799.2	43926.4	50031	52889.5	0	0	0	0	0	0	143
DATA	14:06:36:000	2023-12-08	648810	12.6612	557.093	0.0912338	424.282	541.054	9.73897	0.0577532	18.1309	11.0952	21.5942	73.1267	255	0	0	13.0804	2.01489	2.3152	13.22	99.2352	0	0	34799.1	43927.4	50032.7	52888.6	0	0	0	0	0	0	148
DATA	14:06:37:000	2023-12-08	649110	12.6664	557.322	0.0912634	424.454	542.029	9.75652	0.0578284	18.1635	11.1227	21.6016	73.1289	255	0	0	13.0804	2.01477	2.31483	13.22	99.2329	0	0	34798.7	43927.7	50025	52888.4	0	0	0	0	0	0	103
DATA	14:06:38:000	2023-12-08	649410	12.6681	557.396	0.0912748	424.547	543.59	9.78462	0.0579486	18.2174	11.1665	21.6102	73.1247	255	0	0	13.0811	2.01497	2.31545	13.22	99.2344	0	0	34798	43926.4	50019.2	52887.7	0	0	0	0	0	0	 76
DATA	14:06:39:000	2023-12-08	649710	12.6795	557.898	0.0913369	424.92	546.982	9.84568	0.0582057	18.3307	11.2607	21.6182	73.1283	255	0	0	13.0804	2.01496	2.3157	13.22	99.2343	0	0	34794.8	43926.4	50011.9	52887.2	0	0	0	0	0	0	134
DATA	14:06:40:000	2023-12-08	650010	12.6808	557.955	0.091343	424.977	545.301	9.81542	0.0580773	18.2749	11.2146	21.6252	73.1277	255	0	0	13.0797	2.01475	2.31732	13.22	99.2274	0	0	34796.1	43925.4	50012.5	52886.9	0	0	0	0	0	0	141
DATA	14:06:41:000	2023-12-08	650310	12.6843	558.109	0.0913629	425.127	546.572	9.8383	0.0581744	18.3189	11.2501	21.6323	73.1239	255	0	0	13.0804	2.01492	2.3167	13.22	99.2298	0	0	34793.5	43924.8	50006.7	52884.8	0	0	0	0	0	0	 90
DATA	14:06:42:000	2023-12-08	650610	12.6883	558.285	0.0913852	425.28	547.721	9.85898	0.0582615	18.3582	11.2822	21.6408	73.1228	255	0	0	13.0811	2.01496	2.31608	13.22	99.2324	0	0	34791.4	43925.5	49999	52885.6	0	0	0	0	0	0	 80
DATA	14:06:43:000	2023-12-08	650910	12.6979	558.708	0.0914371	425.596	548.951	9.88112	0.058354	18.3992	11.3165	21.6494	73.1258	255	0	0	13.0804	2.01489	2.3167	13.22	99.2318	0	0	34792.2	43926	49998.7	52885.3	0	0	0	0	0	0	 53
DATA	14:06:44:000	2023-12-08	651210	12.6835	558.074	0.0913567	425.156	547.089	9.8476	0.058212	18.3387	11.2656	21.6576	73.1205	255	0	0	13.0797	2.01507	2.31658	13.22	99.234	0	0	34794	43925.2	50012.2	52886.6	0	0	0	0	0	0	207
DATA	14:06:45:000	2023-12-08	651510	12.6988	558.747	0.0914428	425.684	550.362	9.90652	0.0584617	18.449	11.356	21.6636	73.1195	255	0	0	13.0804	2.01494	2.31595	13.22	99.2295	0	0	34791.2	43924.4	49989	52884.6	0	0	0	0	0	0	 46
DATA	14:06:46:000	2023-12-08	651810	12.6984	558.73	0.0914413	425.661	550.65	9.9117	0.0584838	18.4582	11.3643	21.6714	73.1231	255	0	0	13.0804	2.01502	2.31658	13.22	99.2261	0	0	34790.2	43922.2	49988.7	52881.9	0	0	0	0	0	0	 50
DATA	14:06:47:000	2023-12-08	652110	12.7039	558.972	0.0914702	425.829	551.34	9.92412	0.0585352	18.4807	11.3836	21.68	73.128	255	0	0	13.0804	2.01501	2.31682	13.22	99.2248	0	0	34787.3	43921.7	49982.2	52882	0	0	0	0	0	0	152
DATA	14:06:48:000	2023-12-08	652410	12.706	559.064	0.0914834	425.91	552.23	9.94014	0.0586036	18.5109	11.4084	21.6892	73.1285	255	0	0	13.0804	2.01517	2.31745	13.22	99.2252	0	0	34785.6	43920.3	49978.4	52879.6	0	0	0	0	0	0	 50
DATA	14:06:49:000	2023-12-08	652710	12.7089	559.192	0.0914987	426.026	552.834	9.95101	0.0586487	18.532	11.4254	21.6985	73.1275	255	0	0	13.0804	2.01506	2.31682	13.22	99.2241	0	0	34784.5	43920.9	49975	52879.6	0	0	0	0	0	0	 84
DATA	14:06:50:000	2023-12-08	653010	12.7137	559.403	0.0915275	426.206	553.053	9.95495	0.0586672	18.5402	11.4318	21.7067	73.1263	255	0	0	13.0811	2.01512	2.3167	13.22	99.2211	0	0	34784.6	43919	49972.2	52878.3	0	0	0	0	0	0	 31
DATA	14:06:51:000	2023-12-08	653310	12.7215	559.746	0.0915676	426.463	554.486	9.98075	0.0587733	18.588	11.4714	21.7151	73.1291	255	0	0	13.0811	2.01515	2.31745	13.22	99.2219	0	0	34782.2	43919.1	49965	52877.4	0	0	0	0	0	0	 73
DATA	14:06:52:000	2023-12-08	653610	12.7133	559.385	0.0915229	426.231	554.989	9.9898	0.0588116	18.6068	11.4855	21.7246	73.1241	255	0	0	13.0804	2.01519	2.31732	13.22	99.2188	0	0	34779.9	43917.3	49959.7	52873.3	0	0	0	0	0	0	195
DATA	14:06:53:000	2023-12-08	653910	12.7231	559.816	0.0915779	426.554	555.887	10.006	0.0588801	18.6366	11.5105	21.7342	73.1275	255	0	0	13.0804	2.01517	2.31807	13.22	99.2166	0	0	34780.3	43916.5	49957.2	52874	0	0	0	0	0	0	 53
DATA	14:06:54:000	2023-12-08	654210	12.7281	560.036	0.0916051	426.737	557.595	10.0367	0.0590085	18.6946	11.5572	21.7407	73.1265	255	0	0	13.0804	2.01509	2.3177	13.22	99.2148	0	0	34779.8	43916.5	49954.1	52873.8	0	0	0	0	0	0	154
DATA	14:06:55:000	2023-12-08	654510	12.7264	559.962	0.0915974	426.686	557.262	10.0307	0.0589846	18.6837	11.5487	21.7505	73.1278	255	0	0	13.0797	2.01508	2.31782	13.22	99.2159	0	0	34779.4	43917.1	49951.5	52874.1	0	0	0	0	0	0	247
DATA	14:06:56:000	2023-12-08	654810	12.7237	559.843	0.0915795	426.623	558.524	10.0534	0.0590772	18.7272	11.5833	21.7596	73.1253	255	0	0	13.0804	2.01524	2.31658	13.22	99.2133	0	0	34779	43914.3	49945.4	52871.1	0	0	0	0	0	0	108
DATA	14:06:57:000	2023-12-08	655110	12.7274	560.006	0.0916018	426.762	558.662	10.0559	0.0590893	18.7325	11.5876	21.7693	73.1253	255	0	0	13.0804	2.01519	2.31845	13.22	99.2119	0	0	34777	43914.2	49942.8	52870.4	0	0	0	0	0	0	104
DATA	14:06:58:000	2023-12-08	655410	12.7243	559.869	0.0915873	426.661	558.83	10.0589	0.0591038	18.7383	11.5926	21.7791	73.1271	255	0	0	13.0804	2.01536	2.3177	13.22	99.2136	0	0	34775.6	43913.3	49939.4	52869.9	0	0	0	0	0	0	138
DATA	14:06:59:000	2023-12-08	655710	12.73	560.12	0.0916176	426.898	560.193	10.0835	0.0592057	18.786	11.6299	21.7883	73.1215	255	0	0	13.0804	2.01533	2.31633	13.22	99.2174	0	0	34776.3	43915.3	49936.1	52870.5	0	0	0	0	0	0	251
DATA	14:07:00:000	2023-12-08	656010	12.7363	560.397	0.0916486	427.127	560.848	10.0953	0.059252	18.8087	11.6481	21.7985	73.121	255	0	0	13.079	2.01523	2.3182	13.22	99.212	0	0	34775.2	43913.9	49931	52869.8	0	0	0	0	0	0	100
DATA	14:07:01:000	2023-12-08	656310	12.7374	560.446	0.0916564	427.156	562.584	10.1265	0.0593836	18.8666	11.6954	21.8087	73.1249	255	0	0	13.0804	2.01523	2.31795	13.22	99.2053	0	0	34771.6	43910.9	49923.1	52865.9	0	0	0	0	0	0	207
DATA	14:07:02:000	2023-12-08	656610	12.7366	560.41	0.0916523	427.17	563.403	10.1413	0.0594454	18.8959	11.7179	21.8175	73.1201	255	0	0	13.0811	2.0153	2.31807	13.22	99.2077	0	0	34771.4	43911.2	49917.8	52865.8	0	0	0	0	0	0	 21
DATA	14:07:03:000	2023-12-08	656910	12.7457	560.811	0.0917034	427.477	564.848	10.1673	0.0595546	18.9444	11.7573	21.8292	73.1228	255	0	0	13.0811	2.01536	2.31795	13.22	99.2076	0	0	34768.6	43910.7	49910.8	52862.7	0	0	0	0	0	0	217
DATA	14:07:04:000	2023-12-08	657210	12.7428	560.683	0.0916848	427.428	565.74	10.1833	0.0596193	18.9764	11.7818	21.8405	73.1173	255	0	0	13.0797	2.01545	2.31795	13.22	99.2078	0	0	34767.9	43909.8	49905.5	52861.5	0	0	0	0	0	0	192
DATA	14:07:05:000	2023-12-08	657510	12.7513	561.057	0.09173	427.737	565.674	10.1821	0.0596135	18.9753	11.7806	21.8516	73.116	255	0	0	13.0804	2.01552	2.31845	13.22	99.2088	0	0	34768.6	43909.6	49906.4	52862.7	0	0	0	0	0	0	 54
DATA	14:07:06:000	2023-12-08	657810	12.7547	561.207	0.091752	427.869	567.738	10.2193	0.0597704	19.0453	11.8364	21.8638	73.1159	255	0	0	13.0804	2.01527	2.31807	13.22	99.2005	0	0	34767.5	43908.4	49899.6	52861.6	0	0	0	0	0	0	174
DATA	14:07:07:000	2023-12-08	658110	12.7563	561.277	0.0917597	427.916	567.73	10.2191	0.059769	19.0448	11.8368	21.8765	73.1201	255	0	0	13.0804	2.01554	2.3187	13.22	99.2023	0	0	34764.5	43906.5	49893.3	52858.8	0	0	0	0	0	0	 71
DATA	14:07:08:000	2023-12-08	658410	12.7538	561.167	0.0917483	427.853	568.457	10.2322	0.0598252	19.0701	11.8568	21.888	73.1194	255	0	0	13.0811	2.0155	2.31882	13.22	99.2026	0	0	34764.6	43907.1	49891.1	52858.4	0	0	0	0	0	0	108
