Model:	 LI-7500
SN:	75D-4923
Timestamp:	Dec 16 2023 at 11:59:40
DATAH	Time	Date	Sequence Number	CO2 (mmol/m^3)	CO2 (mg/m^3)	CO2 Absorptance	CO2 (umol/mol)	H2O (mmol/m^3)	H2O (g/m^3)	H2O Absorptance	H2O (mmol/mol)	Dew Point (C)	Temperature (C)	Pressure (kPa)	Diagnostic Value	Diagnostic Value 2	Diagnostic Word	DSI Vin (v)	Cooler Voltage (v)	Chopper Cooler Voltage (v)	Smart Flux Vin (v)	CO2 Signal Strength	Integral	Peak Height	CO2 Sample	CO2 Reference	H2O Sample	H2O Reference	CH4 Seconds	CH4 Nano Seconds	CH4 (umol/mol)	CH4 (mmol/m^3)	CH4 Signal Strength (RSSI)	CH4 Diagnostic Value	CHK
DATA	19:59:27:000	2023-12-16	240090	12.9746	570.882	0.0935053	412.286	637.855	11.4814	0.0653812	20.2687	13.1634	13.3342	74.9559	255	0	0	13.0625	1.929	2.08714	13.18	99.6244	0	0	35442.8	44869.1	50692.6	54121	0	0	0	0	0	0	 13
DATA	19:59:28:000	2023-12-16	240390	12.9761	570.948	0.0935169	412.316	637.382	11.4729	0.06535	20.2529	13.1523	13.3381	74.9601	255	0	0	13.0611	1.92876	2.08614	13.18	99.6379	0	0	35452.8	44877.1	50703.8	54130.9	0	0	0	0	0	0	109
DATA	19:59:29:000	2023-12-16	240690	12.9826	571.234	0.0935543	412.484	638	11.484	0.0653957	20.2706	13.1673	13.3413	74.9681	255	0	0	13.0611	1.92896	2.08676	13.18	99.6521	0	0	35450.6	44881.9	50704.8	54133	0	0	0	0	0	0	124
DATA	19:59:30:000	2023-12-16	240990	12.972	570.768	0.093497	412.153	636.891	11.464	0.0653165	20.2356	13.1408	13.3445	74.9678	255	0	0	13.0611	1.929	2.08676	13.18	99.6621	0	0	35459	44886.1	50714.1	54137.5	0	0	0	0	0	0	120
DATA	19:59:31:000	2023-12-16	241290	12.9828	571.243	0.093552	412.509	637.982	11.4837	0.0653914	20.2709	13.1672	13.3482	74.9664	255	0	0	13.0611	1.92899	2.08602	13.18	99.6543	0	0	35446.6	44882.7	50704.8	54135	0	0	0	0	0	0	 71
DATA	19:59:32:000	2023-12-16	241590	12.9917	571.635	0.0936032	412.781	638.01	11.4842	0.0653954	20.2713	13.1681	13.3523	74.9694	255	0	0	13.0604	1.92896	2.08614	13.18	99.6774	0	0	35459.2	44893.3	50716.8	54144.3	0	0	0	0	0	0	163
DATA	19:59:33:000	2023-12-16	241890	13.0007	572.031	0.0936521	413.068	637.755	11.4796	0.0653762	20.2632	13.1622	13.3573	74.9706	255	0	0	13.0604	1.92885	2.08664	13.18	99.6865	0	0	35460.8	44898.2	50721.4	54149.7	0	0	0	0	0	0	211
DATA	19:59:34:000	2023-12-16	242190	13.0003	572.013	0.0936508	413.068	637.909	11.4824	0.0653883	20.2688	13.1662	13.3621	74.9695	255	0	0	13.0611	1.92859	2.08701	13.18	99.6704	0	0	35448.3	44893.1	50715.6	54144.8	0	0	0	0	0	0	199
DATA	19:59:35:000	2023-12-16	242490	13.0294	573.294	0.0938143	413.956	639.058	11.503	0.0654739	20.3034	13.194	13.3662	74.9773	255	0	0	13.0611	1.92857	2.08676	13.18	99.6848	0	0	35461.9	44899.8	50724.2	54152.3	0	0	0	0	0	0	131
DATA	19:59:36:000	2023-12-16	242790	13.0372	573.637	0.0938546	414.259	639.405	11.5093	0.0654965	20.3172	13.2025	13.3698	74.9681	255	0	0	13.0604	1.92886	2.08676	13.18	99.6906	0	0	35462.2	44900	50723.8	54153.8	0	0	0	0	0	0	129
DATA	19:59:37:000	2023-12-16	243090	13.0165	572.726	0.0937376	413.637	637.73	11.4791	0.0653733	20.2657	13.1625	13.373	74.9625	255	0	0	13.0611	1.92864	2.08652	13.18	99.6987	0	0	35458.5	44905.5	50724	54158.2	0	0	0	0	0	0	 24
DATA	19:59:38:000	2023-12-16	243390	13.0347	573.527	0.0938415	414.217	638.808	11.4985	0.0654541	20.3001	13.1885	13.3765	74.9631	255	0	0	13.0598	1.92856	2.08577	13.18	99.6956	0	0	35460.7	44904.7	50725.9	54159.3	0	0	0	0	0	0	242
DATA	19:59:39:000	2023-12-16	243690	13.0311	573.368	0.0938224	414.087	638.795	11.4983	0.0654536	20.2989	13.1884	13.38	74.9669	255	0	0	13.0611	1.92878	2.08489	13.18	99.7053	0	0	35464.7	44907.3	50732.4	54161.3	0	0	0	0	0	0	148
DATA	19:59:40:000	2023-12-16	243990	13.0386	573.698	0.0938617	414.3	638.865	11.4996	0.0654571	20.2999	13.1903	13.3837	74.9724	255	0	0	13.0611	1.92867	2.08726	13.18	99.7055	0	0	35463.3	44908.2	50731.7	54162.5	0	0	0	0	0	0	145
DATA	19:59:41:000	2023-12-16	244290	13.0502	574.209	0.0939255	414.716	638.914	11.5005	0.0654604	20.3037	13.1916	13.387	74.9648	255	0	0	13.0604	1.92864	2.08676	13.18	99.7066	0	0	35461.4	44909	50730.3	54163.1	0	0	0	0	0	0	 42
DATA	19:59:42:000	2023-12-16	244590	13.0531	574.336	0.0939432	414.786	638.919	11.5005	0.0654625	20.3028	13.1918	13.3884	74.9691	255	0	0	13.0611	1.92868	2.08726	13.18	99.7091	0	0	35460	44909.8	50731.4	54164.2	0	0	0	0	0	0	117
DATA	19:59:43:000	2023-12-16	244890	13.0469	574.064	0.093908	414.59	637.974	11.4835	0.0653933	20.2729	13.1693	13.3916	74.9697	255	0	0	13.0604	1.92842	2.08627	13.18	99.7029	0	0	35463.1	44909.1	50733	54164.5	0	0	0	0	0	0	 38
DATA	19:59:44:000	2023-12-16	245190	13.0599	574.636	0.0939772	415.072	639.074	11.5033	0.0654705	20.3111	13.1959	13.3954	74.9584	255	0	0	13.0611	1.92851	2.08627	13.18	99.7146	0	0	35463.5	44913.6	50736.6	54166.7	0	0	0	0	0	0	221
DATA	19:59:45:000	2023-12-16	245490	13.0609	574.68	0.0939857	415.07	638.37	11.4907	0.0654223	20.2871	13.1792	13.3992	74.9654	255	0	0	13.0598	1.92859	2.08602	13.18	99.7192	0	0	35461.8	44915.1	50735.8	54169	0	0	0	0	0	0	  0
DATA	19:59:46:000	2023-12-16	245790	13.087	575.828	0.0941276	415.898	639.294	11.5073	0.0654879	20.3164	13.2016	13.4039	74.9669	255	0	0	13.0604	1.92832	2.08664	13.18	99.7127	0	0	35458.2	44914.3	50734.2	54168.9	0	0	0	0	0	0	195
DATA	19:59:47:000	2023-12-16	246090	13.0881	575.876	0.0941336	415.962	639.57	11.5123	0.0655074	20.3266	13.2085	13.4076	74.9627	255	0	0	13.0611	1.92821	2.08689	13.18	99.7067	0	0	35456	44912.5	50734.5	54165.8	0	0	0	0	0	0	 76
DATA	19:59:48:000	2023-12-16	246390	13.0895	575.938	0.0941426	416.006	639.022	11.5024	0.065469	20.3092	13.1955	13.4114	74.9638	255	0	0	13.0604	1.92834	2.08564	13.18	99.7154	0	0	35459.9	44915.4	50736.8	54169.7	0	0	0	0	0	0	177
DATA	19:59:49:000	2023-12-16	246690	13.0819	575.604	0.0941018	415.77	638.717	11.4969	0.0654479	20.2997	13.1884	13.4156	74.9639	255	0	0	13.0604	1.92821	2.08627	13.18	99.7161	0	0	35463.9	44916.8	50743.5	54172.1	0	0	0	0	0	0	201
DATA	19:59:50:000	2023-12-16	246990	13.0848	575.731	0.0941149	415.857	638.242	11.4884	0.0654113	20.2844	13.1772	13.419	74.9657	255	0	0	13.0604	1.92831	2.08489	13.18	99.7205	0	0	35455.9	44917.9	50738.3	54170.8	0	0	0	0	0	0	185
DATA	19:59:51:000	2023-12-16	247290	13.1022	576.497	0.0942148	416.356	638.875	11.4998	0.0654608	20.3019	13.1926	13.4224	74.9763	255	0	0	13.0611	1.92809	2.08602	13.18	99.7187	0	0	35455.2	44918.8	50738.7	54172.8	0	0	0	0	0	0	235
DATA	19:59:52:000	2023-12-16	247590	13.1164	577.122	0.0942924	416.839	639.223	11.506	0.0654854	20.3145	13.2011	13.426	74.9715	255	0	0	13.0598	1.92824	2.08664	13.18	99.7187	0	0	35451.6	44917.7	50736.2	54170.2	0	0	0	0	0	0	101
DATA	19:59:53:000	2023-12-16	247890	13.1237	577.443	0.0943296	417.122	639.179	11.5052	0.0654795	20.3156	13.2002	13.4293	74.9632	255	0	0	13.0604	1.92805	2.08652	13.18	99.714	0	0	35451.9	44917	50737.2	54170.6	0	0	0	0	0	0	 50
DATA	19:59:54:000	2023-12-16	248190	13.1319	577.804	0.0943734	417.379	638.796	11.4983	0.0654512	20.3032	13.1912	13.432	74.9646	255	0	0	13.0604	1.928	2.08527	13.18	99.7077	0	0	35447.3	44914.7	50734.7	54169.2	0	0	0	0	0	0	 71
DATA	19:59:55:000	2023-12-16	248490	13.1407	578.191	0.0944244	417.659	639.42	11.5096	0.0654982	20.3231	13.2063	13.4344	74.9652	255	0	0	13.0604	1.92833	2.08577	13.18	99.7209	0	0	35447.7	44917.9	50737.4	54170.5	0	0	0	0	0	0	173
DATA	19:59:56:000	2023-12-16	248790	13.1504	578.618	0.0944762	417.95	639.229	11.5061	0.0654835	20.3162	13.2018	13.4361	74.9686	255	0	0	13.0604	1.92819	2.08714	13.18	99.7154	0	0	35445.6	44916.6	50736.1	54171.3	0	0	0	0	0	0	167
DATA	19:59:57:000	2023-12-16	249090	13.1547	578.807	0.0944999	418.077	640.017	11.5203	0.0655402	20.3407	13.2208	13.4378	74.9709	255	0	0	13.0604	1.92798	2.08602	13.18	99.7096	0	0	35443.8	44915.6	50732.5	54171.3	0	0	0	0	0	0	219
DATA	19:59:58:000	2023-12-16	249390	13.1431	578.296	0.094438	417.726	639.735	11.5152	0.0655217	20.3326	13.2142	13.4404	74.9684	255	0	0	13.0604	1.92815	2.08564	13.18	99.7149	0	0	35446.2	44916.6	50736.7	54171	0	0	0	0	0	0	 67
DATA	19:59:59:000	2023-12-16	249690	13.1505	578.622	0.0944798	417.967	639.036	11.5026	0.0654719	20.3107	13.1976	13.4431	74.968	255	0	0	13.0604	1.92815	2.08527	13.18	99.7178	0	0	35447.6	44918	50738.9	54172.4	0	0	0	0	0	0	104
DATA	20:00:00:000	2023-12-16	249990	13.1543	578.789	0.0945035	418.064	639.52	11.5114	0.0655095	20.3249	13.2092	13.4441	74.9726	255	0	0	13.0611	1.9281	2.08614	13.18	99.7186	0	0	35446.2	44918.8	50739.5	54172	0	0	0	0	0	0	247
DATA	20:00:01:000	2023-12-16	250290	13.1444	578.354	0.0944462	417.741	638.236	11.4882	0.065414	20.2837	13.1786	13.4471	74.9748	255	0	0	13.0604	1.92808	2.08552	13.18	99.715	0	0	35443.5	44917.2	50738.1	54172.6	0	0	0	0	0	0	 80
DATA	20:00:02:000	2023-12-16	250590	13.1721	579.572	0.0945984	418.661	639.104	11.5039	0.0654772	20.3132	13.1995	13.4498	74.9684	255	0	0	13.0604	1.928	2.08552	13.18	99.7147	0	0	35443.4	44917.8	50738.9	54172.8	0	0	0	0	0	0	110
DATA	20:00:03:000	2023-12-16	250890	13.1581	578.956	0.0945204	418.2	638.896	11.5001	0.0654609	20.3059	13.1947	13.4515	74.9717	255	0	0	13.0604	1.92778	2.08489	13.18	99.7086	0	0	35443.3	44916.8	50739.6	54170.6	0	0	0	0	0	0	111
DATA	20:00:04:000	2023-12-16	251190	13.1646	579.242	0.0945539	418.444	638.621	11.4952	0.0654391	20.2989	13.1882	13.4539	74.9657	255	0	0	13.0604	1.9279	2.08589	13.18	99.7155	0	0	35444.7	44918.9	50744.2	54175	0	0	0	0	0	0	 79
DATA	20:00:05:000	2023-12-16	251490	13.1873	580.241	0.0946793	419.163	640.138	11.5225	0.0655499	20.347	13.2247	13.4562	74.9667	255	0	0	13.0611	1.92771	2.08676	13.18	99.7075	0	0	35438.6	44916.8	50735.1	54173.2	0	0	0	0	0	0	144
DATA	20:00:06:000	2023-12-16	251790	13.1697	579.467	0.0945824	418.597	638.708	11.4967	0.0654461	20.3013	13.1906	13.4594	74.9687	255	0	0	13.0604	1.9279	2.08564	13.18	99.7148	0	0	35440.6	44918.7	50738.3	54173.3	0	0	0	0	0	0	185
DATA	20:00:07:000	2023-12-16	252090	13.1769	579.784	0.0946227	418.822	639.22	11.506	0.0654838	20.3173	13.203	13.4622	74.9702	255	0	0	13.0604	1.92779	2.08514	13.18	99.7112	0	0	35442.8	44917.9	50740.6	54172.8	0	0	0	0	0	0	 32
DATA	20:00:08:000	2023-12-16	252390	13.1684	579.41	0.0945738	418.597	638.628	11.4953	0.0654388	20.3007	13.1889	13.4649	74.9628	255	0	0	13.0604	1.92792	2.08452	13.18	99.7157	0	0	35440.6	44918.9	50741.3	54173.9	0	0	0	0	0	0	185
DATA	20:00:09:000	2023-12-16	252690	13.1924	580.466	0.0947052	419.375	639.201	11.5056	0.0654802	20.3197	13.2028	13.4679	74.9608	255	0	0	13.0611	1.92785	2.08527	13.18	99.7122	0	0	35438.8	44917.8	50740.3	54174.2	0	0	0	0	0	0	189
DATA	20:00:10:000	2023-12-16	252990	13.1886	580.298	0.0946921	419.177	639.392	11.5091	0.0655006	20.322	13.2075	13.4699	74.9752	255	0	0	13.0604	1.92772	2.08577	13.18	99.6948	0	0	35435.7	44911.1	50732.2	54166.7	0	0	0	0	0	0	155
DATA	20:00:11:000	2023-12-16	253290	13.1916	580.43	0.0947012	419.337	638.689	11.4964	0.0654434	20.3028	13.1908	13.4715	74.964	255	0	0	13.0611	1.92758	2.08564	13.18	99.7041	0	0	35438.7	44916.3	50742.2	54172.9	0	0	0	0	0	0	 82
DATA	20:00:12:000	2023-12-16	253590	13.2067	581.095	0.0947859	419.797	639.319	11.5077	0.0654909	20.3218	13.2059	13.473	74.9681	255	0	0	13.0604	1.92762	2.08602	13.18	99.706	0	0	35434.2	44916.8	50738.2	54173.2	0	0	0	0	0	0	102
DATA	20:00:13:000	2023-12-16	253890	13.203	580.932	0.0947673	419.657	639.751	11.5155	0.0655237	20.3345	13.2164	13.4755	74.9726	255	0	0	13.0611	1.9278	2.08577	13.18	99.713	0	0	35434	44918.6	50739.5	54172.4	0	0	0	0	0	0	205
DATA	20:00:14:000	2023-12-16	254190	13.219	581.636	0.0948517	420.209	639.279	11.507	0.0654866	20.3215	13.2052	13.4774	74.9655	255	0	0	13.0604	1.92765	2.08514	13.18	99.7041	0	0	35431.4	44915.8	50735.8	54171	0	0	0	0	0	0	233
DATA	20:00:15:000	2023-12-16	254490	13.207	581.108	0.0947885	419.816	640.076	11.5214	0.0655464	20.3464	13.2244	13.4788	74.9678	255	0	0	13.0604	1.92771	2.08527	13.18	99.6966	0	0	35433.1	44912	50723.6	54167.8	0	0	0	0	0	0	 52
DATA	20:00:16:000	2023-12-16	254790	13.2139	581.412	0.094827	420.03	639.683	11.5143	0.0655187	20.3336	13.215	13.4803	74.9692	255	0	0	13.0604	1.92744	2.08552	13.18	99.7068	0	0	35431.9	44918.7	50735.6	54173.1	0	0	0	0	0	0	 24
DATA	20:00:17:000	2023-12-16	255090	13.2393	582.529	0.0949635	420.822	639.163	11.5049	0.0654786	20.3163	13.2027	13.4814	74.9723	255	0	0	13.0556	1.92746	2.08452	13.18	99.7101	0	0	35429.9	44920	50740.8	54176.5	0	0	0	0	0	0	 89
DATA	20:00:18:000	2023-12-16	255390	13.2392	582.525	0.0949645	420.827	639.614	11.5131	0.0655128	20.3311	13.2135	13.4817	74.9708	255	0	0	13.0604	1.92761	2.08539	13.18	99.7109	0	0	35427.9	44919.2	50739.2	54174.2	0	0	0	0	0	0	183
DATA	20:00:19:000	2023-12-16	255690	13.2487	582.943	0.0950155	421.156	639.578	11.5124	0.0655092	20.3312	13.2127	13.4825	74.9663	255	0	0	13.0604	1.92754	2.08552	13.18	99.7092	0	0	35424.5	44919	50737.3	54173.8	0	0	0	0	0	0	 91
DATA	20:00:20:000	2023-12-16	255990	13.2423	582.661	0.0949861	420.873	638.645	11.4956	0.0654467	20.2977	13.1903	13.4836	74.9807	255	0	0	13.0604	1.92764	2.08527	13.18	99.7119	0	0	35428.1	44919.4	50741.9	54176.1	0	0	0	0	0	0	218
DATA	20:00:21:000	2023-12-16	256290	13.2272	581.997	0.0948969	420.492	638.658	11.4958	0.0654422	20.3029	13.1908	13.4855	74.9635	255	0	0	13.0604	1.92771	2.08477	13.18	99.7141	0	0	35429.3	44919.8	50742	54175.7	0	0	0	0	0	0	129
DATA	20:00:22:000	2023-12-16	256590	13.2343	582.309	0.0949326	420.73	638.415	11.4915	0.0654218	20.2958	13.185	13.4875	74.9618	255	0	0	13.0604	1.92757	2.08527	13.18	99.7117	0	0	35430.9	44919.8	50744.9	54177.4	0	0	0	0	0	0	108
DATA	20:00:23:000	2023-12-16	256890	13.2677	583.779	0.0951176	421.772	640.313	11.5256	0.0655608	20.3551	13.2307	13.4902	74.9662	255	0	0	13.0591	1.92739	2.08514	13.18	99.7147	0	0	35428.3	44922.6	50743.8	54178.4	0	0	0	0	0	0	200
DATA	20:00:24:000	2023-12-16	257190	13.2521	583.092	0.0950354	421.262	638.921	11.5006	0.0654629	20.3102	13.1974	13.4926	74.9693	255	0	0	13.0598	1.92746	2.08527	13.18	99.7125	0	0	35424.2	44921.1	50741.9	54176.7	0	0	0	0	0	0	174
DATA	20:00:25:000	2023-12-16	257490	13.2673	583.761	0.0951183	421.743	639.199	11.5056	0.065483	20.3189	13.2042	13.4946	74.9702	255	0	0	13.0604	1.92736	2.08577	13.18	99.7102	0	0	35424.9	44920.8	50742.7	54178.8	0	0	0	0	0	0	150
DATA	20:00:26:000	2023-12-16	257790	13.2657	583.691	0.0951064	421.705	639.227	11.5061	0.0654822	20.3205	13.205	13.4965	74.9684	255	0	0	13.0604	1.92715	2.08527	13.18	99.711	0	0	35425.1	44922.9	50744	54180.1	0	0	0	0	0	0	223
DATA	20:00:27:000	2023-12-16	258090	13.2758	584.135	0.0951622	422.024	639.252	11.5065	0.0654846	20.3212	13.2057	13.4978	74.969	255	0	0	13.0604	1.92733	2.08477	13.18	99.7165	0	0	35424.6	44923.9	50748.2	54181.8	0	0	0	0	0	0	142
DATA	20:00:28:000	2023-12-16	258390	13.2729	584.008	0.0951497	421.91	639.119	11.5041	0.0654779	20.3159	13.2025	13.4983	74.973	255	0	0	13.0604	1.92708	2.08514	13.18	99.7069	0	0	35422.9	44921.6	50739.8	54177.4	0	0	0	0	0	0	105
DATA	20:00:29:000	2023-12-16	258690	13.293	584.892	0.0952596	422.559	640.248	11.5245	0.0655593	20.3523	13.2296	13.4986	74.9714	255	0	0	13.0598	1.92751	2.0844	13.18	99.7109	0	0	35419.7	44920	50737.2	54176.2	0	0	0	0	0	0	 26
DATA	20:00:30:000	2023-12-16	258990	13.2375	582.45	0.0949556	420.803	639.195	11.5055	0.0654828	20.3192	13.2043	13.4985	74.9698	255	0	0	13.0604	1.92721	2.08502	13.18	99.6971	0	0	35422.4	44916.1	50735.7	54172.7	0	0	0	0	0	0	147
DATA	20:00:31:000	2023-12-16	259290	13.2908	584.795	0.0952523	422.446	640.282	11.5251	0.0655659	20.3513	13.2304	13.4989	74.9791	255	0	0	13.0598	1.92731	2.08464	13.18	99.7063	0	0	35416.9	44919.5	50739.5	54178.8	0	0	0	0	0	0	221
DATA	20:00:32:000	2023-12-16	259590	13.2762	584.153	0.0951722	421.979	639.052	11.5029	0.0654768	20.312	13.2009	13.4991	74.9796	255	0	0	13.0604	1.92718	2.08415	13.18	99.6984	0	0	35417.8	44917	50737.7	54173.5	0	0	0	0	0	0	 64
DATA	20:00:33:000	2023-12-16	259890	13.303	585.332	0.0953131	422.893	638.596	11.4947	0.0654393	20.3005	13.1901	13.5003	74.969	255	0	0	13.0604	1.92722	2.08477	13.18	99.708	0	0	35414.7	44920.9	50743.9	54179.8	0	0	0	0	0	0	 39
DATA	20:00:34:000	2023-12-16	260190	13.3011	585.248	0.0953029	422.804	638.929	11.5007	0.0654634	20.3097	13.1981	13.5008	74.9741	255	0	0	13.0604	1.92736	2.08552	13.18	99.7077	0	0	35416.8	44919.7	50746.2	54178.7	0	0	0	0	0	0	187
DATA	20:00:35:000	2023-12-16	260490	13.2811	584.368	0.0951977	422.137	638.258	11.4886	0.0654184	20.2869	13.182	13.5009	74.9798	255	0	0	13.0604	1.92717	2.08714	13.18	99.7038	0	0	35418.4	44919.5	50743.8	54178.4	0	0	0	0	0	0	173
DATA	20:00:36:000	2023-12-16	260790	13.3173	585.961	0.0953937	423.301	638.729	11.4971	0.0654508	20.3025	13.1933	13.5015	74.9775	255	0	0	13.0604	1.92716	2.0844	13.18	99.7103	0	0	35415.2	44922.4	50746.3	54180.1	0	0	0	0	0	0	115
DATA	20:00:37:000	2023-12-16	261090	13.3196	586.062	0.0954089	423.369	639.063	11.5031	0.0654772	20.3129	13.2013	13.5017	74.9785	255	0	0	13.0598	1.92713	2.08427	13.18	99.7083	0	0	35414.6	44921.8	50747.6	54180.1	0	0	0	0	0	0	181
DATA	20:00:38:000	2023-12-16	261390	13.3179	585.988	0.0953967	423.306	638.698	11.4966	0.0654482	20.3009	13.1926	13.5019	74.9801	255	0	0	13.0604	1.92713	2.08589	13.18	99.7107	0	0	35414.2	44922.9	50745.2	54179.7	0	0	0	0	0	0	224
DATA	20:00:39:000	2023-12-16	261690	13.3098	585.631	0.0953535	423.053	639.354	11.5084	0.0654964	20.3219	13.2083	13.5024	74.9794	255	0	0	13.0604	1.92707	2.08489	13.18	99.6931	0	0	35415.5	44915.4	50734.3	54173.4	0	0	0	0	0	0	192
DATA	20:00:40:000	2023-12-16	261990	13.3249	586.296	0.0954333	423.524	638.847	11.4992	0.0654579	20.3054	13.1962	13.503	74.9812	255	0	0	13.0604	1.92702	2.08552	13.18	99.7036	0	0	35409	44920.6	50736.7	54177.7	0	0	0	0	0	0	 48
DATA	20:00:41:000	2023-12-16	262290	13.3259	586.34	0.0954408	423.583	639.656	11.5138	0.0655181	20.3324	13.2156	13.5033	74.9765	255	0	0	13.0598	1.92728	2.08514	13.18	99.7128	0	0	35411.6	44922.7	50744.6	54180.4	0	0	0	0	0	0	135
DATA	20:00:42:000	2023-12-16	262590	13.3285	586.454	0.0954548	423.673	638.731	11.4972	0.0654512	20.3033	13.1935	13.5035	74.9752	255	0	0	13.0598	1.92694	2.08415	13.18	99.7065	0	0	35412.8	44922.5	50747.3	54178.9	0	0	0	0	0	0	206
DATA	20:00:43:000	2023-12-16	262890	13.331	586.564	0.0954708	423.708	639.61	11.513	0.0655164	20.3291	13.2145	13.5035	74.9831	255	0	0	13.0604	1.92704	2.08477	13.18	99.7096	0	0	35410	44923.2	50741.2	54181.5	0	0	0	0	0	0	165
DATA	20:00:44:000	2023-12-16	263190	13.3255	586.322	0.0954368	423.617	639.666	11.514	0.0655168	20.3349	13.2159	13.5036	74.9683	255	0	0	13.0604	1.9271	2.08602	13.18	99.7046	0	0	35408.4	44920.4	50741.6	54180.4	0	0	0	0	0	0	 72
DATA	20:00:45:000	2023-12-16	263490	13.3258	586.335	0.0954405	423.523	638.356	11.4904	0.0654241	20.2884	13.1845	13.5037	74.9866	255	0	0	13.0604	1.92707	2.08527	13.18	99.7057	0	0	35410.7	44921.1	50746.2	54180.8	0	0	0	0	0	0	181
DATA	20:00:46:000	2023-12-16	263790	13.3302	586.529	0.0954649	423.765	638.489	11.4928	0.0654342	20.2975	13.1877	13.5037	74.9685	255	0	0	13.0598	1.9272	2.08415	13.18	99.7109	0	0	35408	44922.4	50742.9	54180.8	0	0	0	0	0	0	 84
DATA	20:00:47:000	2023-12-16	264090	13.3394	586.934	0.0955134	424.035	639.204	11.5057	0.0654841	20.3191	13.2049	13.5042	74.9726	255	0	0	13.0604	1.92682	2.08514	13.18	99.7091	0	0	35408.5	44924.7	50744.7	54182.2	0	0	0	0	0	0	173
DATA	20:00:48:000	2023-12-16	264390	13.3515	587.466	0.0955756	424.457	638.646	11.4956	0.0654409	20.3031	13.1915	13.5048	74.9663	255	0	0	13.0598	1.9271	2.08402	13.18	99.7132	0	0	35408.4	44924.3	50745.9	54181.2	0	0	0	0	0	0	152
DATA	20:00:49:000	2023-12-16	264690	13.3442	587.145	0.0955352	424.255	639.999	11.52	0.0655379	20.3476	13.2239	13.5051	74.9609	255	0	0	13.0604	1.9273	2.08502	13.18	99.6932	0	0	35414.1	44913.7	50727.2	54170.5	0	0	0	0	0	0	 38
DATA	20:00:50:000	2023-12-16	264990	13.3608	587.875	0.0956299	424.76	638.942	11.501	0.0654651	20.3129	13.1986	13.5053	74.965	255	0	0	13.0591	1.927	2.08514	13.18	99.7108	0	0	35404.5	44924	50745.5	54181.2	0	0	0	0	0	0	105
DATA	20:00:51:000	2023-12-16	265290	13.3643	588.029	0.0956545	424.808	639.048	11.5029	0.0654777	20.3133	13.2012	13.5057	74.9764	255	0	0	13.0598	1.92686	2.08377	13.18	99.7051	0	0	35403.9	44922.5	50745.5	54182.3	0	0	0	0	0	0	201
DATA	20:00:52:000	2023-12-16	265590	13.3526	587.514	0.0955818	424.48	638.758	11.4976	0.065449	20.3062	13.1942	13.5055	74.9685	255	0	0	13.0549	1.92676	2.08552	13.18	99.7031	0	0	35408.2	44922.4	50747.4	54180	0	0	0	0	0	0	 13
DATA	20:00:53:000	2023-12-16	265890	13.3724	588.386	0.0956908	425.13	639.782	11.5161	0.0655242	20.3397	13.2188	13.5063	74.9651	255	0	0	13.0604	1.92699	2.0834	13.18	99.7078	0	0	35402.1	44922.7	50739.7	54180.3	0	0	0	0	0	0	106
DATA	20:00:54:000	2023-12-16	266190	13.3563	587.677	0.0956043	424.572	639.722	11.515	0.0655209	20.3356	13.2175	13.5082	74.9738	255	0	0	13.0598	1.92684	2.08464	13.18	99.7106	0	0	35406.8	44925.1	50743.7	54183.4	0	0	0	0	0	0	156
DATA	20:00:55:000	2023-12-16	266490	13.3659	588.1	0.0956536	424.911	639.43	11.5097	0.0654972	20.3279	13.2106	13.5103	74.9684	255	0	0	13.0598	1.92681	2.08315	13.18	99.7149	0	0	35403.9	44927.3	50746.2	54185.5	0	0	0	0	0	0	 62
DATA	20:00:56:000	2023-12-16	266790	13.3848	588.931	0.0957605	425.489	639.806	11.5165	0.0655277	20.3388	13.2197	13.5119	74.9727	255	0	0	13.0604	1.92695	2.08415	13.18	99.7113	0	0	35402.1	44924.6	50747.2	54184	0	0	0	0	0	0	126
DATA	20:00:57:000	2023-12-16	267090	13.3859	588.98	0.0957651	425.52	638.881	11.4999	0.0654594	20.3092	13.1976	13.5138	74.9739	255	0	0	13.0604	1.92671	2.08352	13.18	99.7051	0	0	35400	44923.8	50747	54182.8	0	0	0	0	0	0	194
DATA	20:00:58:000	2023-12-16	267390	13.387	589.028	0.0957729	425.555	638.292	11.4893	0.0654185	20.2905	13.1835	13.5145	74.9741	255	0	0	13.0604	1.92674	2.08427	13.18	99.7097	0	0	35400.2	44925.5	50749	54184.7	0	0	0	0	0	0	 77
DATA	20:00:59:000	2023-12-16	267690	13.3893	589.129	0.0957829	425.675	638.842	11.4992	0.0654561	20.3102	13.1967	13.5146	74.9659	255	0	0	13.0604	1.92687	2.08452	13.18	99.7079	0	0	35399	44923.7	50748.9	54183.6	0	0	0	0	0	0	167
DATA	20:01:00:000	2023-12-16	267990	13.4128	590.163	0.095915	426.364	640.14	11.5225	0.0655537	20.3487	13.2278	13.5148	74.9761	255	0	0	13.0604	1.9268	2.08402	13.18	99.709	0	0	35395.8	44924.8	50743.1	54184.3	0	0	0	0	0	0	240
DATA	20:01:01:000	2023-12-16	268290	13.4018	589.679	0.095852	426.039	639.54	11.5117	0.0655074	20.3308	13.2135	13.5155	74.9721	255	0	0	13.0604	1.92667	2.08352	13.18	99.7088	0	0	35401.2	44925.7	50748.2	54184.4	0	0	0	0	0	0	 83
DATA	20:01:02:000	2023-12-16	268590	13.3871	589.032	0.0957695	425.578	638.388	11.491	0.065422	20.2945	13.1859	13.5159	74.971	255	0	0	13.0598	1.92661	2.08527	13.18	99.7106	0	0	35398.9	44927	50752.9	54185.2	0	0	0	0	0	0	249
DATA	20:01:03:000	2023-12-16	268890	13.4148	590.251	0.0959202	426.437	640.062	11.5211	0.0655431	20.3466	13.2261	13.5168	74.9751	255	0	0	13.0598	1.92662	2.08365	13.18	99.7059	0	0	35394.9	44924.8	50744.2	54184.9	0	0	0	0	0	0	192
DATA	20:01:04:000	2023-12-16	269190	13.4243	590.669	0.0959757	426.744	640.608	11.5309	0.0655854	20.3642	13.2392	13.5174	74.9744	255	0	0	13.0598	1.92668	2.08477	13.18	99.7078	0	0	35395.7	44925.2	50744.7	54185.4	0	0	0	0	0	0	241
DATA	20:01:05:000	2023-12-16	269490	13.4151	590.264	0.0959281	426.462	639.29	11.5072	0.0654927	20.3228	13.2076	13.5179	74.9726	255	0	0	13.0604	1.92668	2.08415	13.18	99.7096	0	0	35395.1	44926	50743	54184	0	0	0	0	0	0	115
DATA	20:01:06:000	2023-12-16	269790	13.4217	590.555	0.0959604	426.665	639.2	11.5056	0.0654829	20.3196	13.2055	13.5183	74.974	255	0	0	13.0604	1.92692	2.08315	13.18	99.7178	0	0	35401	44927.8	50756.3	54186	0	0	0	0	0	0	115
DATA	20:01:07:000	2023-12-16	270090	13.4125	590.15	0.0959149	426.32	638.245	11.4884	0.0654178	20.2868	13.1826	13.5187	74.9832	255	0	0	13.0598	1.92682	2.0844	13.18	99.722	0	0	35397.8	44930.5	50755.5	54188.9	0	0	0	0	0	0	 18
DATA	20:01:08:000	2023-12-16	270390	13.4404	591.378	0.0960639	427.251	639.537	11.5117	0.0655086	20.33	13.2136	13.5194	74.9756	255	0	0	13.0598	1.92662	2.08427	13.18	99.7085	0	0	35394	44925.9	50751	54185.8	0	0	0	0	0	0	169
DATA	20:01:09:000	2023-12-16	270690	13.4134	590.19	0.09592	426.379	637.945	11.483	0.0653963	20.2787	13.1755	13.5205	74.9783	255	0	0	13.0604	1.92667	2.08539	13.18	99.7132	0	0	35393.8	44927.6	50753.2	54186.8	0	0	0	0	0	0	 24
DATA	20:01:10:000	2023-12-16	270990	13.434	591.096	0.0960285	427.076	638.016	11.4843	0.0653985	20.2829	13.1773	13.521	74.9712	255	0	0	13.0604	1.92645	2.0834	13.18	99.7084	0	0	35396.8	44927.3	50757.5	54187.1	0	0	0	0	0	0	 48
DATA	20:01:11:000	2023-12-16	271290	13.4303	590.933	0.0960106	426.897	637.922	11.4826	0.0653934	20.2771	13.175	13.5213	74.9819	255	0	0	13.0604	1.92665	2.08415	13.18	99.7133	0	0	35390.6	44927.9	50751.9	54185.8	0	0	0	0	0	0	142
DATA	20:01:12:000	2023-12-16	271590	13.4518	591.879	0.096127	427.626	638.483	11.4927	0.0654337	20.297	13.1885	13.5217	74.9741	255	0	0	13.0598	1.92665	2.08489	13.18	99.714	0	0	35387.6	44928.2	50753.2	54187.4	0	0	0	0	0	0	 87
DATA	20:01:13:000	2023-12-16	271890	13.4445	591.558	0.0960854	427.367	638.086	11.4855	0.0654031	20.2832	13.179	13.5218	74.9788	255	0	0	13.0501	1.9262	2.08302	13.18	99.7052	0	0	35390.9	44927.8	50755.2	54188.7	0	0	0	0	0	0	104
DATA	20:01:14:000	2023-12-16	272190	13.44	591.36	0.0960641	427.213	637.195	11.4695	0.0653417	20.2543	13.1576	13.5217	74.9807	255	0	0	13.0604	1.92627	2.08352	13.18	99.6993	0	0	35385.8	44924.6	50751.7	54184.5	0	0	0	0	0	0	 40
DATA	20:01:15:000	2023-12-16	272490	13.469	592.636	0.0962231	428.088	638.428	11.4917	0.0654321	20.2913	13.1872	13.5213	74.9889	255	0	0	13.0598	1.92653	2.08377	13.18	99.7115	0	0	35387.6	44928	50754.1	54187.7	0	0	0	0	0	0	 75
DATA	20:01:16:000	2023-12-16	272790	13.4619	592.324	0.0961793	427.93	638.062	11.4851	0.0654011	20.2828	13.1784	13.5211	74.977	255	0	0	13.0598	1.92663	2.0839	13.18	99.7149	0	0	35387	44928.7	50755.2	54188.6	0	0	0	0	0	0	228
DATA	20:01:17:000	2023-12-16	273090	13.4561	592.068	0.0961528	427.693	637.669	11.478	0.0653768	20.2679	13.169	13.5217	74.9863	255	0	0	13.0598	1.92655	2.08327	13.18	99.708	0	0	35388.4	44926.3	50755	54185.9	0	0	0	0	0	0	  2
DATA	20:01:18:000	2023-12-16	273390	13.4416	591.43	0.0960702	427.308	636.503	11.4571	0.0652893	20.2344	13.141	13.5232	74.9733	255	0	0	13.0604	1.92668	2.08153	13.18	99.7172	0	0	35390.3	44929.4	50758.8	54188.8	0	0	0	0	0	0	 79
DATA	20:01:19:000	2023-12-16	273690	13.4627	592.359	0.0961872	427.954	636.384	11.4549	0.0652828	20.2294	13.1382	13.5242	74.978	255	0	0	13.0598	1.92628	2.08365	13.18	99.7055	0	0	35386.1	44927.3	50759.8	54187.3	0	0	0	0	0	0	195
DATA	20:01:20:000	2023-12-16	273990	13.4681	592.596	0.0962118	428.157	636.863	11.4635	0.0653133	20.2462	13.1498	13.525	74.9727	255	0	0	13.0598	1.92662	2.08277	13.18	99.7165	0	0	35384.6	44929.6	50761	54188.5	0	0	0	0	0	0	 80
DATA	20:01:21:000	2023-12-16	274290	13.4798	593.111	0.0962829	428.434	636.88	11.4638	0.0653211	20.2422	13.1502	13.5258	74.9896	255	0	0	13.0598	1.92628	2.08315	13.18	99.7071	0	0	35382.2	44928.1	50760.6	54188.3	0	0	0	0	0	0	147
DATA	20:01:22:000	2023-12-16	274590	13.4763	592.957	0.0962597	428.368	635.738	11.4433	0.0652347	20.2081	13.1227	13.5256	74.9815	255	0	0	13.0598	1.92645	2.08277	13.18	99.715	0	0	35385.6	44930.3	50766.1	54189	0	0	0	0	0	0	 76
DATA	20:01:23:000	2023-12-16	274890	13.4978	593.903	0.0963821	429.005	637.551	11.4759	0.0653708	20.2635	13.1664	13.5259	74.9898	255	0	0	13.0591	1.92638	2.0829	13.18	99.7102	0	0	35381.9	44928.6	50761.5	54190.5	0	0	0	0	0	0	178
DATA	20:01:24:000	2023-12-16	275190	13.5086	594.378	0.0964335	429.421	637.924	11.4826	0.0653915	20.2788	13.1753	13.5263	74.9772	255	0	0	13.0591	1.92645	2.08377	13.18	99.7143	0	0	35379.2	44929.9	50759	54187.9	0	0	0	0	0	0	146
DATA	20:01:25:000	2023-12-16	275490	13.4996	593.982	0.0963875	429.141	637.855	11.4814	0.0653889	20.2769	13.1737	13.5269	74.9763	255	0	0	13.0598	1.9265	2.0834	13.18	99.7126	0	0	35379.8	44928.7	50758.4	54190.7	0	0	0	0	0	0	173
DATA	20:01:26:000	2023-12-16	275790	13.5023	594.101	0.0963972	429.226	637.344	11.4722	0.0653481	20.2606	13.1614	13.5272	74.9764	255	0	0	13.0598	1.92664	2.08427	13.18	99.7123	0	0	35378.5	44927.5	50758.8	54187.2	0	0	0	0	0	0	205
DATA	20:01:27:000	2023-12-16	276090	13.514	594.616	0.0964655	429.56	637.301	11.4714	0.0653487	20.2574	13.1605	13.5281	74.9834	255	0	0	13.0604	1.92644	2.08427	13.18	99.7151	0	0	35374.9	44930.3	50757.6	54190.3	0	0	0	0	0	0	 88
DATA	20:01:28:000	2023-12-16	276390	13.516	594.704	0.0964781	429.657	637.528	11.4755	0.0653667	20.2662	13.1659	13.5285	74.9776	255	0	0	13.0598	1.9263	2.08415	13.18	99.7089	0	0	35376.4	44928.7	50758.7	54189.8	0	0	0	0	0	0	168
DATA	20:01:29:000	2023-12-16	276690	13.523	595.012	0.0965144	429.841	638.074	11.4853	0.065405	20.2818	13.1791	13.5293	74.9845	255	0	0	13.0598	1.92644	2.08327	13.18	99.7151	0	0	35378.5	44930.3	50761.7	54189.3	0	0	0	0	0	0	109
DATA	20:01:30:000	2023-12-16	276990	13.5351	595.544	0.0965799	430.239	637.883	11.4819	0.0653909	20.2763	13.1746	13.5309	74.9826	255	0	0	13.0598	1.92647	2.0824	13.18	99.7121	0	0	35374.2	44928.8	50758	54190.2	0	0	0	0	0	0	 87
DATA	20:01:31:000	2023-12-16	277290	13.5241	595.06	0.0965212	429.884	637.429	11.4737	0.0653592	20.2616	13.1638	13.5321	74.9839	255	0	0	13.0604	1.92614	2.0834	13.18	99.7082	0	0	35377.8	44929.7	50763.6	54188.9	0	0	0	0	0	0	115
DATA	20:01:32:000	2023-12-16	277590	13.5367	595.615	0.0965921	430.258	636.919	11.4645	0.0653244	20.2442	13.1515	13.5329	74.9886	255	0	0	13.0598	1.92628	2.08315	13.18	99.7128	0	0	35373.5	44930.6	50762.9	54191.1	0	0	0	0	0	0	212
DATA	20:01:33:000	2023-12-16	277890	13.5316	595.39	0.0965625	430.139	637.253	11.4706	0.0653467	20.2568	13.1596	13.5342	74.9815	255	0	0	13.0598	1.92624	2.0829	13.18	99.7081	0	0	35377	44928.8	50763.3	54189.8	0	0	0	0	0	0	 34
DATA	20:01:34:000	2023-12-16	278190	13.5049	594.216	0.096418	429.278	637.83	11.4809	0.0653888	20.2746	13.1736	13.5357	74.9841	255	0	0	13.0598	1.92612	2.08302	13.18	99.7066	0	0	35376.3	44929.1	50757	54188.1	0	0	0	0	0	0	 28
DATA	20:01:35:000	2023-12-16	278490	13.5366	595.61	0.0965883	430.264	637.655	11.4778	0.0653747	20.268	13.1695	13.5373	74.9883	255	0	0	13.0604	1.9263	2.08415	13.18	99.7073	0	0	35367.5	44927.9	50751.9	54188.9	0	0	0	0	0	0	 96
