Model:	 LI-7500
SN:	75D-4923
Timestamp:	Dec 8 2023 at 3:39:12
DATAH	Time	Date	Sequence Number	CO2 (mmol/m^3)	CO2 (mg/m^3)	CO2 Absorptance	CO2 (umol/mol)	H2O (mmol/m^3)	H2O (g/m^3)	H2O Absorptance	H2O (mmol/mol)	Dew Point (C)	Temperature (C)	Pressure (kPa)	Diagnostic Value	Diagnostic Value 2	Diagnostic Word	DSI Vin (v)	Cooler Voltage (v)	Chopper Cooler Voltage (v)	Smart Flux Vin (v)	CO2 Signal Strength	Integral	Peak Height	CO2 Sample	CO2 Reference	H2O Sample	H2O Reference	CH4 Seconds	CH4 Nano Seconds	CH4 (umol/mol)	CH4 (mmol/m^3)	CH4 Signal Strength (RSSI)	CH4 Diagnostic Value	CHK
DATA	11:39:10:000	2023-12-08	2225175	12.9481	569.716	0.0933473	423.647	654.183	11.7753	0.0665426	21.4041	13.9884	21.5942	74.8957	255	0	0	12.7861	2.0436	2.35286	12.92	98.9927	0	0	34407.2	43530.2	48972.3	52251.9	0	0	0	0	0	0	226
DATA	11:39:11:000	2023-12-08	2225475	12.9467	569.655	0.0933363	423.676	656.784	11.8221	0.0667253	21.493	14.0509	21.6191	74.8889	255	0	0	12.7854	2.04347	2.35274	12.92	98.9724	0	0	34402.4	43522.6	48965.3	52242.5	0	0	0	0	0	0	229
DATA	11:39:12:000	2023-12-08	2225775	12.9474	569.686	0.093342	423.696	657.571	11.8363	0.0667831	21.5186	14.0707	21.6441	74.8958	255	0	0	12.7854	2.04336	2.35461	12.92	98.9543	0	0	34398.9	43515.8	48945.8	52235.5	0	0	0	0	0	0	  1
DATA	11:39:13:000	2023-12-08	2226075	12.9516	569.87	0.0933653	423.887	664.966	11.9694	0.0673104	21.7634	14.2445	21.6681	74.8924	255	0	0	12.7854	2.04342	2.35423	12.92	98.9648	0	0	34403.1	43519.7	48920.2	52237.7	0	0	0	0	0	0	232
DATA	11:39:14:000	2023-12-08	2226375	12.9782	571.041	0.0935155	424.751	669.98	12.0596	0.0676693	21.9271	14.362	21.6947	74.9003	255	0	0	12.7847	2.04339	2.35436	12.92	98.965	0	0	34403.3	43520.2	48918.5	52237.5	0	0	0	0	0	0	119
DATA	11:39:15:000	2023-12-08	2226675	12.9794	571.094	0.0935172	424.901	671.727	12.0911	0.0677887	21.99	14.4037	21.7221	74.8877	255	0	0	12.7861	2.04327	2.35336	12.92	98.9626	0	0	34397.7	43520.3	48904.4	52238.3	0	0	0	0	0	0	178
DATA	11:39:16:000	2023-12-08	2226975	12.9725	570.79	0.0934826	424.665	673.878	12.1298	0.0679441	22.0599	14.4544	21.747	74.8959	255	0	0	12.7847	2.0431	2.35448	12.92	98.9594	0	0	34397.4	43520.7	48891.8	52236.8	0	0	0	0	0	0	181
DATA	11:39:17:000	2023-12-08	2227275	12.9794	571.094	0.0935197	424.96	677.086	12.1875	0.0681698	22.1686	14.5294	21.775	74.8907	255	0	0	12.7847	2.04318	2.3556	12.92	98.9597	0	0	34398.3	43520	48874.6	52235	0	0	0	0	0	0	235
DATA	11:39:18:000	2023-12-08	2227575	12.9729	570.808	0.0934888	424.76	686.753	12.3616	0.0688548	22.4857	14.7505	21.8031	74.8956	255	0	0	12.7854	2.04307	2.35536	12.92	98.984	0	0	34407.9	43531.8	48856.9	52248	0	0	0	0	0	0	127
DATA	11:39:19:000	2023-12-08	2227875	12.9707	570.711	0.0934746	424.708	683.677	12.3062	0.0686367	22.3861	14.6822	21.8283	74.8985	255	0	0	12.7854	2.04263	2.35598	12.92	98.9992	0	0	34415.4	43543.1	48873.1	52261.2	0	0	0	0	0	0	 44
DATA	11:39:20:000	2023-12-08	2228175	12.9652	570.469	0.0934449	424.592	683.111	12.296	0.0685976	22.3709	14.6708	21.8548	74.894	255	0	0	12.7847	2.04276	2.35511	12.92	99.0105	0	0	34420.2	43546.8	48882.2	52266.8	0	0	0	0	0	0	178
DATA	11:39:21:000	2023-12-08	2228475	12.9596	570.222	0.0934164	424.411	692.252	12.4605	0.069241	22.6704	14.8783	21.8806	74.9001	255	0	0	12.7854	2.04294	2.35423	12.92	99.021	0	0	34422.1	43549.5	48845.5	52265	0	0	0	0	0	0	 31
DATA	11:39:22:000	2023-12-08	2228775	12.959	570.196	0.0934094	424.468	696.084	12.5295	0.0695058	22.8	14.9653	21.906	74.893	255	0	0	12.7854	2.04262	2.35348	12.92	99.0088	0	0	34422.8	43547.4	48836.7	52265	0	0	0	0	0	0	152
DATA	11:39:23:000	2023-12-08	2229075	12.9545	569.998	0.0933887	424.319	699.06	12.5831	0.069717	22.8974	15.0329	21.931	74.8996	255	0	0	12.7854	2.04274	2.35398	12.92	99.0126	0	0	34422.2	43547.9	48761.7	52260.6	0	0	0	0	0	0	161
DATA	11:39:24:000	2023-12-08	2229375	12.9554	570.038	0.0933928	424.383	699.176	12.5852	0.0697243	22.9031	15.0367	21.9543	74.8994	255	0	0	12.7847	2.04242	2.35486	12.92	99.013	0	0	34425.8	43551.4	48823.7	52269.3	0	0	0	0	0	0	234
DATA	11:39:25:000	2023-12-08	2229675	12.9559	570.06	0.0933957	424.443	702.928	12.6527	0.0699861	23.0284	15.1212	21.9777	74.8976	255	0	0	12.7847	2.04236	2.3556	12.92	99.0131	0	0	34425.8	43552	48801	52267.2	0	0	0	0	0	0	236
DATA	11:39:26:000	2023-12-08	2229975	12.9622	570.337	0.0934312	424.68	707.969	12.7434	0.070337	23.1952	15.2336	22.0018	74.8983	255	0	0	12.7847	2.04221	2.35386	12.92	99.0117	0	0	34425.8	43552.9	48789	52267.9	0	0	0	0	0	0	 78
DATA	11:39:27:000	2023-12-08	2230275	12.9615	570.306	0.0934244	424.737	711.254	12.8026	0.0705619	23.3072	15.3069	22.025	74.8902	255	0	0	12.7861	2.04235	2.35473	12.92	99.0142	0	0	34426.5	43552.6	48772.4	52266.6	0	0	0	0	0	0	170
DATA	11:39:28:000	2023-12-08	2230575	12.9637	570.403	0.0934392	424.794	710.817	12.7947	0.0705341	23.292	15.2984	22.0452	74.8979	255	0	0	12.7854	2.04213	2.35386	12.92	99.0132	0	0	34425.8	43554.4	48776.3	52268.1	0	0	0	0	0	0	216
DATA	11:39:29:000	2023-12-08	2230875	12.9576	570.134	0.0934072	424.615	717.358	12.9124	0.0709881	23.5075	15.4423	22.0674	74.8999	255	0	0	12.7854	2.04223	2.35436	12.92	99.0099	0	0	34426.6	43552	48756.5	52266.6	0	0	0	0	0	0	180
DATA	11:39:30:000	2023-12-08	2231175	12.9628	570.363	0.0934347	424.839	719.29	12.9472	0.0711204	23.5738	15.4854	22.0893	74.896	255	0	0	12.7854	2.04232	2.35436	12.92	99.0081	0	0	34422.5	43550.2	48738.3	52262.2	0	0	0	0	0	0	145
DATA	11:39:31:000	2023-12-08	2231475	12.9662	570.513	0.093452	424.984	719.076	12.9434	0.0711043	23.5687	15.4817	22.1081	74.8948	255	0	0	12.7854	2.04213	2.35486	12.92	98.9873	0	0	34416.7	43543	48732.4	52253.8	0	0	0	0	0	0	118
DATA	11:39:32:000	2023-12-08	2231775	12.9613	570.297	0.0934279	424.843	725.229	13.0541	0.0715308	23.7714	15.6158	22.1292	74.8967	255	0	0	12.7847	2.04195	2.35448	12.92	98.9829	0	0	34416.4	43542.9	48712.9	52252.3	0	0	0	0	0	0	 24
DATA	11:39:33:000	2023-12-08	2232075	12.9667	570.535	0.0934569	425.056	725.966	13.0674	0.0715803	23.7976	15.6328	22.1512	74.896	255	0	0	12.7854	2.04195	2.35436	12.92	98.9963	0	0	34421.2	43548.8	48715.3	52261.1	0	0	0	0	0	0	230
DATA	11:39:34:000	2023-12-08	2232375	12.9706	570.706	0.093479	425.238	731.569	13.1682	0.0719656	23.9843	15.754	22.1722	74.8917	255	0	0	12.7847	2.04182	2.35398	12.92	99.002	0	0	34423.6	43552.7	48701.2	52263.1	0	0	0	0	0	0	110
DATA	11:39:35:000	2023-12-08	2232675	12.9718	570.759	0.0934883	425.263	735.051	13.2309	0.0722067	24.0977	15.8291	22.1886	74.8984	255	0	0	12.7854	2.04187	2.35486	12.92	99.0032	0	0	34424	43552.8	48696.5	52263.2	0	0	0	0	0	0	189
DATA	11:39:36:000	2023-12-08	2232975	12.9742	570.865	0.0934958	425.417	734.864	13.2276	0.0721884	24.0958	15.8261	22.2068	74.8898	255	0	0	12.7854	2.04175	2.35473	12.92	99.0045	0	0	34425.8	43554.5	48685.8	52264.8	0	0	0	0	0	0	 56
DATA	11:39:37:000	2023-12-08	2233275	12.9703	570.693	0.0934786	425.278	735.635	13.2414	0.0722451	24.1205	15.8435	22.2252	74.8964	255	0	0	12.7854	2.04149	2.35373	12.92	98.9979	0	0	34424.5	43554.3	48682.5	52264.7	0	0	0	0	0	0	 22
DATA	11:39:38:000	2023-12-08	2233575	12.973	570.812	0.0934904	425.435	737.06	13.2671	0.0723393	24.1711	15.8746	22.2427	74.8888	255	0	0	12.7847	2.04146	2.35436	12.92	98.9994	0	0	34425.1	43555.3	48679.3	52264.8	0	0	0	0	0	0	186
DATA	11:39:39:000	2023-12-08	2233875	12.9773	571.001	0.0935142	425.577	740.856	13.3354	0.0725987	24.2956	15.9558	22.2565	74.8922	255	0	0	12.7854	2.04149	2.35386	12.92	99.0042	0	0	34425.8	43557.1	48637.6	52265.6	0	0	0	0	0	0	 37
DATA	11:39:40:000	2023-12-08	2234175	12.9733	570.825	0.0934943	425.455	745.681	13.4223	0.0729292	24.4544	16.0583	22.2726	74.8946	255	0	0	12.7854	2.04155	2.35461	12.92	99.0018	0	0	34427	43555.4	48650	52263.5	0	0	0	0	0	0	 58
DATA	11:39:41:000	2023-12-08	2234475	12.974	570.856	0.0935	425.492	747.173	13.4491	0.0730328	24.5041	16.0904	22.288	74.896	255	0	0	12.7854	2.04146	2.35386	12.92	99.0087	0	0	34427.4	43559.3	48646.8	52267.8	0	0	0	0	0	0	229
DATA	11:39:42:000	2023-12-08	2234775	12.9773	571.001	0.0935173	425.619	752.121	13.5382	0.0733678	24.6675	16.1946	22.3031	74.8965	255	0	0	12.7847	2.04138	2.35448	12.92	98.999	0	0	34425.1	43555.9	48623.4	52264	0	0	0	0	0	0	129
DATA	11:39:43:000	2023-12-08	2235075	12.971	570.724	0.0934845	425.453	756.383	13.6149	0.073658	24.8096	16.2841	22.3179	74.8931	255	0	0	12.7847	2.04118	2.35486	12.92	99.0051	0	0	34430.5	43560.7	48585.4	52265.4	0	0	0	0	0	0	170
DATA	11:39:44:000	2023-12-08	2235375	12.9751	570.904	0.0935054	425.607	756.153	13.6108	0.0736408	24.8032	16.2799	22.3286	74.8924	255	0	0	12.7854	2.04102	2.35386	12.92	98.9942	0	0	34425.2	43557.6	48610.6	52264.7	0	0	0	0	0	0	 11
DATA	11:39:45:000	2023-12-08	2235675	12.985	571.34	0.093563	425.922	754.15	13.5747	0.0735084	24.7369	16.2389	22.3415	74.8974	255	0	0	12.7854	2.04133	2.35523	12.92	99.0076	0	0	34426.2	43560.2	48609.2	52268.7	0	0	0	0	0	0	 68
DATA	11:39:46:000	2023-12-08	2235975	12.9585	570.174	0.0934156	425.095	770.969	13.8774	0.0746413	25.2911	16.5861	22.3545	74.8933	255	0	0	12.7847	2.0411	2.35548	12.92	99.0008	0	0	34426.2	43559.6	48585.4	52264.8	0	0	0	0	0	0	244
DATA	11:39:47:000	2023-12-08	2236275	12.9813	571.177	0.093542	425.875	768.521	13.8334	0.0744777	25.2127	16.5367	22.3664	74.8907	255	0	0	12.7847	2.04123	2.35461	12.92	99.0026	0	0	34426.9	43559.1	48568	52264.4	0	0	0	0	0	0	134
DATA	11:39:48:000	2023-12-08	2236575	12.9878	571.463	0.0935773	426.103	763.097	13.7357	0.0741117	25.0356	16.426	22.3785	74.8912	255	0	0	12.7834	2.04108	2.35373	12.92	99.0022	0	0	34426.2	43560.5	48580.9	52266.4	0	0	0	0	0	0	213
DATA	11:39:49:000	2023-12-08	2236875	12.9583	570.165	0.0934153	425.152	768.031	13.8246	0.0744446	25.1985	16.5279	22.3896	74.891	255	0	0	12.7854	2.04098	2.35386	12.92	99.0028	0	0	34428.5	43561.7	48552.6	52264.8	0	0	0	0	0	0	248
DATA	11:39:50:000	2023-12-08	2237175	12.9615	570.306	0.0934319	425.257	768.341	13.8301	0.0744643	25.2087	16.5347	22.3983	74.8931	255	0	0	12.7847	2.04076	2.35411	12.92	98.9964	0	0	34434.1	43561.2	48541.3	52264.7	0	0	0	0	0	0	  0
DATA	11:39:51:000	2023-12-08	2237475	12.9518	569.879	0.0933771	424.982	775.766	13.9638	0.0749618	25.4549	16.6865	22.408	74.8881	255	0	0	12.7834	2.04074	2.35398	12.92	98.993	0	0	34429.4	43560	48548.5	52264.2	0	0	0	0	0	0	143
DATA	11:39:52:000	2023-12-08	2237775	12.9798	571.111	0.0935328	425.902	773.45	13.9221	0.0748077	25.379	16.64	22.4181	74.8904	255	0	0	12.7847	2.04073	2.35498	12.92	98.9939	0	0	34428.8	43560.4	48539.8	52264.7	0	0	0	0	0	0	102
DATA	11:39:53:000	2023-12-08	2238075	12.9604	570.258	0.0934248	425.27	776.172	13.9711	0.074989	25.4685	16.6958	22.4278	74.8921	255	0	0	12.7854	2.0408	2.35486	12.92	98.997	0	0	34430.6	43561	48540.2	52264.1	0	0	0	0	0	0	250
DATA	11:39:54:000	2023-12-08	2238375	12.9858	571.375	0.0935637	426.158	776.097	13.9697	0.0749826	25.4694	16.6948	22.4368	74.8847	255	0	0	12.7841	2.04074	2.35523	12.92	98.9941	0	0	34428.9	43560.4	48537.1	52265	0	0	0	0	0	0	242
DATA	11:39:55:000	2023-12-08	2238675	12.9744	570.874	0.0935004	425.796	777.751	13.9995	0.0750927	25.5244	16.7288	22.4462	74.8849	255	0	0	12.7861	2.04062	2.35423	12.92	98.9948	0	0	34429.8	43561.9	48532.3	52266.1	0	0	0	0	0	0	 66
DATA	11:39:56:000	2023-12-08	2238975	12.9696	570.662	0.0934764	425.642	779.743	14.0354	0.0752291	25.59	16.7695	22.4543	74.8863	255	0	0	12.7861	2.04031	2.35461	12.92	98.9882	0	0	34430.8	43562.2	48518.8	52266.2	0	0	0	0	0	0	201
DATA	11:39:57:000	2023-12-08	2239275	12.9467	569.655	0.0933517	424.915	789.684	14.2143	0.0758934	25.9177	16.9696	22.4619	74.884	255	0	0	12.7861	2.04031	2.35498	12.92	98.9912	0	0	34442.4	43563.5	48463.9	52262.4	0	0	0	0	0	0	 21
DATA	11:39:58:000	2023-12-08	2239575	12.9837	571.283	0.0935553	426.1	785.622	14.1412	0.0756226	25.7826	16.8887	22.4689	74.8909	255	0	0	12.7868	2.04024	2.35486	12.92	98.9843	0	0	34431.1	43561.2	48496.2	52262.7	0	0	0	0	0	0	206
DATA	11:39:59:000	2023-12-08	2239875	12.9609	570.28	0.0934311	425.351	787.981	14.1837	0.0757813	25.86	16.9363	22.4752	74.8927	255	0	0	12.7861	2.04064	2.35386	12.92	98.9996	0	0	34432.6	43563.8	48492.3	52266.5	0	0	0	0	0	0	167
DATA	11:40:00:000	2023-12-08	2240175	12.9578	570.143	0.0934151	425.252	788.625	14.1952	0.0758255	25.8813	16.9495	22.4807	74.8935	255	0	0	12.7854	2.04026	2.35498	12.92	98.9892	0	0	34434.3	43563.1	48484.2	52265.9	0	0	0	0	0	0	 24
DATA	11:40:01:000	2023-12-08	2240475	12.9729	570.808	0.0934946	425.777	790.748	14.2335	0.0759624	25.9528	16.9921	22.4858	74.8896	255	0	0	12.7868	2.04029	2.35548	12.92	98.9923	0	0	34431.8	43564.2	48481.6	52265.3	0	0	0	0	0	0	 62
DATA	11:40:02:000	2023-12-08	2240775	12.9677	570.579	0.0934699	425.556	792.362	14.2625	0.0760739	26.0026	17.0246	22.4905	74.8997	255	0	0	12.7868	2.04012	2.35498	12.92	98.9857	0	0	34430.5	43563.1	48476	52265	0	0	0	0	0	0	 99
DATA	11:40:03:000	2023-12-08	2241075	12.9562	570.073	0.0934075	425.216	798.281	14.3691	0.0764678	26.1992	17.1423	22.4948	74.8942	255	0	0	12.7861	2.04006	2.35536	12.92	98.99	0	0	34437.2	43565.6	48448.2	52265.4	0	0	0	0	0	0	167
DATA	11:40:04:000	2023-12-08	2241375	12.9741	570.86	0.0935042	425.814	795.929	14.3267	0.0763098	26.1226	17.0959	22.4989	74.8934	255	0	0	12.7854	2.04009	2.35498	12.92	98.9877	0	0	34434.4	43564.3	48462.2	52265.2	0	0	0	0	0	0	244
DATA	11:40:05:000	2023-12-08	2241675	12.959	570.196	0.0934204	425.304	797.776	14.36	0.0764317	26.1824	17.1327	22.5029	74.897	255	0	0	12.7854	2.04019	2.35598	12.92	98.9942	0	0	34436.6	43566.1	48456.3	52266.7	0	0	0	0	0	0	 78
DATA	11:40:06:000	2023-12-08	2241975	12.972	570.768	0.0934948	425.72	799.193	14.3855	0.0765283	26.2282	17.161	22.5064	74.8997	255	0	0	12.7847	2.04028	2.35511	12.92	98.9975	0	0	34433.8	43566.6	48452.2	52268.3	0	0	0	0	0	0	149
DATA	11:40:07:000	2023-12-08	2242275	12.9757	570.931	0.093513	425.871	801.859	14.4335	0.0767024	26.3175	17.2138	22.5097	74.8954	255	0	0	12.7854	2.04022	2.35511	12.92	98.993	0	0	34434.3	43565.3	48444	52267.3	0	0	0	0	0	0	 53
DATA	11:40:08:000	2023-12-08	2242575	12.9743	570.869	0.0935062	425.845	802.964	14.4534	0.0767767	26.355	17.2357	22.5128	74.8927	255	0	0	12.7847	2.03999	2.35536	12.92	98.9957	0	0	34432.4	43568.8	48441.6	52267.9	0	0	0	0	0	0	 17
DATA	11:40:09:000	2023-12-08	2242875	12.9671	570.552	0.0934669	425.593	805.596	14.5007	0.076951	26.4405	17.2876	22.5154	74.896	255	0	0	12.7854	2.03993	2.35511	12.92	98.9871	0	0	34434.4	43565.6	48435.9	52266.9	0	0	0	0	0	0	202
DATA	11:40:10:000	2023-12-08	2243175	12.9742	570.865	0.0935059	425.825	806.348	14.5143	0.0770005	26.4651	17.3025	22.5177	74.8968	255	0	0	12.7854	2.03974	2.35448	12.92	98.985	0	0	34432.9	43566.8	48419.8	52264.8	0	0	0	0	0	0	234
DATA	11:40:11:000	2023-12-08	2243475	12.9773	571.001	0.0935239	425.933	812.928	14.6327	0.0774348	26.6814	17.4312	22.5197	74.8963	255	0	0	12.7847	2.03988	2.35498	12.92	98.9861	0	0	34432.1	43565.8	48414.6	52265.7	0	0	0	0	0	0	 35
DATA	11:40:12:000	2023-12-08	2243775	12.9796	571.102	0.0935381	426.026	809.325	14.5679	0.0771993	26.5643	17.361	22.5225	74.8938	255	0	0	12.7841	2.03997	2.35411	12.92	98.9943	0	0	34434.3	43568.4	48416.6	52267.4	0	0	0	0	0	0	232
DATA	11:40:13:000	2023-12-08	2244075	12.9804	571.138	0.093545	426.023	810.205	14.5837	0.0772599	26.5913	17.3783	22.5239	74.8993	255	0	0	12.7854	2.03979	2.35536	12.92	98.985	0	0	34432.1	43566.2	48411.1	52266.7	0	0	0	0	0	0	170
DATA	11:40:14:000	2023-12-08	2244375	12.9758	570.935	0.0935181	425.879	818.333	14.73	0.0777927	26.8585	17.5364	22.5255	74.8986	255	0	0	12.7847	2.03966	2.3556	12.92	98.9874	0	0	34432.5	43568.6	48406.9	52267.1	0	0	0	0	0	0	177
DATA	11:40:15:000	2023-12-08	2244675	12.9848	571.331	0.0935676	426.164	813.784	14.6481	0.0774939	26.7086	17.4482	22.5269	74.9007	255	0	0	12.7847	2.03956	2.35548	12.92	98.98	0	0	34430.2	43566.3	48379.3	52263.9	0	0	0	0	0	0	207
DATA	11:40:16:000	2023-12-08	2244975	12.9838	571.287	0.0935633	426.14	815.285	14.6751	0.0775935	26.7584	17.4775	22.5284	74.8995	255	0	0	12.7841	2.03944	2.35511	12.92	98.9814	0	0	34432.9	43568.2	48393	52265.4	0	0	0	0	0	0	162
DATA	11:40:17:000	2023-12-08	2245275	12.9841	571.3	0.0935646	426.156	815.19	14.6734	0.0775871	26.7557	17.4757	22.5293	74.8987	255	0	0	12.7847	2.03929	2.35548	12.92	98.9762	0	0	34431.6	43567.4	48394.2	52266.7	0	0	0	0	0	0	167
DATA	11:40:18:000	2023-12-08	2245575	12.988	571.472	0.0935849	426.301	819.272	14.7469	0.0778541	26.8907	17.5549	22.5311	74.8962	255	0	0	12.7841	2.03934	2.3556	12.92	98.9793	0	0	34430.4	43568.3	48384.6	52265.3	0	0	0	0	0	0	204
DATA	11:40:19:000	2023-12-08	2245875	12.9836	571.278	0.0935613	426.173	818.161	14.7269	0.0777815	26.8553	17.5335	22.5324	74.8936	255	0	0	12.7847	2.03953	2.35461	12.92	98.9863	0	0	34432.8	43569.4	48385.9	52266.8	0	0	0	0	0	0	 64
DATA	11:40:20:000	2023-12-08	2246175	12.9956	571.806	0.0936256	426.569	822.005	14.7961	0.0780317	26.9816	17.6078	22.5334	74.8935	255	0	0	12.7847	2.03958	2.35461	12.92	98.9872	0	0	34430.6	43569.3	48364.1	52267.6	0	0	0	0	0	0	 41
DATA	11:40:21:000	2023-12-08	2246475	12.9902	571.569	0.0935969	426.399	829.967	14.9394	0.0785534	27.2434	17.7608	22.5343	74.8925	255	0	0	12.7847	2.03944	2.35448	12.92	98.9846	0	0	34432.2	43569.5	48363.6	52265.4	0	0	0	0	0	0	 75
DATA	11:40:22:000	2023-12-08	2246775	12.9977	571.899	0.0936406	426.603	822.097	14.7977	0.0780416	26.9824	17.6097	22.535	74.9001	255	0	0	12.7847	2.03927	2.35436	12.92	98.9781	0	0	34429.9	43568.4	48370.5	52265.1	0	0	0	0	0	0	  5
DATA	11:40:23:000	2023-12-08	2247075	12.9972	571.877	0.0936344	426.612	825.428	14.8577	0.0782558	27.0933	17.6739	22.5359	74.8958	255	0	0	12.7854	2.03937	2.35411	12.92	98.9856	0	0	34429.6	43570.8	48360.3	52267.2	0	0	0	0	0	0	 61
DATA	11:40:24:000	2023-12-08	2247375	13.0016	572.07	0.0936596	426.751	825.398	14.8572	0.0782549	27.092	17.6733	22.536	74.8968	255	0	0	12.7847	2.03929	2.35511	12.92	98.9792	0	0	34429.3	43568.8	48356.6	52264.3	0	0	0	0	0	0	154
DATA	11:40:25:000	2023-12-08	2247675	13.0053	572.233	0.0936792	426.898	827.993	14.9039	0.0784236	27.1788	17.7231	22.5362	74.8924	255	0	0	12.7847	2.03926	2.35386	12.92	98.9803	0	0	34429.3	43569.6	48345.9	52266.3	0	0	0	0	0	0	 58
DATA	11:40:26:000	2023-12-08	2247975	13.0041	572.18	0.0936746	426.834	825.817	14.8647	0.0782835	27.1058	17.6813	22.5361	74.8966	255	0	0	12.7841	2.03894	2.35448	12.92	98.9743	0	0	34429.8	43570.2	48355.2	52266.4	0	0	0	0	0	0	245
DATA	11:40:27:000	2023-12-08	2248275	13.0167	572.735	0.0937451	427.241	833.696	15.0065	0.078799	27.364	17.832	22.5356	74.8976	255	0	0	12.7847	2.03915	2.35486	12.92	98.9822	0	0	34428	43571.5	48316.3	52265.7	0	0	0	0	0	0	 44
DATA	11:40:28:000	2023-12-08	2248575	13.0102	572.449	0.0937059	427.025	830.517	14.9493	0.0785881	27.2595	17.7714	22.5357	74.8981	255	0	0	12.7847	2.03915	2.35473	12.92	98.9783	0	0	34429.2	43569.8	48336.1	52264.5	0	0	0	0	0	0	 47
DATA	11:40:29:000	2023-12-08	2248875	13.0161	572.708	0.0937408	427.227	830.099	14.9418	0.078563	27.2463	17.7634	22.5364	74.8969	255	0	0	12.7841	2.03912	2.35548	12.92	98.9768	0	0	34427.4	43569.4	48339.2	52265.7	0	0	0	0	0	0	  1
DATA	11:40:30:000	2023-12-08	2249175	13.0235	573.034	0.0937813	427.458	835.541	15.0397	0.078918	27.4242	17.8672	22.5363	74.8989	255	0	0	12.7847	2.03917	2.35348	12.92	98.981	0	0	34426.4	43570.8	48330.3	52265.4	0	0	0	0	0	0	177
DATA	11:40:31:000	2023-12-08	2249475	13.0324	573.426	0.0938318	427.75	834.744	15.0254	0.0788674	27.398	17.852	22.5359	74.8989	255	0	0	12.7847	2.03899	2.35461	12.92	98.9781	0	0	34424.1	43571.4	48323.8	52266.5	0	0	0	0	0	0	154
DATA	11:40:32:000	2023-12-08	2249775	13.0283	573.245	0.0938079	427.614	835.43	15.0377	0.0789109	27.4204	17.865	22.5354	74.899	255	0	0	12.7854	2.03888	2.35448	12.92	98.9752	0	0	34426.4	43571.2	48325.7	52266.3	0	0	0	0	0	0	139
DATA	11:40:33:000	2023-12-08	2250075	13.0252	573.109	0.0937931	427.531	835.02	15.0304	0.0788865	27.4082	17.8572	22.5358	74.8958	255	0	0	12.7847	2.03873	2.35486	12.92	98.9745	0	0	34425.7	43572.5	48324.3	52267.1	0	0	0	0	0	0	218
DATA	11:40:34:000	2023-12-08	2250375	13.0394	573.734	0.0938711	428.001	842.639	15.1675	0.0793814	27.6585	18.0016	22.5358	74.8951	255	0	0	12.7841	2.03876	2.35461	12.92	98.9722	0	0	34423.7	43571.1	48299.8	52265	0	0	0	0	0	0	173
DATA	11:40:35:000	2023-12-08	2250675	13.0316	573.39	0.093827	427.734	839.621	15.1132	0.0791842	27.5588	17.9446	22.536	74.897	255	0	0	12.7847	2.0388	2.35473	12.92	98.9806	0	0	34426.2	43574.4	48311.3	52268.9	0	0	0	0	0	0	 33
DATA	11:40:36:000	2023-12-08	2250975	13.0272	573.197	0.0938035	427.599	837.339	15.0721	0.0790368	27.4844	17.9013	22.5363	74.8955	255	0	0	12.7847	2.03869	2.35461	12.92	98.9716	0	0	34425.9	43571.6	48315	52267.1	0	0	0	0	0	0	197
DATA	11:40:37:000	2023-12-08	2251275	13.0433	573.905	0.0938895	428.142	839.236	15.1062	0.0791569	27.5476	17.9373	22.5363	74.893	255	0	0	12.7854	2.03877	2.35486	12.92	98.9794	0	0	34425.8	43574.2	48312.5	52269	0	0	0	0	0	0	155
DATA	11:40:38:000	2023-12-08	2251575	13.0473	574.081	0.0939129	428.273	841.631	15.1494	0.0793143	27.6262	17.9825	22.5354	74.8928	255	0	0	12.7841	2.03854	2.35436	12.92	98.9692	0	0	34422.3	43572.1	48304.8	52267.8	0	0	0	0	0	0	 17
DATA	11:40:39:000	2023-12-08	2251875	13.0523	574.301	0.0939413	428.43	843.291	15.1792	0.0794231	27.6803	18.0138	22.5347	74.8938	255	0	0	12.7847	2.03877	2.35398	12.92	98.9797	0	0	34421.9	43574.3	48297	52267.3	0	0	0	0	0	0	145
DATA	11:40:40:000	2023-12-08	2252175	13.0579	574.548	0.0939712	428.632	843.987	15.1918	0.0794672	27.7043	18.0269	22.5342	74.8905	255	0	0	12.7847	2.03898	2.35498	12.92	98.9822	0	0	34421.7	43573.3	48293.3	52267.6	0	0	0	0	0	0	 51
DATA	11:40:41:000	2023-12-08	2252475	13.0465	574.046	0.0939086	428.229	843.021	15.1744	0.0794045	27.6707	18.0087	22.5331	74.8953	255	0	0	12.7847	2.03861	2.35411	12.92	98.9736	0	0	34421.1	43573.3	48289.7	52266.9	0	0	0	0	0	0	  7
DATA	11:40:42:000	2023-12-08	2252775	13.0607	574.671	0.0939863	428.704	847.064	15.2472	0.0796661	27.804	18.0847	22.5321	74.8935	255	0	0	12.7841	2.03858	2.35461	12.92	98.974	0	0	34420.2	43573.8	48286.8	52268.2	0	0	0	0	0	0	183
DATA	11:40:43:000	2023-12-08	2253075	13.0662	574.913	0.0940179	428.873	846.939	15.2449	0.0796592	27.7991	18.0823	22.5312	74.8953	255	0	0	12.7847	2.03845	2.35511	12.92	98.9721	0	0	34419.5	43574.3	48283.3	52266.8	0	0	0	0	0	0	 42
DATA	11:40:44:000	2023-12-08	2253375	13.0708	575.115	0.0940433	429.037	849.236	15.2862	0.0798083	27.8754	18.1254	22.5302	74.8928	255	0	0	12.7847	2.03853	2.35511	12.92	98.9705	0	0	34418.6	43572.7	48271.8	52265.5	0	0	0	0	0	0	 16
DATA	11:40:45:000	2023-12-08	2253675	13.0674	574.966	0.0940256	428.911	848.03	15.2645	0.0797316	27.8348	18.1027	22.5293	74.8951	255	0	0	12.7841	2.03822	2.35423	12.92	98.9642	0	0	34418.4	43573.2	48277.5	52266.8	0	0	0	0	0	0	229
DATA	11:40:46:000	2023-12-08	2253975	13.0756	575.326	0.0940698	429.181	849.946	15.299	0.0798543	27.8978	18.1386	22.5288	74.8947	255	0	0	12.7847	2.03839	2.35473	12.92	98.9694	0	0	34417.7	43573.7	48271.8	52267	0	0	0	0	0	0	213
DATA	11:40:47:000	2023-12-08	2254275	13.0761	575.348	0.0940743	429.167	849.493	15.2909	0.0798267	27.8809	18.13	22.5275	74.8998	255	0	0	12.7841	2.0384	2.35386	12.92	98.9722	0	0	34417.4	43574.8	48273.2	52268.9	0	0	0	0	0	0	168
DATA	11:40:48:000	2023-12-08	2254575	13.0858	575.775	0.0941243	429.527	852.341	15.3421	0.0800073	27.9772	18.1832	22.5253	74.8919	255	0	0	12.7834	2.03848	2.35423	12.92	98.9732	0	0	34416.2	43574.4	48263.6	52266.6	0	0	0	0	0	0	 15
DATA	11:40:49:000	2023-12-08	2254875	13.091	576.004	0.094157	429.644	851.779	15.332	0.0799758	27.9552	18.1726	22.5234	74.9008	255	0	0	12.7847	2.03832	2.35486	12.92	98.9681	0	0	34413	43573.9	48265.8	52267	0	0	0	0	0	0	210
DATA	11:40:50:000	2023-12-08	2255175	13.0899	575.956	0.0941489	429.662	853.807	15.3685	0.0801042	28.0253	18.2104	22.5211	74.8908	255	0	0	12.7847	2.03834	2.35398	12.92	98.9733	0	0	34416.7	43575.9	48259.6	52268.9	0	0	0	0	0	0	 43
DATA	11:40:51:000	2023-12-08	2255475	13.0907	575.991	0.0941544	429.664	853.464	15.3624	0.0800837	28.0125	18.2038	22.5185	74.8943	255	0	0	12.7841	2.03824	2.35423	12.92	98.9703	0	0	34415.8	43575.6	48260.9	52269.6	0	0	0	0	0	0	 15
DATA	11:40:52:000	2023-12-08	2255775	13.0972	576.277	0.0941906	429.841	855.15	15.3927	0.0801928	28.0655	18.2351	22.5158	74.8999	255	0	0	12.7841	2.03797	2.35386	12.92	98.966	0	0	34414.4	43576.5	48256.2	52269.8	0	0	0	0	0	0	211
DATA	11:40:53:000	2023-12-08	2256075	13.1012	576.453	0.0942123	429.991	855.271	15.3949	0.0802002	28.0706	18.2372	22.5132	74.8961	255	0	0	12.7847	2.03819	2.35423	12.92	98.9684	0	0	34413.8	43575.3	48257	52268.8	0	0	0	0	0	0	158
DATA	11:40:54:000	2023-12-08	2256375	13.1109	576.88	0.094267	430.27	860.81	15.4946	0.0805586	28.2498	18.34	22.5106	74.9023	255	0	0	12.7847	2.03804	2.35311	12.92	98.9656	0	0	34410.4	43575.6	48234.6	52266.5	0	0	0	0	0	0	212
DATA	11:40:55:000	2023-12-08	2256675	13.1118	576.919	0.0942706	430.323	858.15	15.4467	0.0803859	28.1641	18.2905	22.5086	74.8977	255	0	0	12.7841	2.03801	2.35386	12.92	98.9617	0	0	34410.2	43574.2	48243.1	52266.4	0	0	0	0	0	0	214
DATA	11:40:56:000	2023-12-08	2256975	13.1124	576.946	0.0942732	430.328	859.217	15.4659	0.0804539	28.1981	18.3103	22.5075	74.8999	255	0	0	12.7841	2.0382	2.35523	12.92	98.9693	0	0	34412.1	43575.6	48240.2	52267.5	0	0	0	0	0	0	227
DATA	11:40:57:000	2023-12-08	2257275	13.124	577.456	0.0943384	430.672	859.937	15.4789	0.0805019	28.2194	18.3235	22.5051	74.9057	255	0	0	12.7847	2.03809	2.35361	12.92	98.9715	0	0	34411.6	43577.7	48240.2	52270.6	0	0	0	0	0	0	224
DATA	11:40:58:000	2023-12-08	2257575	13.1162	577.113	0.0942956	430.467	860.888	15.496	0.080563	28.2539	18.341	22.5032	74.8964	255	0	0	12.7847	2.03787	2.35361	12.92	98.96	0	0	34408.9	43574.9	48230.9	52266.3	0	0	0	0	0	0	 39
DATA	11:40:59:000	2023-12-08	2257875	13.1205	577.302	0.094317	430.635	861.066	15.4992	0.080572	28.2615	18.3442	22.5008	74.891	255	0	0	12.7841	2.03792	2.35236	12.92	98.9684	0	0	34411.4	43578.1	48235.2	52271.9	0	0	0	0	0	0	 99
DATA	11:41:00:000	2023-12-08	2258175	13.1152	577.069	0.0942888	430.434	861.03	15.4985	0.0805711	28.2586	18.3434	22.4987	74.8952	255	0	0	12.7841	2.03802	2.35436	12.92	98.9637	0	0	34410.6	43575	48233.5	52267	0	0	0	0	0	0	 19
DATA	11:41:01:000	2023-12-08	2258475	13.1253	577.513	0.0943437	430.783	861.902	15.5142	0.0806264	28.2883	18.3594	22.4959	74.8915	255	0	0	12.7847	2.03802	2.35324	12.92	98.9668	0	0	34408.9	43576.4	48233.7	52268.5	0	0	0	0	0	0	 29
DATA	11:41:02:000	2023-12-08	2258775	13.1226	577.394	0.0943314	430.652	862.174	15.5191	0.080647	28.2945	18.3643	22.493	74.8981	255	0	0	12.7847	2.03778	2.35386	12.92	98.959	0	0	34408.5	43575.4	48230	52267.2	0	0	0	0	0	0	 33
DATA	11:41:03:000	2023-12-08	2259075	13.1348	577.931	0.0943946	431.105	863.768	15.5478	0.0807447	28.3503	18.3935	22.4898	74.8881	255	0	0	12.7841	2.03777	2.35311	12.92	98.9607	0	0	34406.8	43576.2	48226.5	52268.4	0	0	0	0	0	0	 40
DATA	11:41:04:000	2023-12-08	2259375	13.1285	577.654	0.0943621	430.864	863.808	15.5485	0.0807496	28.3493	18.3941	22.4863	74.8932	255	0	0	12.782	2.03781	2.35436	12.92	98.9627	0	0	34408.5	43576.8	48222.6	52269.2	0	0	0	0	0	0	249
DATA	11:41:05:000	2023-12-08	2259675	13.1276	577.614	0.0943589	430.815	864.511	15.5612	0.080797	28.3711	18.4069	22.4832	74.8959	255	0	0	12.7841	2.03782	2.35361	12.92	98.9617	0	0	34408.4	43576.2	48223	52268.3	0	0	0	0	0	0	133
DATA	11:41:06:000	2023-12-08	2259975	13.1385	578.094	0.0944171	431.16	865.984	15.5877	0.0808896	28.4186	18.4339	22.4798	74.8972	255	0	0	12.7847	2.03795	2.35336	12.92	98.9697	0	0	34407	43578.3	48216.9	52270.2	0	0	0	0	0	0	193
DATA	11:41:07:000	2023-12-08	2260275	13.1386	578.098	0.0944237	431.139	867.045	15.6068	0.0809645	28.4518	18.4533	22.4775	74.9008	255	0	0	12.7841	2.0377	2.35361	12.92	98.9639	0	0	34407.2	43578.3	48212.9	52269.2	0	0	0	0	0	0	231
DATA	11:41:08:000	2023-12-08	2260575	13.1395	578.138	0.0944206	431.203	867.586	15.6165	0.0809904	28.4718	18.4631	22.4747	74.8941	255	0	0	12.7841	2.03762	2.35348	12.92	98.9571	0	0	34405.4	43576.2	48208.1	52267.7	0	0	0	0	0	0	 19
DATA	11:41:09:000	2023-12-08	2260875	13.1449	578.376	0.0944524	431.372	868.91	15.6404	0.0810773	28.5148	18.4873	22.472	74.8948	255	0	0	12.7841	2.03742	2.35274	12.92	98.9601	0	0	34407.6	43579.6	48207.5	52270.6	0	0	0	0	0	0	182
DATA	11:41:10:000	2023-12-08	2261175	13.1457	578.411	0.0944574	431.385	868.94	15.6409	0.0810804	28.5148	18.4878	22.4704	74.8968	255	0	0	12.7841	2.03771	2.35324	12.92	98.9639	0	0	34406	43578.3	48204.6	52269.8	0	0	0	0	0	0	138
DATA	11:41:11:000	2023-12-08	2261475	13.1486	578.538	0.0944727	431.488	869.478	15.6506	0.0811141	28.533	18.4975	22.4686	74.8949	255	0	0	12.7847	2.03781	2.35249	12.92	98.9706	0	0	34407.3	43580.2	48209.6	52273.3	0	0	0	0	0	0	250
