Model:	 LI-7500
SN:	75D-4923
Timestamp:	Dec 14 2023 at 1:56:21
DATAH	Time	Date	Sequence Number	CO2 (mmol/m^3)	CO2 (mg/m^3)	CO2 Absorptance	CO2 (umol/mol)	H2O (mmol/m^3)	H2O (g/m^3)	H2O Absorptance	H2O (mmol/mol)	Dew Point (C)	Temperature (C)	Pressure (kPa)	Diagnostic Value	Diagnostic Value 2	Diagnostic Word	DSI Vin (v)	Cooler Voltage (v)	Chopper Cooler Voltage (v)	Smart Flux Vin (v)	CO2 Signal Strength	Integral	Peak Height	CO2 Sample	CO2 Reference	H2O Sample	H2O Reference	CH4 Seconds	CH4 Nano Seconds	CH4 (umol/mol)	CH4 (mmol/m^3)	CH4 Signal Strength (RSSI)	CH4 Diagnostic Value	CHK
DATA	09:56:10:000	2023-12-14	358845	13.3067	585.495	0.0967926	404.244	711.976	12.8156	0.0720182	21.6291	15.171	19.1625	79.999	255	0	0	13.0687	1.9881	2.23976	13.21	99.1281	0	0	34749.1	44136.2	49394.4	53067.9	0	0	0	0	0	0	 93
DATA	09:56:11:000	2023-12-14	359145	13.3083	585.565	0.0968018	404.319	713.187	12.8374	0.0721047	21.6673	15.1977	19.1678	79.9951	255	0	0	13.0687	1.98819	2.23902	13.21	99.1262	0	0	34745.4	44134.5	49378	53067.5	0	0	0	0	0	0	144
DATA	09:56:12:000	2023-12-14	359445	13.3134	585.79	0.0968296	404.479	716.213	12.8918	0.0723185	21.7595	15.264	19.1741	79.9959	255	0	0	13.0687	1.98824	2.23976	13.21	99.1267	0	0	34747.6	44134.2	49380.8	53066.5	0	0	0	0	0	0	164
DATA	09:56:13:000	2023-12-14	359745	13.3168	585.939	0.0968462	404.616	716.329	12.8939	0.0723246	21.7648	15.2668	19.1805	79.991	255	0	0	13.068	1.98818	2.23964	13.21	99.1275	0	0	34747.9	44135.2	49378.3	53069.2	0	0	0	0	0	0	172
DATA	09:56:14:000	2023-12-14	360045	13.3271	586.392	0.0969098	404.915	721.833	12.993	0.0727196	21.9313	15.3864	19.187	79.9956	255	0	0	13.0687	1.98812	2.24001	13.21	99.1218	0	0	34745	44133.2	49361.2	53065.9	0	0	0	0	0	0	 21
DATA	09:56:15:000	2023-12-14	360345	13.3205	586.102	0.0968709	404.724	720.211	12.9638	0.0726031	21.8826	15.3517	19.1937	79.9955	255	0	0	13.0687	1.98803	2.23989	13.21	99.1179	0	0	34744.7	44132.2	49359	53064.2	0	0	0	0	0	0	122
DATA	09:56:16:000	2023-12-14	360645	13.3231	586.216	0.0968895	404.78	723.445	13.022	0.0728355	21.9796	15.4219	19.2004	80.0018	255	0	0	13.0687	1.98813	2.24126	13.21	99.1239	0	0	34744.2	44134	49348.2	53065.6	0	0	0	0	0	0	249
DATA	09:56:17:000	2023-12-14	360945	13.3301	586.524	0.0969257	405.005	725.638	13.0615	0.0729869	22.0469	15.4694	19.2073	80.0013	255	0	0	13.068	1.9882	2.24001	13.21	99.1191	0	0	34739.3	44131.2	49331.5	53062.2	0	0	0	0	0	0	 69
DATA	09:56:18:000	2023-12-14	361245	13.3309	586.56	0.0969335	405.061	725.927	13.0667	0.0730106	22.0574	15.476	19.2137	79.9967	255	0	0	13.0687	1.98844	2.23989	13.21	99.1233	0	0	34741.6	44130.8	49335.2	53062	0	0	0	0	0	0	 22
DATA	09:56:19:000	2023-12-14	361545	13.3319	586.604	0.0969384	405.089	726.71	13.0808	0.073065	22.081	15.4931	19.2202	79.9991	255	0	0	13.0687	1.98847	2.23939	13.21	99.123	0	0	34738.9	44130.4	49333.3	53062.2	0	0	0	0	0	0	 14
DATA	09:56:20:000	2023-12-14	361845	13.3452	587.189	0.097007	405.55	729.736	13.1352	0.0732723	22.1761	15.5583	19.2264	79.9895	255	0	0	13.068	1.98812	2.24101	13.21	99.1188	0	0	34738.2	44131.8	49323.8	53061.8	0	0	0	0	0	0	 57
DATA	09:56:21:000	2023-12-14	362145	13.3539	587.572	0.0970586	405.739	733.05	13.1949	0.0735081	22.2727	15.6293	19.2311	80.0056	255	0	0	13.0687	1.98852	2.24014	13.21	99.1215	0	0	34734.2	44129.3	49306.8	53059.2	0	0	0	0	0	0	139
DATA	09:56:22:000	2023-12-14	362445	13.3498	587.391	0.0970338	405.702	731.167	13.161	0.0733738	22.2203	15.5895	19.2379	79.9902	255	0	0	13.068	1.9881	2.23951	13.21	99.1068	0	0	34735.7	44126.6	49309.1	53057.3	0	0	0	0	0	0	 64
DATA	09:56:23:000	2023-12-14	362745	13.3928	589.283	0.0972749	406.987	734.254	13.2166	0.0735911	22.3129	15.6556	19.245	79.9965	255	0	0	13.0687	1.98866	2.24039	13.21	99.1224	0	0	34724.7	44128.4	49298.1	53057.7	0	0	0	0	0	0	211
DATA	09:56:24:000	2023-12-14	363045	13.3898	589.151	0.0972568	406.958	734.1	13.2138	0.0735789	22.3116	15.6527	19.2517	79.9861	255	0	0	13.0687	1.98869	2.23927	13.21	99.1274	0	0	34728.6	44130.3	49302.7	53059.6	0	0	0	0	0	0	151
DATA	09:56:25:000	2023-12-14	363345	13.3663	588.117	0.0971315	406.186	735.777	13.244	0.0737029	22.3594	15.6887	19.2586	79.9994	255	0	0	13.0694	1.98846	2.23951	13.21	99.114	0	0	34726.9	44126.5	49287.6	53056.2	0	0	0	0	0	0	160
DATA	09:56:26:000	2023-12-14	363645	13.3807	588.751	0.0972107	406.645	737.041	13.2667	0.0737899	22.399	15.7159	19.2657	79.997	255	0	0	13.0701	1.98874	2.23939	13.21	99.1183	0	0	34726.7	44125.8	49283.2	53054.4	0	0	0	0	0	0	161
DATA	09:56:27:000	2023-12-14	363945	13.4125	590.15	0.0973877	407.668	741.751	13.3515	0.0741189	22.5453	15.8158	19.2725	79.9878	255	0	0	13.0687	1.98855	2.24101	13.21	99.1146	0	0	34719.6	44126	49267.3	53054.3	0	0	0	0	0	0	 91
DATA	09:56:28:000	2023-12-14	364245	13.3974	589.486	0.0973015	407.204	739.65	13.3137	0.07397	22.4811	15.7718	19.2794	79.9907	255	0	0	13.0694	1.98853	2.24163	13.21	99.1077	0	0	34720	44123.1	49269.5	53049.1	0	0	0	0	0	0	242
DATA	09:56:29:000	2023-12-14	364545	13.4031	589.736	0.097337	407.335	740.937	13.3369	0.0740637	22.5179	15.7994	19.2863	80.0008	255	0	0	13.0701	1.98874	2.24051	13.21	99.1163	0	0	34719.1	44125	49265.1	53053	0	0	0	0	0	0	214
DATA	09:56:30:000	2023-12-14	364845	13.4036	589.758	0.0973408	407.367	742.312	13.3616	0.0741606	22.5606	15.8287	19.2925	79.9992	255	0	0	13.0687	1.98861	2.24026	13.21	99.1089	0	0	34720.1	44122.8	49262.7	53051	0	0	0	0	0	0	127
DATA	09:56:31:000	2023-12-14	365145	13.4352	591.149	0.0975183	408.311	749.178	13.4852	0.0746405	22.7684	15.973	19.2964	80.0036	255	0	0	13.068	1.98842	2.24101	13.21	99.1082	0	0	34712	44124.4	49217.9	53049.7	0	0	0	0	0	0	254
DATA	09:56:32:000	2023-12-14	365445	13.4394	591.334	0.0975404	408.479	749.669	13.494	0.0746734	22.7855	15.9836	19.3026	79.9974	255	0	0	13.0701	1.9888	2.24126	13.21	99.1112	0	0	34710.1	44122.1	49223	53049.1	0	0	0	0	0	0	 21
DATA	09:56:33:000	2023-12-14	365745	13.4605	592.262	0.0976567	409.15	756.687	13.6204	0.0751596	23.0005	16.1299	19.3095	79.9934	255	0	0	13.0687	1.98867	2.24064	13.21	99.1103	0	0	34706.6	44122.9	49206.6	53047.2	0	0	0	0	0	0	178
DATA	09:56:34:000	2023-12-14	366045	13.4353	591.153	0.0975116	408.439	749.422	13.4896	0.0746506	22.7827	15.9791	19.3155	79.9844	255	0	0	13.0701	1.98863	2.24026	13.21	99.1046	0	0	34709.4	44120.8	49228.8	53047.6	0	0	0	0	0	0	230
DATA	09:56:35:000	2023-12-14	366345	13.4301	590.924	0.0974928	408.208	748.376	13.4708	0.0745876	22.7469	15.9576	19.3222	80.0004	255	0	0	13.0701	1.9886	2.24014	13.21	99.1079	0	0	34711.2	44122.5	49234.6	53048.3	0	0	0	0	0	0	148
DATA	09:56:36:000	2023-12-14	366645	13.4418	591.439	0.0975534	408.594	749.79	13.4962	0.0746818	22.7916	15.9875	19.3283	79.9961	255	0	0	13.0694	1.98875	2.24064	13.21	99.1038	0	0	34707	44119.2	49221	53046.2	0	0	0	0	0	0	 22
DATA	09:56:37:000	2023-12-14	366945	13.4558	592.055	0.0976277	409.077	751.285	13.5231	0.0747816	22.8402	16.019	19.3347	79.9867	255	0	0	13.0687	1.98863	2.24114	13.21	99.1012	0	0	34704.9	44119.2	49222.5	53044.8	0	0	0	0	0	0	179
DATA	09:56:38:000	2023-12-14	367245	13.4662	592.513	0.0976845	409.449	752.758	13.5496	0.0748826	22.8881	16.05	19.3407	79.9775	255	0	0	13.068	1.9888	2.24176	13.21	99.1057	0	0	34703.8	44119.7	49215.3	53045.4	0	0	0	0	0	0	 60
DATA	09:56:39:000	2023-12-14	367545	13.4805	593.142	0.0977625	409.87	755.578	13.6004	0.075077	22.9731	16.1089	19.3471	79.9818	255	0	0	13.0687	1.98888	2.24064	13.21	99.1094	0	0	34696.2	44120.6	49196.9	53044.4	0	0	0	0	0	0	161
DATA	09:56:40:000	2023-12-14	367845	13.483	593.252	0.097781	409.915	755.691	13.6024	0.0750891	22.9748	16.1116	19.3529	79.9895	255	0	0	13.0687	1.98888	2.24076	13.21	99.1079	0	0	34700.7	44119.9	49205.4	53044.9	0	0	0	0	0	0	161
DATA	09:56:41:000	2023-12-14	368145	13.4895	593.538	0.0978187	410.127	757.077	13.6274	0.0751867	23.0177	16.1406	19.3587	79.9883	255	0	0	13.0687	1.98899	2.24138	13.21	99.1074	0	0	34698.6	44118.6	49200.8	53043.3	0	0	0	0	0	0	 10
DATA	09:56:42:000	2023-12-14	368445	13.4758	592.935	0.0977423	409.698	757.449	13.6341	0.0752125	23.0284	16.1484	19.3616	79.9914	255	0	0	13.068	1.98874	2.24201	13.21	99.1016	0	0	34699.2	44118.4	49197.2	53041.7	0	0	0	0	0	0	191
DATA	09:56:43:000	2023-12-14	368745	13.4801	593.124	0.0977667	409.846	756.832	13.623	0.0751703	23.0106	16.136	19.3668	79.9895	255	0	0	13.0687	1.98903	2.23902	13.21	99.1101	0	0	34699.2	44119.5	49198.2	53044.5	0	0	0	0	0	0	132
DATA	09:56:44:000	2023-12-14	369045	13.4835	593.274	0.0977852	409.968	757.981	13.6437	0.0752497	23.0465	16.16	19.3723	79.9875	255	0	0	13.0687	1.98902	2.24089	13.21	99.1073	0	0	34699.5	44118.4	49194.9	53043.5	0	0	0	0	0	0	179
DATA	09:56:45:000	2023-12-14	369345	13.4879	593.468	0.0978062	410.154	759.59	13.6726	0.0753576	23.0984	16.1936	19.3777	79.9788	255	0	0	13.0687	1.98898	2.24014	13.21	99.1069	0	0	34699	44118.6	49189.5	53042.7	0	0	0	0	0	0	156
DATA	09:56:46:000	2023-12-14	369645	13.5083	594.365	0.0979194	410.823	764.649	13.7637	0.0757069	23.255	16.298	19.3829	79.9707	255	0	0	13.0673	1.98909	2.24263	13.21	99.1083	0	0	34695.2	44118.2	49179	53042.2	0	0	0	0	0	0	 64
DATA	09:56:47:000	2023-12-14	369945	13.5012	594.053	0.0978818	410.523	762.614	13.7271	0.0755682	23.1884	16.2565	19.3891	79.9887	255	0	0	13.0687	1.98909	2.24026	13.21	99.1063	0	0	34693.1	44117.2	49172.1	53039.5	0	0	0	0	0	0	241
DATA	09:56:48:000	2023-12-14	370245	13.5529	596.328	0.0981695	412.152	763.909	13.7504	0.0756574	23.231	16.2834	19.3939	79.9789	255	0	0	13.0687	1.98894	2.24163	13.21	99.1053	0	0	34684.2	44118.2	49167.1	53041.8	0	0	0	0	0	0	198
DATA	09:56:49:000	2023-12-14	370545	13.5136	594.598	0.09795	410.99	761.264	13.7028	0.075474	23.1524	16.2292	19.3991	79.9739	255	0	0	13.0687	1.98906	2.24039	13.21	99.1041	0	0	34692.9	44116.5	49172.9	53039.8	0	0	0	0	0	0	 53
DATA	09:56:50:000	2023-12-14	370845	13.5221	594.972	0.0979941	411.281	756.679	13.6202	0.0751526	23.0148	16.1347	19.4032	79.9687	255	0	0	13.068	1.98901	2.24226	13.21	99.1076	0	0	34691.6	44118.6	49194.8	53044.5	0	0	0	0	0	0	171
DATA	09:56:51:000	2023-12-14	371145	13.5108	594.475	0.097932	410.978	760.803	13.6945	0.0754394	23.1425	16.2201	19.4067	79.9618	255	0	0	13.0687	1.98918	2.24188	13.21	99.1094	0	0	34691.9	44117.8	49183.9	53041.6	0	0	0	0	0	0	189
DATA	09:56:52:000	2023-12-14	371445	13.5099	594.436	0.0979241	410.932	762.108	13.7179	0.0755268	23.1811	16.2472	19.4093	79.9662	255	0	0	13.068	1.98922	2.24176	13.21	99.112	0	0	34692.7	44118.6	49170.2	53041.3	0	0	0	0	0	0	110
DATA	09:56:53:000	2023-12-14	371745	13.5157	594.691	0.0979613	411.094	761.115	13.7001	0.0754629	23.1501	16.2269	19.4128	79.9698	255	0	0	13.0687	1.98918	2.24126	13.21	99.1128	0	0	34691.9	44119.3	49180.2	53041.8	0	0	0	0	0	0	220
DATA	09:56:54:000	2023-12-14	372045	13.5134	594.59	0.0979435	411.041	760.728	13.6931	0.0754311	23.1393	16.2191	19.4158	79.9675	255	0	0	13.0687	1.98909	2.24176	13.21	99.1073	0	0	34690.8	44117.7	49180.2	53040.6	0	0	0	0	0	0	164
DATA	09:56:55:000	2023-12-14	372345	13.5132	594.581	0.0979433	411.044	762.952	13.7331	0.0755863	23.2074	16.265	19.4187	79.9665	255	0	0	13.0687	1.98915	2.24039	13.21	99.1086	0	0	34691.7	44117.8	49173.8	53041.1	0	0	0	0	0	0	178
DATA	09:56:56:000	2023-12-14	372645	13.5087	594.383	0.0979173	410.956	762.366	13.7226	0.0755445	23.1924	16.2531	19.4214	79.9577	255	0	0	13.0687	1.98935	2.24151	13.21	99.1141	0	0	34692.9	44118.3	49173.4	53042.8	0	0	0	0	0	0	235
DATA	09:56:57:000	2023-12-14	372945	13.5199	594.876	0.0979831	411.175	759.152	13.6647	0.0753254	23.0878	16.187	19.4233	79.9819	255	0	0	13.0687	1.98925	2.24001	13.21	99.1113	0	0	34692.4	44118	49182.9	53041.8	0	0	0	0	0	0	104
DATA	09:56:58:000	2023-12-14	373245	13.52	594.88	0.0979852	411.232	761.003	13.6981	0.075455	23.1471	16.2252	19.4237	79.9715	255	0	0	13.0687	1.98924	2.24301	13.21	99.1114	0	0	34689	44118.1	49181.3	53040.7	0	0	0	0	0	0	156
DATA	09:56:59:000	2023-12-14	373545	13.5282	595.241	0.0980302	411.46	764.096	13.7537	0.0756683	23.24	16.2888	19.4235	79.9755	255	0	0	13.0687	1.98953	2.24151	13.21	99.1145	0	0	34689.4	44116.8	49174.5	53041.5	0	0	0	0	0	0	 86
DATA	09:57:00:000	2023-12-14	373845	13.5122	594.537	0.0979413	410.987	754.49	13.5808	0.0750032	22.9486	16.0904	19.4229	79.9728	255	0	0	13.068	1.98923	2.24076	13.21	99.1129	0	0	34692.8	44118.8	49221.4	53044.2	0	0	0	0	0	0	126
DATA	09:57:01:000	2023-12-14	374145	13.5047	594.207	0.0978974	410.78	762.139	13.7185	0.0755312	23.1824	16.2485	19.4217	79.9684	255	0	0	13.0687	1.98938	2.24126	13.21	99.114	0	0	34693.2	44118	49174.5	53040.1	0	0	0	0	0	0	 19
DATA	09:57:02:000	2023-12-14	374445	13.5209	594.92	0.0979877	411.254	767.174	13.8091	0.0758789	23.3345	16.3518	19.4222	79.9722	255	0	0	13.0687	1.98951	2.24176	13.21	99.1085	0	0	34688.2	44114.3	49147.3	53035.8	0	0	0	0	0	0	196
DATA	09:57:03:000	2023-12-14	374745	13.5285	595.254	0.0980343	411.456	769.491	13.8508	0.0760434	23.4033	16.3992	19.4232	79.9781	255	0	0	13.0687	1.98947	2.24176	13.21	99.1072	0	0	34687.6	44114.1	49155.9	53036.2	0	0	0	0	0	0	233
DATA	09:57:04:000	2023-12-14	375045	13.5242	595.065	0.0980059	411.356	766.055	13.789	0.0758016	23.3006	16.329	19.4245	79.9724	255	0	0	13.0687	1.98933	2.24163	13.21	99.1113	0	0	34687.8	44117.2	49148.7	53038.7	0	0	0	0	0	0	118
DATA	09:57:05:000	2023-12-14	375345	13.5374	595.646	0.0980856	411.715	770.278	13.865	0.076099	23.4266	16.4155	19.4266	79.9812	255	0	0	13.0687	1.98955	2.24176	13.21	99.1056	0	0	34681.8	44112.7	49137.7	53033.5	0	0	0	0	0	0	148
DATA	09:57:06:000	2023-12-14	375645	13.5299	595.316	0.0980388	411.51	767.915	13.8225	0.075931	23.356	16.3673	19.4283	79.9773	255	0	0	13.0687	1.98934	2.24226	13.21	99.1056	0	0	34683.6	44114.6	49144.1	53037.2	0	0	0	0	0	0	 85
DATA	09:57:07:000	2023-12-14	375945	13.5315	595.386	0.0980498	411.578	764.698	13.7646	0.0757114	23.2593	16.3014	19.4287	79.9736	255	0	0	13.0687	1.98945	2.24263	13.21	99.1095	0	0	34685.5	44115.3	49166.9	53037.6	0	0	0	0	0	0	 18
DATA	09:57:08:000	2023-12-14	376245	13.5457	596.011	0.098126	411.984	764.298	13.7574	0.0756809	23.2456	16.2932	19.4291	79.9787	255	0	0	13.0687	1.98971	2.24213	13.21	99.1196	0	0	34683.9	44117.3	49171.2	53040.4	0	0	0	0	0	0	197
DATA	09:57:09:000	2023-12-14	376545	13.5504	596.218	0.0981547	412.137	765.634	13.7814	0.0757753	23.2868	16.3207	19.4296	79.9769	255	0	0	13.0687	1.9895	2.24238	13.21	99.1104	0	0	34681.7	44115.2	49164.1	53038.2	0	0	0	0	0	0	193
DATA	09:57:10:000	2023-12-14	376845	13.5463	596.037	0.098137	411.974	763.788	13.7482	0.0756531	23.2285	16.2828	19.4298	79.9844	255	0	0	13.0687	1.98953	2.24238	13.21	99.1067	0	0	34680.1	44113.4	49167.7	53036.5	0	0	0	0	0	0	206
DATA	09:57:11:000	2023-12-14	377145	13.5551	596.424	0.0981813	412.303	764.896	13.7681	0.0757249	23.2657	16.3055	19.4294	79.9724	255	0	0	13.0687	1.98955	2.24188	13.21	99.1054	0	0	34681.2	44112.6	49164.2	53035.1	0	0	0	0	0	0	226
DATA	09:57:12:000	2023-12-14	377445	13.5534	596.35	0.0981751	412.152	764.355	13.7584	0.0756911	23.2437	16.2944	19.4287	79.9914	255	0	0	13.0687	1.98967	2.24276	13.21	99.1111	0	0	34678.3	44114	49163.8	53037.4	0	0	0	0	0	0	 90
DATA	09:57:13:000	2023-12-14	377745	13.5749	597.296	0.0982904	412.849	765.987	13.7878	0.0757995	23.2957	16.3279	19.4286	79.983	255	0	0	13.0673	1.98959	2.24126	13.21	99.1089	0	0	34673.7	44113.7	49150.1	53035.7	0	0	0	0	0	0	255
DATA	09:57:14:000	2023-12-14	378045	13.5689	597.032	0.09826	412.665	767.451	13.8141	0.0759033	23.3402	16.3578	19.4286	79.9833	255	0	0	13.0687	1.98951	2.24213	13.21	99.1043	0	0	34674.7	44112.5	49147.1	53033.1	0	0	0	0	0	0	110
DATA	09:57:15:000	2023-12-14	378345	13.5703	597.093	0.0982656	412.7	767.295	13.8113	0.0758901	23.335	16.3547	19.4288	79.9849	255	0	0	13.0687	1.98977	2.24226	13.21	99.1093	0	0	34677.4	44112.3	49152	53034.5	0	0	0	0	0	0	253
DATA	09:57:16:000	2023-12-14	378645	13.5579	596.548	0.0981971	412.354	764.46	13.7603	0.0756953	23.2505	16.2965	19.4286	79.9787	255	0	0	13.0687	1.98951	2.24064	13.21	99.1084	0	0	34675.8	44114.3	49163.6	53036.9	0	0	0	0	0	0	222
DATA	09:57:17:000	2023-12-14	378945	13.5631	596.776	0.0982222	412.527	765.126	13.7723	0.0757371	23.2716	16.3102	19.428	79.9757	255	0	0	13.0687	1.98989	2.24201	13.21	99.1067	0	0	34675.1	44110	49156.6	53032.9	0	0	0	0	0	0	 82
DATA	09:57:18:000	2023-12-14	379245	13.56	596.64	0.0982081	412.414	765.964	13.7874	0.0757985	23.296	16.3273	19.4276	79.9793	255	0	0	13.0687	1.98984	2.24213	13.21	99.1141	0	0	34677.1	44113.7	49158.2	53034.8	0	0	0	0	0	0	 56
DATA	09:57:19:000	2023-12-14	379545	13.5723	597.181	0.0982779	412.788	768.872	13.8397	0.0760001	23.3845	16.3868	19.4263	79.979	255	0	0	13.0694	1.98944	2.24276	13.21	99.1046	0	0	34674.1	44113.2	49146.2	53035.2	0	0	0	0	0	0	211
DATA	09:57:20:000	2023-12-14	379845	13.5662	596.913	0.0982498	412.543	767.184	13.8093	0.0758895	23.3298	16.3522	19.4262	79.9905	255	0	0	13.0687	1.98965	2.24263	13.21	99.1076	0	0	34678.8	44112.6	49154.4	53034.8	0	0	0	0	0	0	 15
DATA	09:57:21:000	2023-12-14	380145	13.5613	596.697	0.0982152	412.449	767.495	13.8149	0.0759037	23.3424	16.3586	19.4254	79.9795	255	0	0	13.0687	1.98974	2.24276	13.21	99.1114	0	0	34675.1	44113.5	49151.9	53035.5	0	0	0	0	0	0	246
DATA	09:57:22:000	2023-12-14	380445	13.5756	597.326	0.0983022	412.842	770.705	13.8727	0.0761328	23.4376	16.4241	19.4242	79.9873	255	0	0	13.0687	1.98985	2.24301	13.21	99.1149	0	0	34674.3	44114	49137.6	53033.8	0	0	0	0	0	0	122
DATA	09:57:23:000	2023-12-14	380745	13.5763	597.357	0.0983	412.88	768.516	13.8333	0.0759756	23.372	16.3793	19.4236	79.984	255	0	0	13.0694	1.98954	2.24326	13.21	99.0973	0	0	34671.8	44109.1	49137.2	53030.2	0	0	0	0	0	0	199
DATA	09:57:24:000	2023-12-14	381045	13.5754	597.318	0.0982931	412.908	769.758	13.8556	0.0760594	23.4129	16.4047	19.4235	79.9732	255	0	0	13.0687	1.98984	2.24375	13.21	99.1124	0	0	34671.8	44112.9	49141	53032.8	0	0	0	0	0	0	147
DATA	09:57:25:000	2023-12-14	381345	13.5878	597.863	0.0983644	413.271	770.235	13.8642	0.0760944	23.4266	16.4144	19.4229	79.9758	255	0	0	13.0687	1.98984	2.24151	13.21	99.1074	0	0	34670.1	44110.8	49133.1	53032	0	0	0	0	0	0	126
DATA	09:57:26:000	2023-12-14	381645	13.5829	597.648	0.0983385	413.087	772.399	13.9032	0.076245	23.4904	16.4584	19.4219	79.9822	255	0	0	13.068	1.98977	2.24176	13.21	99.1056	0	0	34671.3	44110.6	49130.1	53030.3	0	0	0	0	0	0	132
DATA	09:57:27:000	2023-12-14	381945	13.5967	598.255	0.098414	413.529	773.273	13.9189	0.0763036	23.5183	16.4762	19.4213	79.9778	255	0	0	13.0694	1.98995	2.24226	13.21	99.1102	0	0	34668	44111	49125.5	53030.6	0	0	0	0	0	0	251
DATA	09:57:28:000	2023-12-14	382245	13.5872	597.837	0.09836	413.209	771.932	13.8948	0.0762104	23.4757	16.4489	19.4213	79.9837	255	0	0	13.0687	1.98986	2.24151	13.21	99.1066	0	0	34671.4	44110.2	49127.6	53029.6	0	0	0	0	0	0	148
DATA	09:57:29:000	2023-12-14	382545	13.5868	597.819	0.0983586	413.213	772.082	13.8975	0.0762215	23.4812	16.4519	19.421	79.9805	255	0	0	13.0687	1.98996	2.24188	13.21	99.1064	0	0	34667.2	44109.2	49124.7	53028.6	0	0	0	0	0	0	208
DATA	09:57:30:000	2023-12-14	382845	13.6018	598.479	0.0984411	413.699	774.655	13.9438	0.0763976	23.5612	16.5042	19.4207	79.9747	255	0	0	13.068	1.98993	2.24238	13.21	99.1083	0	0	34666.7	44110.3	49120.5	53029.5	0	0	0	0	0	0	198
DATA	09:57:31:000	2023-12-14	383145	13.6005	598.422	0.0984363	413.618	772.916	13.9125	0.0762803	23.5059	16.4689	19.4206	79.9827	255	0	0	13.068	1.98996	2.24188	13.21	99.1105	0	0	34664.1	44111.1	49128.3	53032.8	0	0	0	0	0	0	168
DATA	09:57:32:000	2023-12-14	383445	13.6058	598.655	0.0984636	413.789	775.465	13.9584	0.0764534	23.584	16.5206	19.4206	79.9809	255	0	0	13.0687	1.98988	2.24163	13.21	99.1027	0	0	34664.5	44108.3	49114.1	53027.8	0	0	0	0	0	0	211
DATA	09:57:33:000	2023-12-14	383745	13.6001	598.404	0.0984339	413.596	775.481	13.9587	0.0764564	23.5834	16.5209	19.4196	79.9843	255	0	0	13.0687	1.98998	2.24238	13.21	99.1026	0	0	34665.9	44107.4	49113	53027.3	0	0	0	0	0	0	162
DATA	09:57:34:000	2023-12-14	384045	13.6164	599.122	0.0985251	414.095	775.882	13.9659	0.0764849	23.5957	16.529	19.4191	79.9835	255	0	0	13.0687	1.9902	2.24263	13.21	99.1095	0	0	34660.6	44108.3	49108.1	53027.7	0	0	0	0	0	0	147
DATA	09:57:35:000	2023-12-14	384345	13.6213	599.337	0.0985505	414.235	777.661	13.9979	0.076605	23.6493	16.565	19.4193	79.9853	255	0	0	13.068	1.99004	2.24176	13.21	99.1077	0	0	34663.3	44109	49106.4	53028	0	0	0	0	0	0	149
DATA	09:57:36:000	2023-12-14	384645	13.6209	599.32	0.0985488	414.253	778.815	14.0187	0.076685	23.6861	16.5883	19.4193	79.9796	255	0	0	13.0687	1.98993	2.24188	13.21	99.1019	0	0	34660.8	44107.5	49101.8	53026.3	0	0	0	0	0	0	173
DATA	09:57:37:000	2023-12-14	384945	13.6256	599.526	0.0985732	414.391	778.54	14.0137	0.0766641	23.6775	16.5828	19.4197	79.9806	255	0	0	13.0687	1.99017	2.24363	13.21	99.1075	0	0	34659.8	44107.7	49102.2	53027.6	0	0	0	0	0	0	211
DATA	09:57:38:000	2023-12-14	385245	13.6166	599.13	0.0985277	414.101	778.119	14.0061	0.0766397	23.6638	16.5743	19.4197	79.9837	255	0	0	13.0666	1.99019	2.24226	13.21	99.1056	0	0	34659.4	44106.8	49103.5	53025	0	0	0	0	0	0	 88
DATA	09:57:39:000	2023-12-14	385545	13.6188	599.227	0.0985392	414.188	780.163	14.0429	0.0767793	23.7271	16.6156	19.4205	79.9801	255	0	0	13.0687	1.99005	2.24238	13.21	99.1001	0	0	34657.5	44105.5	49088.8	53023.2	0	0	0	0	0	0	234
DATA	09:57:40:000	2023-12-14	385845	13.6193	599.249	0.098542	414.21	781.468	14.0664	0.0768687	23.7672	16.642	19.4215	79.979	255	0	0	13.0687	1.99007	2.24188	13.21	99.0991	0	0	34658.5	44104.9	49092.7	53023.1	0	0	0	0	0	0	 55
DATA	09:57:41:000	2023-12-14	386145	13.6145	599.038	0.0985124	414.036	779.235	14.0262	0.0767128	23.6976	16.597	19.4229	79.9848	255	0	0	13.0694	1.99009	2.24288	13.21	99.1033	0	0	34661.3	44106.6	49096.7	53025.1	0	0	0	0	0	0	186
DATA	09:57:42:000	2023-12-14	386445	13.6125	598.95	0.0985035	413.995	780.729	14.0531	0.0768176	23.7442	16.6272	19.4244	79.9815	255	0	0	13.068	1.99006	2.24276	13.21	99.0961	0	0	34658.9	44103.7	49089.1	53023	0	0	0	0	0	0	 42
DATA	09:57:43:000	2023-12-14	386745	13.6118	598.919	0.0984987	413.983	780.393	14.0471	0.0767934	23.7345	16.6205	19.4261	79.9801	255	0	0	13.068	1.99024	2.24263	13.21	99.0989	0	0	34657.1	44103.3	49082.1	53019.8	0	0	0	0	0	0	199
DATA	09:57:44:000	2023-12-14	387045	13.604	598.576	0.0984557	413.744	781.263	14.0627	0.0768532	23.7609	16.6382	19.4281	79.9809	255	0	0	13.0673	1.99028	2.24263	13.21	99.1009	0	0	34657.7	44103.8	49082.1	53020.7	0	0	0	0	0	0	181
DATA	09:57:45:000	2023-12-14	387345	13.618	599.192	0.0985321	414.165	781.885	14.0739	0.0768946	23.7795	16.6507	19.4286	79.982	255	0	0	13.0687	1.99	2.24238	13.21	99.0923	0	0	34659	44102.5	49082.1	53019.1	0	0	0	0	0	0	163
DATA	09:57:46:000	2023-12-14	387645	13.6174	599.166	0.0985314	414.148	782.839	14.0911	0.0769624	23.8086	16.67	19.4308	79.9824	255	0	0	13.0687	1.99013	2.24288	13.21	99.0979	0	0	34657.4	44103.8	49078	53020.9	0	0	0	0	0	0	 66
DATA	09:57:47:000	2023-12-14	387945	13.6198	599.271	0.0985425	414.221	783.063	14.0951	0.0769757	23.8154	16.6747	19.4335	79.9831	255	0	0	13.0687	1.99022	2.24326	13.21	99.1005	0	0	34657.2	44104.1	49081.9	53021.5	0	0	0	0	0	0	230
DATA	09:57:48:000	2023-12-14	388245	13.6055	598.642	0.0984596	413.809	780.559	14.0501	0.0768008	23.7406	16.6244	19.4359	79.9794	255	0	0	13.0687	1.99019	2.24263	13.21	99.0994	0	0	34658.5	44103.9	49087.8	53019.8	0	0	0	0	0	0	 20
DATA	09:57:49:000	2023-12-14	388545	13.6175	599.17	0.0985304	414.159	782.822	14.0908	0.07696	23.8086	16.6701	19.4377	79.9827	255	0	0	13.0694	1.99024	2.24276	13.21	99.0963	0	0	34657.2	44102.1	49084.3	53019.2	0	0	0	0	0	0	 95
DATA	09:57:50:000	2023-12-14	388845	13.6114	598.902	0.0984949	413.989	782.196	14.0795	0.0769153	23.7904	16.6576	19.4397	79.9803	255	0	0	13.0694	1.99017	2.24313	13.21	99.0974	0	0	34659.8	44103.3	49080.8	53021	0	0	0	0	0	0	173
DATA	09:57:51:000	2023-12-14	389145	13.6184	599.21	0.0985358	414.191	784.042	14.1128	0.0770441	23.8459	16.6948	19.4418	79.9829	255	0	0	13.0687	1.99045	2.24375	13.21	99.1029	0	0	34657.2	44103	49074.2	53019.4	0	0	0	0	0	0	 87
DATA	09:57:52:000	2023-12-14	389445	13.6313	599.777	0.0986059	414.607	785.356	14.1364	0.0771318	23.8872	16.7213	19.4439	79.979	255	0	0	13.0687	1.9904	2.24301	13.21	99.0971	0	0	34656	44101	49069.8	53017.8	0	0	0	0	0	0	214
DATA	09:57:53:000	2023-12-14	389745	13.6374	600.046	0.0986411	414.797	785.573	14.1403	0.0771483	23.8941	16.7258	19.4463	79.9788	255	0	0	13.0687	1.99029	2.24338	13.21	99.094	0	0	34649.7	44100.6	49067.4	53016.7	0	0	0	0	0	0	206
DATA	09:57:54:000	2023-12-14	390045	13.6363	599.997	0.0986384	414.72	784.79	14.1262	0.0770983	23.8678	16.7101	19.4481	79.9877	255	0	0	13.0687	1.99027	2.24276	13.21	99.0921	0	0	34651	44099.9	49063.2	53015.9	0	0	0	0	0	0	 74
DATA	09:57:55:000	2023-12-14	390345	13.6229	599.408	0.0985625	414.355	785.476	14.1386	0.0771437	23.8911	16.724	19.4499	79.98	255	0	0	13.0687	1.99047	2.2435	13.21	99.0951	0	0	34654.2	44099.4	49066	53015.2	0	0	0	0	0	0	212
DATA	09:57:56:000	2023-12-14	390645	13.6354	599.958	0.0986276	414.763	784.875	14.1278	0.0770979	23.8744	16.7121	19.4531	79.9754	255	0	0	13.0687	1.99022	2.24375	13.21	99.0907	0	0	34651.7	44099.8	49064.4	53015.3	0	0	0	0	0	0	 24
DATA	09:57:57:000	2023-12-14	390945	13.6342	599.905	0.098625	414.678	786.95	14.1651	0.0772441	23.9347	16.7539	19.4562	79.9856	255	0	0	13.0687	1.99012	2.24238	13.21	99.0849	0	0	34649.8	44098.2	49056.7	53013.9	0	0	0	0	0	0	182
DATA	09:57:58:000	2023-12-14	391245	13.6409	600.2	0.0986621	414.907	789.141	14.2045	0.0773933	24.0028	16.7978	19.4591	79.9816	255	0	0	13.0687	1.99049	2.24263	13.21	99.0992	0	0	34651.1	44101.1	49053.7	53014.7	0	0	0	0	0	0	115
DATA	09:57:59:000	2023-12-14	391545	13.6397	600.147	0.0986561	414.865	787.881	14.1819	0.0773081	23.9642	16.7728	19.4629	79.9837	255	0	0	13.0687	1.9904	2.24375	13.21	99.0889	0	0	34650.3	44097.3	49054.1	53012.2	0	0	0	0	0	0	213
DATA	09:58:00:000	2023-12-14	391845	13.6445	600.358	0.0986806	415.036	787.752	14.1795	0.0772973	23.9617	16.7705	19.4667	79.9799	255	0	0	13.0687	1.99048	2.24238	13.21	99.0929	0	0	34649.4	44098.4	49051.2	53011.9	0	0	0	0	0	0	 17
DATA	09:58:01:000	2023-12-14	392145	13.6555	600.842	0.0987435	415.367	788.71	14.1968	0.0773647	23.9906	16.7898	19.4708	79.9818	255	0	0	13.0687	1.99046	2.2435	13.21	99.093	0	0	34644.8	44098.6	49058.6	53014.4	0	0	0	0	0	0	123
DATA	09:58:02:000	2023-12-14	392445	13.6466	600.45	0.0986925	415.117	789.642	14.2136	0.0774264	24.0202	16.8087	19.4746	79.9787	255	0	0	13.0687	1.99025	2.244	13.21	99.0865	0	0	34647.5	44097.7	49050.7	53011	0	0	0	0	0	0	235
DATA	09:58:03:000	2023-12-14	392745	13.6511	600.648	0.0987182	415.262	790.846	14.2352	0.0775091	24.0573	16.8329	19.4784	79.9783	255	0	0	13.0687	1.9907	2.2435	13.21	99.0987	0	0	34645.3	44098.9	49040	53013.3	0	0	0	0	0	0	 38
DATA	09:58:04:000	2023-12-14	393045	13.6557	600.851	0.0987443	415.42	790.324	14.2258	0.0774743	24.0424	16.8227	19.4827	79.976	255	0	0	13.0687	1.99047	2.24375	13.21	99.0884	0	0	34646.4	44096.4	49046.8	53012	0	0	0	0	0	0	 31
DATA	09:58:05:000	2023-12-14	393345	13.6545	600.798	0.0987364	415.344	790.924	14.2366	0.077514	24.0584	16.8349	19.4869	79.9847	255	0	0	13.0687	1.99083	2.24238	13.21	99.0996	0	0	34645.6	44098.1	49043.8	53013	0	0	0	0	0	0	119
DATA	09:58:06:000	2023-12-14	393645	13.6647	601.247	0.0987929	415.678	791.498	14.247	0.077553	24.0772	16.8465	19.4914	79.9814	255	0	0	13.0687	1.99074	2.24425	13.21	99.0987	0	0	34645.1	44098.5	49040.2	53012.9	0	0	0	0	0	0	164
DATA	09:58:07:000	2023-12-14	393945	13.6596	601.022	0.0987653	415.536	791.427	14.2457	0.0775491	24.0758	16.8453	19.4953	79.98	255	0	0	13.0687	1.99046	2.24201	13.21	99.0934	0	0	34644.3	44098.8	49037.1	53013	0	0	0	0	0	0	 41
DATA	09:58:08:000	2023-12-14	394245	13.6653	601.273	0.0987964	415.707	791.758	14.2516	0.0775709	24.0858	16.852	19.4974	79.9809	255	0	0	13.0687	1.99063	2.24301	13.21	99.0912	0	0	34642.8	44096.2	49036.8	53011.4	0	0	0	0	0	0	197
DATA	09:58:09:000	2023-12-14	394545	13.6745	601.678	0.0988486	416.005	792.869	14.2716	0.0776477	24.1206	16.8744	19.5014	79.9785	255	0	0	13.0687	1.9906	2.244	13.21	99.0955	0	0	34639.2	44098.4	49036	53011.7	0	0	0	0	0	0	 11
DATA	09:58:10:000	2023-12-14	394845	13.6689	601.432	0.0988147	415.843	794.022	14.2924	0.0777235	24.1562	16.8975	19.5058	79.9782	255	0	0	13.0687	1.99056	2.24288	13.21	99.0922	0	0	34637.5	44097.3	49024.8	53010	0	0	0	0	0	0	150
DATA	09:58:11:000	2023-12-14	395145	13.672	601.568	0.0988356	415.905	793.184	14.2773	0.0776705	24.1288	16.8811	19.5097	79.9855	255	0	0	13.068	1.99072	2.24338	13.21	99.0933	0	0	34642.4	44096.2	49023.2	53009.4	0	0	0	0	0	0	136
