Model:	 LI-7500
SN:	75D-4923
Timestamp:	Dec 14 2023 at 2:07:07
DATAH	Time	Date	Sequence Number	CO2 (mmol/m^3)	CO2 (mg/m^3)	CO2 Absorptance	CO2 (umol/mol)	H2O (mmol/m^3)	H2O (g/m^3)	H2O Absorptance	H2O (mmol/mol)	Dew Point (C)	Temperature (C)	Pressure (kPa)	Diagnostic Value	Diagnostic Value 2	Diagnostic Word	DSI Vin (v)	Cooler Voltage (v)	Chopper Cooler Voltage (v)	Smart Flux Vin (v)	CO2 Signal Strength	Integral	Peak Height	CO2 Sample	CO2 Reference	H2O Sample	H2O Reference	CH4 Seconds	CH4 Nano Seconds	CH4 (umol/mol)	CH4 (mmol/m^3)	CH4 Signal Strength (RSSI)	CH4 Diagnostic Value	CHK
DATA	10:06:57:000	2023-12-14	552945	13.4591	592.2	0.0976435	408.843	712.077	12.8174	0.0720239	21.6305	15.169	19.0834	79.9833	255	0	0	13.0687	1.99906	2.244	13.21	99.0978	0	0	34623.6	44019.8	49262.5	52916.9	0	0	0	0	0	0	234
DATA	10:06:58:000	2023-12-14	553245	13.4625	592.35	0.0976584	409.02	710.761	12.7937	0.0719261	21.5945	15.1415	19.1068	79.9752	255	0	0	13.0687	1.99892	2.24438	13.21	99.0949	0	0	34625.7	44019.8	49264.8	52916.1	0	0	0	0	0	0	138
DATA	10:06:59:000	2023-12-14	553545	13.4509	591.84	0.0975979	408.644	714.214	12.8559	0.0721757	21.6981	15.2182	19.1308	79.9865	255	0	0	13.0625	1.99885	2.24562	13.21	99.0845	0	0	34625.8	44015.9	49252.4	52911	0	0	0	0	0	0	 96
DATA	10:07:00:000	2023-12-14	553845	13.449	591.756	0.0975861	408.643	714.957	12.8692	0.0722269	21.7237	15.2356	19.1539	79.9817	255	0	0	13.0687	1.99895	2.24463	13.21	99.1185	0	0	34636.2	44030	49258.3	52926.4	0	0	0	0	0	0	 98
DATA	10:07:01:000	2023-12-14	554145	13.4416	591.43	0.0975437	408.448	718.038	12.9247	0.0724443	21.8189	15.3036	19.1745	79.9814	255	0	0	13.0687	1.99874	2.24463	13.21	99.0948	0	0	34634.1	44021.5	49239.8	52918.2	0	0	0	0	0	0	170
DATA	10:07:02:000	2023-12-14	554445	13.4374	591.246	0.097518	408.371	720.702	12.9726	0.0726304	21.9026	15.3625	19.1966	79.9777	255	0	0	13.0687	1.9989	2.24475	13.21	99.1004	0	0	34636.3	44022.4	49236.1	52919	0	0	0	0	0	0	  7
DATA	10:07:03:000	2023-12-14	554745	13.4267	590.775	0.0974629	408.03	722.198	12.9996	0.0727407	21.9472	15.396	19.2188	79.9867	255	0	0	13.0632	1.9989	2.24463	13.21	99.0827	0	0	34630.6	44014.6	49219.6	52909.9	0	0	0	0	0	0	105
DATA	10:07:04:000	2023-12-14	555045	13.4191	590.44	0.0974183	407.834	725.519	13.0593	0.0729734	22.05	15.4685	19.2384	79.9853	255	0	0	13.068	1.99879	2.24538	13.21	99.0785	0	0	34630.2	44013.7	49199.4	52906.5	0	0	0	0	0	0	 25
DATA	10:07:05:000	2023-12-14	555345	13.4174	590.366	0.0974123	407.849	727.682	13.0983	0.0731291	22.1194	15.5161	19.2601	79.9781	255	0	0	13.0701	1.99873	2.24562	13.21	99.0761	0	0	34630.8	44013.2	49184.8	52905	0	0	0	0	0	0	 96
DATA	10:07:06:000	2023-12-14	555645	13.4057	589.851	0.0973429	407.525	731.118	13.1601	0.0733667	22.2255	15.5908	19.2825	79.9781	255	0	0	13.0701	1.99876	2.24662	13.21	99.0786	0	0	34633.4	44014.1	49182.2	52906.6	0	0	0	0	0	0	211
DATA	10:07:07:000	2023-12-14	555945	13.4033	589.745	0.0973337	407.447	730.834	13.155	0.0733506	22.2167	15.5858	19.302	79.9843	255	0	0	13.0701	1.99885	2.24575	13.21	99.0812	0	0	34634.6	44014.4	49183.7	52905.1	0	0	0	0	0	0	107
DATA	10:07:08:000	2023-12-14	556245	13.3991	589.56	0.0973056	407.374	733.047	13.1948	0.0735018	22.2869	15.6341	19.3237	79.9795	255	0	0	13.0694	1.99883	2.24625	13.21	99.0799	0	0	34638.8	44014	49156.2	52904.2	0	0	0	0	0	0	 99
DATA	10:07:09:000	2023-12-14	556545	13.3937	589.323	0.0972769	407.241	732.512	13.1852	0.0734658	22.2723	15.6239	19.3454	79.9794	255	0	0	13.0694	1.99873	2.24675	13.21	99.0777	0	0	34637.5	44014	49175.2	52905.6	0	0	0	0	0	0	147
DATA	10:07:10:000	2023-12-14	556845	13.3874	589.046	0.0972412	407.053	735.987	13.2478	0.0737091	22.3782	15.6988	19.3641	79.9839	255	0	0	13.0687	1.9986	2.246	13.21	99.1065	0	0	34651.3	44028	49175.2	52923.1	0	0	0	0	0	0	246
DATA	10:07:11:000	2023-12-14	557145	13.3826	588.834	0.0972153	406.953	737.682	13.2783	0.073829	22.4323	15.7358	19.3846	79.9804	255	0	0	13.0701	1.99855	2.24488	13.21	99.1166	0	0	34657.5	44032.9	49158.2	52927.9	0	0	0	0	0	0	196
DATA	10:07:12:000	2023-12-14	557445	13.3796	588.702	0.0971984	406.881	739.279	13.307	0.0739408	22.4819	15.7707	19.4045	79.982	255	0	0	13.0694	1.99862	2.24562	13.21	99.1303	0	0	34658.4	44038.3	49169.1	52935.1	0	0	0	0	0	0	144
DATA	10:07:13:000	2023-12-14	557745	13.3694	588.254	0.0971423	406.624	742.756	13.3696	0.0741844	22.5906	15.845	19.4226	79.9766	255	0	0	13.0701	1.99853	2.245	13.21	99.1241	0	0	34660.9	44036.4	49148.8	52931.2	0	0	0	0	0	0	 71
DATA	10:07:14:000	2023-12-14	558045	13.3607	587.871	0.0970921	406.364	745.479	13.4186	0.0743732	22.6736	15.903	19.4374	79.9797	255	0	0	13.0701	1.99852	2.24662	13.21	99.1134	0	0	34656.1	44031.8	49149.5	52925.2	0	0	0	0	0	0	172
DATA	10:07:15:000	2023-12-14	558345	13.3634	587.99	0.09711	406.478	742.965	13.3734	0.0742003	22.5989	15.8512	19.4552	79.9783	255	0	0	13.0701	1.99874	2.24675	13.21	99.0996	0	0	34651.1	44023.6	49140	52917	0	0	0	0	0	0	139
DATA	10:07:16:000	2023-12-14	558645	13.3538	587.567	0.0970595	406.174	747.702	13.4586	0.0745348	22.7423	15.9515	19.4727	79.9855	255	0	0	13.068	1.99868	2.245	13.21	99.0904	0	0	34650.1	44020.1	49124.5	52912	0	0	0	0	0	0	236
DATA	10:07:17:000	2023-12-14	558945	13.3579	587.748	0.0970833	406.336	748.716	13.4769	0.074606	22.7753	15.9737	19.4899	79.9828	255	0	0	13.0687	1.99896	2.24612	13.21	99.0976	0	0	34648.8	44020.6	49116.7	52911.8	0	0	0	0	0	0	248
DATA	10:07:18:000	2023-12-14	559245	13.3547	587.607	0.0970605	406.262	749.765	13.4958	0.074674	22.8085	15.9963	19.5043	79.9821	255	0	0	13.068	1.99851	2.24625	13.21	99.0654	0	0	34643	44010.6	49097.7	52901	0	0	0	0	0	0	198
DATA	10:07:19:000	2023-12-14	559545	13.347	587.268	0.0970192	406.025	751.541	13.5277	0.0747994	22.8624	16.0343	19.5211	79.9873	255	0	0	13.0687	1.9986	2.24712	13.21	99.0711	0	0	34648.1	44012.3	49090.4	52899.7	0	0	0	0	0	0	125
DATA	10:07:20:000	2023-12-14	559845	13.3504	587.418	0.0970391	406.188	752.921	13.5526	0.0748961	22.9077	16.064	19.5387	79.9804	255	0	0	13.0687	1.99863	2.24538	13.21	99.0648	0	0	34642	44009.2	49089.3	52897.3	0	0	0	0	0	0	103
DATA	10:07:21:000	2023-12-14	560145	13.3409	587	0.096984	405.92	754.64	13.5835	0.0750141	22.9612	16.1006	19.5563	79.981	255	0	0	13.0687	1.99855	2.24637	13.21	99.0536	0	0	34641.1	44004.9	49078.2	52892.3	0	0	0	0	0	0	 58
DATA	10:07:22:000	2023-12-14	560445	13.3397	586.947	0.0969792	405.864	755.531	13.5996	0.0750778	22.9872	16.1199	19.5709	79.9888	255	0	0	13.0673	1.99854	2.24675	13.21	99.0592	0	0	34643.1	44007.6	49079.7	52896.5	0	0	0	0	0	0	 44
DATA	10:07:23:000	2023-12-14	560745	13.3375	586.85	0.0969633	405.871	759.794	13.6763	0.0753695	23.1211	16.209	19.5881	79.979	255	0	0	13.0687	1.99856	2.2465	13.21	99.0588	0	0	34643.4	44007.1	49062.8	52894.7	0	0	0	0	0	0	 62
DATA	10:07:24:000	2023-12-14	561045	13.3338	586.687	0.0969449	405.78	758.512	13.6532	0.0752834	23.0833	16.1835	19.6051	79.9794	255	0	0	13.0687	1.99851	2.24687	13.21	99.0585	0	0	34643.6	44007.5	49068.2	52894.5	0	0	0	0	0	0	202
DATA	10:07:25:000	2023-12-14	561345	13.3367	586.815	0.0969625	405.885	760.644	13.6916	0.0754325	23.1492	16.2284	19.6216	79.9806	255	0	0	13.068	1.99869	2.24687	13.21	99.0616	0	0	34644.1	44007.2	49053.3	52895	0	0	0	0	0	0	 90
DATA	10:07:26:000	2023-12-14	561645	13.3263	586.357	0.0969024	405.571	763.692	13.7465	0.075641	23.2421	16.292	19.6381	79.9846	255	0	0	13.0687	1.99861	2.24675	13.21	99.0529	0	0	34644.3	44004.1	49042.3	52890.3	0	0	0	0	0	0	114
DATA	10:07:27:000	2023-12-14	561945	13.326	586.344	0.096904	405.573	763.591	13.7446	0.0756375	23.2397	16.2908	19.6539	79.9866	255	0	0	13.0687	1.99849	2.24837	13.21	99.0509	0	0	34643.2	44004.3	49037.2	52889.9	0	0	0	0	0	0	164
DATA	10:07:28:000	2023-12-14	562245	13.3267	586.375	0.0969048	405.658	763.479	13.7426	0.0756268	23.2399	16.2893	19.6698	79.9784	255	0	0	13.0694	1.99844	2.24787	13.21	99.0487	0	0	34644.8	44003.8	49039.4	52890.4	0	0	0	0	0	0	 40
DATA	10:07:29:000	2023-12-14	562545	13.3163	585.917	0.0968519	405.316	765.468	13.7784	0.0757694	23.299	16.331	19.6857	79.9879	255	0	0	13.0687	1.99846	2.24812	13.21	99.0499	0	0	34644.8	44004.2	49029.8	52889.8	0	0	0	0	0	0	194
DATA	10:07:30:000	2023-12-14	562845	13.3184	586.01	0.0968652	405.353	766.725	13.801	0.0758581	23.3357	16.3575	19.6994	79.9968	255	0	0	13.068	1.99877	2.24812	13.21	99.0605	0	0	34647.4	44005.9	49022.1	52891.2	0	0	0	0	0	0	 82
DATA	10:07:31:000	2023-12-14	563145	13.3105	585.662	0.0968209	405.169	768.496	13.8329	0.0759801	23.3929	16.3945	19.7139	79.9897	255	0	0	13.0673	1.99845	2.24874	13.21	99.0502	0	0	34647	44004.4	49018.5	52889	0	0	0	0	0	0	 61
DATA	10:07:32:000	2023-12-14	563445	13.303	585.332	0.0967744	405	770.194	13.8635	0.0760924	23.448	16.43	19.7293	79.9822	255	0	0	13.0687	1.99854	2.24824	13.21	99.0513	0	0	34648	44004.1	49011.5	52888.4	0	0	0	0	0	0	217
DATA	10:07:33:000	2023-12-14	563745	13.2941	584.94	0.096723	404.767	775.842	13.9652	0.0764794	23.6221	16.5456	19.7443	79.9788	255	0	0	13.0687	1.9988	2.24749	13.21	99.0561	0	0	34648.6	44003.7	49006.6	52889.8	0	0	0	0	0	0	123
DATA	10:07:34:000	2023-12-14	564045	13.2919	584.844	0.0967124	404.685	772.703	13.9087	0.076266	23.5257	16.4827	19.7598	79.986	255	0	0	13.0687	1.99863	2.24812	13.21	99.0524	0	0	34649.1	44003.7	48996.4	52888	0	0	0	0	0	0	 70
DATA	10:07:35:000	2023-12-14	564345	13.285	584.54	0.0966721	404.533	775.975	13.9675	0.0764891	23.6287	16.5498	19.7717	79.9778	255	0	0	13.0687	1.99831	2.24887	13.21	99.045	0	0	34650.6	44003.4	48989.9	52885.6	0	0	0	0	0	0	145
DATA	10:07:36:000	2023-12-14	564645	13.2902	584.769	0.096704	404.693	774.012	13.9322	0.0763567	23.569	16.5108	19.787	79.9816	255	0	0	13.0687	1.99864	2.24874	13.21	99.0466	0	0	34650	44001	48985	52884.8	0	0	0	0	0	0	 68
DATA	10:07:37:000	2023-12-14	564945	13.2838	584.487	0.0966671	404.537	777.594	13.9967	0.0766019	23.6804	16.5842	19.8018	79.9779	255	0	0	13.0687	1.9986	2.24937	13.21	99.0468	0	0	34651	44001.4	48983.5	52886.2	0	0	0	0	0	0	147
DATA	10:07:38:000	2023-12-14	565245	13.2737	584.043	0.0966106	404.23	778.426	14.0117	0.0766592	23.7058	16.6018	19.8159	79.9816	255	0	0	13.0687	1.99832	2.24961	13.21	99.0402	0	0	34651.7	44001.2	48978.8	52883	0	0	0	0	0	0	 78
DATA	10:07:39:000	2023-12-14	565545	13.2738	584.047	0.0966043	404.319	780.855	14.0554	0.0768186	23.7848	16.6516	19.8302	79.9686	255	0	0	13.0687	1.99861	2.24924	13.21	99.0455	0	0	34652.9	44000.8	48966.8	52884.2	0	0	0	0	0	0	  8
DATA	10:07:40:000	2023-12-14	565845	13.2655	583.682	0.096566	404.014	782.131	14.0784	0.076915	23.8206	16.6779	19.8418	79.9821	255	0	0	13.0687	1.99841	2.24999	13.21	99.0393	0	0	34652.5	43999.9	48961.2	52883.3	0	0	0	0	0	0	169
DATA	10:07:41:000	2023-12-14	566145	13.2628	583.563	0.0965481	403.981	782.106	14.0779	0.0769101	23.8227	16.6782	19.8565	79.9764	255	0	0	13.0687	1.99856	2.25011	13.21	99.0488	0	0	34653.3	44002.8	48964.6	52884	0	0	0	0	0	0	151
DATA	10:07:42:000	2023-12-14	566445	13.2636	583.598	0.0965513	403.988	785.436	14.1378	0.0771368	23.9231	16.7458	19.8709	79.9837	255	0	0	13.0687	1.99864	2.25024	13.21	99.0464	0	0	34655.9	44000.9	48951.2	52883.3	0	0	0	0	0	0	 12
DATA	10:07:43:000	2023-12-14	566745	13.2581	583.356	0.0965198	403.885	786.354	14.1544	0.0771988	23.9549	16.765	19.8847	79.9746	255	0	0	13.0687	1.99858	2.25111	13.21	99.0409	0	0	34654.6	43999.1	48945.5	52881.7	0	0	0	0	0	0	252
DATA	10:07:44:000	2023-12-14	567045	13.2533	583.145	0.0964955	403.731	787.245	14.1704	0.0772625	23.9816	16.7836	19.8987	79.98	255	0	0	13.068	1.99865	2.25036	13.21	99.0424	0	0	34653.5	43999	48942.8	52881.8	0	0	0	0	0	0	 18
DATA	10:07:45:000	2023-12-14	567345	13.244	582.736	0.0964436	403.463	788.95	14.2011	0.0773795	24.0345	16.8182	19.9095	79.9799	255	0	0	13.0694	1.99852	2.24924	13.21	99.0324	0	0	34654.4	43995.8	48933.1	52876.3	0	0	0	0	0	0	160
DATA	10:07:46:000	2023-12-14	567645	13.2492	582.965	0.0964716	403.661	787.062	14.1671	0.0772489	23.9793	16.7812	19.9233	79.9759	255	0	0	13.0694	1.99863	2.25111	13.21	99.0414	0	0	34655.3	43998.8	48940	52879.8	0	0	0	0	0	0	184
DATA	10:07:47:000	2023-12-14	567945	13.2447	582.767	0.0964485	403.495	789.367	14.2086	0.0774092	24.0478	16.828	19.9364	79.9852	255	0	0	13.068	1.99852	2.24999	13.21	99.0292	0	0	34656.9	43994.4	48924.2	52876.4	0	0	0	0	0	0	204
DATA	10:07:48:000	2023-12-14	568245	13.2386	582.498	0.0964133	403.344	790.205	14.2237	0.0774652	24.0754	16.8454	19.9495	79.9819	255	0	0	13.0687	1.99833	2.25074	13.21	99.0307	0	0	34655.3	43996.9	48925.1	52877.1	0	0	0	0	0	0	  2
DATA	10:07:49:000	2023-12-14	568545	13.2361	582.388	0.0963987	403.285	792.168	14.259	0.0775981	24.1362	16.8852	19.9625	79.9821	255	0	0	13.0694	1.99845	2.25261	13.21	99.0338	0	0	34656.1	43997.2	48922.5	52877.9	0	0	0	0	0	0	234
DATA	10:07:50:000	2023-12-14	568845	13.2272	581.997	0.0963486	403.018	793.018	14.2743	0.077656	24.1624	16.9027	19.9727	79.984	255	0	0	13.0687	1.99842	2.25136	13.21	99.0317	0	0	34659.1	43996.5	48916.1	52876.1	0	0	0	0	0	0	156
DATA	10:07:51:000	2023-12-14	569145	13.2235	581.834	0.0963334	402.883	794.456	14.3002	0.0777603	24.2048	16.9319	19.9845	79.9917	255	0	0	13.0687	1.99835	2.25099	13.21	99.024	0	0	34659.1	43993.7	48907.3	52874.2	0	0	0	0	0	0	200
DATA	10:07:52:000	2023-12-14	569445	13.2192	581.645	0.0963058	402.802	795.552	14.3199	0.077831	24.2413	16.9543	19.9972	79.9851	255	0	0	13.0687	1.99839	2.25099	13.21	99.0245	0	0	34658.1	43993.6	48905	52874.6	0	0	0	0	0	0	116
DATA	10:07:53:000	2023-12-14	569745	13.2159	581.5	0.0962877	402.715	795.809	14.3246	0.0778492	24.2499	16.9601	20.0101	79.9859	255	0	0	13.0687	1.99843	2.25136	13.21	99.0293	0	0	34657.6	43995.3	48903	52874.4	0	0	0	0	0	0	 58
DATA	10:07:54:000	2023-12-14	570045	13.2012	580.853	0.0962061	402.269	799.664	14.394	0.0781127	24.3675	17.037	20.0224	79.989	255	0	0	13.0687	1.99859	2.25149	13.21	99.0292	0	0	34659.3	43993.7	48893.7	52872.9	0	0	0	0	0	0	 92
DATA	10:07:55:000	2023-12-14	570345	13.2087	581.183	0.0962467	402.534	798.922	14.3806	0.0780603	24.3471	17.0231	20.035	79.9851	255	0	0	13.0694	1.99859	2.25261	13.21	99.0284	0	0	34662	43993.4	48891	52872.5	0	0	0	0	0	0	225
DATA	10:07:56:000	2023-12-14	570645	13.2095	581.218	0.0962498	402.59	798.894	14.3801	0.0780565	24.3482	17.023	20.0445	79.9814	255	0	0	13.0687	1.99882	2.25261	13.21	99.036	0	0	34661.1	43994.6	48886	52873.6	0	0	0	0	0	0	248
DATA	10:07:57:000	2023-12-14	570945	13.2032	580.941	0.0962153	402.396	801.257	14.4226	0.0782185	24.42	17.0703	20.0569	79.9852	255	0	0	13.0687	1.99868	2.25248	13.21	99.0279	0	0	34662	43992.3	48881.8	52871.3	0	0	0	0	0	0	 23
DATA	10:07:58:000	2023-12-14	571245	13.1936	580.518	0.0961633	402.14	801.532	14.4276	0.0782392	24.4306	17.0764	20.0696	79.9815	255	0	0	13.0687	1.99882	2.25211	13.21	99.032	0	0	34663.7	43992.8	48873.5	52871.3	0	0	0	0	0	0	112
DATA	10:07:59:000	2023-12-14	571545	13.1954	580.598	0.0961741	402.181	803.004	14.4541	0.0783399	24.4747	17.106	20.0817	79.9875	255	0	0	13.0687	1.99833	2.25385	13.21	99.0178	0	0	34661.5	43991.2	48868.3	52868.8	0	0	0	0	0	0	197
DATA	10:08:00:000	2023-12-14	571845	13.1934	580.51	0.0961619	402.145	804.166	14.475	0.0784172	24.5116	17.1295	20.094	79.9858	255	0	0	13.0687	1.99845	2.25323	13.21	99.0209	0	0	34662.8	43991.4	48867.4	52869.8	0	0	0	0	0	0	 75
DATA	10:08:01:000	2023-12-14	572145	13.1941	580.54	0.096164	402.222	805.542	14.4998	0.0785088	24.5569	17.1571	20.1053	79.9779	255	0	0	13.0687	1.99854	2.25273	13.21	99.0205	0	0	34662.7	43990.3	48865.8	52868.9	0	0	0	0	0	0	135
DATA	10:08:02:000	2023-12-14	572445	13.1853	580.153	0.0961182	401.906	807.032	14.5266	0.0786134	24.5995	17.1868	20.1141	79.9897	255	0	0	13.0687	1.99856	2.25435	13.21	99.0188	0	0	34661.8	43989.4	48844.5	52865.8	0	0	0	0	0	0	246
DATA	10:08:03:000	2023-12-14	572745	13.1792	579.885	0.0960833	401.766	808.788	14.5582	0.0787317	24.6558	17.2218	20.1257	79.9838	255	0	0	13.0694	1.99881	2.25473	13.21	99.0361	0	0	34666.7	43994.7	48853.9	52871	0	0	0	0	0	0	184
DATA	10:08:04:000	2023-12-14	573045	13.1848	580.131	0.0961122	402.003	808.934	14.5608	0.0787389	24.6643	17.2253	20.1373	79.9737	255	0	0	13.0687	1.99871	2.25373	13.21	99.0358	0	0	34668.1	43995.6	48849.3	52873.5	0	0	0	0	0	0	228
DATA	10:08:05:000	2023-12-14	573345	13.1776	579.814	0.0960738	401.716	810.292	14.5853	0.0788332	24.7016	17.2524	20.1482	79.9901	255	0	0	13.0687	1.99844	2.25286	13.21	99.0123	0	0	34662.8	43987.7	48842	52864.6	0	0	0	0	0	0	134
DATA	10:08:06:000	2023-12-14	573645	13.1744	579.674	0.0960591	401.659	810.954	14.5972	0.0788815	24.7242	17.2659	20.1593	79.9852	255	0	0	13.0687	1.99862	2.25385	13.21	99.0221	0	0	34663.1	43990.3	48837.4	52866.3	0	0	0	0	0	0	255
DATA	10:08:07:000	2023-12-14	573945	13.1771	579.792	0.0960672	401.815	812.494	14.6249	0.0789776	24.7758	17.2965	20.1704	79.9734	255	0	0	13.0687	1.99867	2.25348	13.21	99.0181	0	0	34665.2	43988	48831.7	52865	0	0	0	0	0	0	 86
DATA	10:08:08:000	2023-12-14	574245	13.1741	579.66	0.0960551	401.693	813.378	14.6408	0.0790426	24.8008	17.3143	20.182	79.9828	255	0	0	13.0687	1.99896	2.25323	13.21	99.0245	0	0	34663.4	43988.1	48827.8	52863.6	0	0	0	0	0	0	135
DATA	10:08:09:000	2023-12-14	574545	13.1704	579.498	0.0960331	401.633	814.043	14.6528	0.0790862	24.8244	17.3278	20.1931	79.9752	255	0	0	13.0694	1.9985	2.25373	13.21	99.0083	0	0	34662	43985.3	48815.1	52861	0	0	0	0	0	0	229
DATA	10:08:10:000	2023-12-14	574845	13.1694	579.454	0.0960218	401.667	817.619	14.7171	0.0793206	24.9374	17.3978	20.2043	79.9654	255	0	0	13.068	1.99876	2.25535	13.21	99.0176	0	0	34663.2	43987	48817.7	52861.8	0	0	0	0	0	0	107
DATA	10:08:11:000	2023-12-14	575145	13.1644	579.234	0.0959992	401.455	815.812	14.6846	0.0792049	24.8786	17.3634	20.2164	79.9805	255	0	0	13.0694	1.9989	2.2556	13.21	99.0219	0	0	34665	43987.6	48816.7	52862.3	0	0	0	0	0	0	 57
DATA	10:08:12:000	2023-12-14	575445	13.1669	579.344	0.0960113	401.566	816.529	14.6975	0.0792514	24.9026	17.378	20.2281	79.9769	255	0	0	13.0687	1.99876	2.25485	13.21	99.0104	0	0	34664	43983.8	48812.1	52859.6	0	0	0	0	0	0	104
DATA	10:08:13:000	2023-12-14	575745	13.1607	579.071	0.0959766	401.408	816.519	14.6973	0.0792506	24.9042	17.3784	20.2396	79.9738	255	0	0	13.0687	1.99886	2.25473	13.21	99.0131	0	0	34662.1	43984	48810.8	52858.7	0	0	0	0	0	0	160
DATA	10:08:14:000	2023-12-14	576045	13.1608	579.075	0.0959801	401.388	817.072	14.7073	0.0792914	24.9197	17.3896	20.2483	79.9808	255	0	0	13.0687	1.99868	2.25622	13.21	99.0137	0	0	34663.1	43986	48810.5	52859.9	0	0	0	0	0	0	162
DATA	10:08:15:000	2023-12-14	576345	13.1506	578.626	0.0959196	401.102	819.399	14.7492	0.0794448	24.9922	17.4352	20.2587	79.9786	255	0	0	13.0687	1.99876	2.25597	13.21	99.0105	0	0	34664.6	43983.8	48806.6	52857.8	0	0	0	0	0	0	 29
DATA	10:08:16:000	2023-12-14	576645	13.1534	578.75	0.0959377	401.161	818.445	14.732	0.0793831	24.9615	17.4173	20.2698	79.9868	255	0	0	13.0687	1.99879	2.25473	13.21	99.0102	0	0	34663.9	43983.4	48803.3	52857.1	0	0	0	0	0	0	156
DATA	10:08:17:000	2023-12-14	576945	13.1503	578.613	0.0959201	401.115	818.637	14.7355	0.0793957	24.9704	17.4216	20.2798	79.9799	255	0	0	13.0694	1.99883	2.2556	13.21	99.0088	0	0	34665.7	43982.4	48801	52855.8	0	0	0	0	0	0	116
DATA	10:08:18:000	2023-12-14	577245	13.1242	577.465	0.0957745	400.338	824.287	14.8372	0.0797771	25.1439	17.5311	20.29	79.9788	255	0	0	13.0687	1.99905	2.25722	13.21	99.0127	0	0	34666.9	43982	48786.5	52855.2	0	0	0	0	0	0	 59
DATA	10:08:19:000	2023-12-14	577545	13.1466	578.45	0.0958998	401.002	819.458	14.7502	0.0794515	24.9954	17.4385	20.2998	79.9855	255	0	0	13.0694	1.99873	2.25697	13.21	99.0053	0	0	34663.8	43981.8	48796	52855.8	0	0	0	0	0	0	152
DATA	10:08:20:000	2023-12-14	577845	13.1457	578.411	0.0958966	400.983	820.559	14.7701	0.0795275	25.0295	17.4603	20.3101	79.9866	255	0	0	13.0694	1.99871	2.25622	13.21	99.007	0	0	34663.7	43982.7	48794.2	52855.5	0	0	0	0	0	0	192
DATA	10:08:21:000	2023-12-14	578145	13.1443	578.349	0.0958857	400.953	821.178	14.7812	0.0795662	25.0491	17.4727	20.3172	79.986	255	0	0	13.0694	1.99909	2.25647	13.21	99.0116	0	0	34664.3	43981.2	48789.6	52852.3	0	0	0	0	0	0	200
DATA	10:08:22:000	2023-12-14	578445	13.142	578.248	0.0958788	400.87	821.983	14.7957	0.079627	25.0729	17.4887	20.3265	79.991	255	0	0	13.0666	1.99883	2.2576	13.21	98.9969	0	0	34663	43977.1	48783.2	52848.8	0	0	0	0	0	0	208
DATA	10:08:23:000	2023-12-14	578745	13.1355	577.962	0.0958342	400.758	822.722	14.809	0.0796679	25.1008	17.5034	20.3361	79.9765	255	0	0	13.0687	1.999	2.2556	13.21	98.9995	0	0	34664.2	43976.7	48776.7	52847.6	0	0	0	0	0	0	 75
DATA	10:08:24:000	2023-12-14	579045	13.1291	577.68	0.0958032	400.549	826.032	14.8686	0.0798957	25.201	17.5676	20.3462	79.982	255	0	0	13.0694	1.999	2.25809	13.21	99.0005	0	0	34664.2	43977.1	48768.7	52848.5	0	0	0	0	0	0	252
DATA	10:08:25:000	2023-12-14	579345	13.1309	577.76	0.0958127	400.633	824.889	14.848	0.0798184	25.1679	17.5462	20.3559	79.9788	255	0	0	13.0694	1.99917	2.25797	13.21	99.0098	0	0	34666.3	43979.6	48774	52851.5	0	0	0	0	0	0	103
DATA	10:08:26:000	2023-12-14	579645	13.1243	577.469	0.0957737	400.415	826.404	14.8753	0.079918	25.2131	17.5758	20.3663	79.985	255	0	0	13.0694	1.99898	2.2576	13.21	99.0048	0	0	34665.8	43979.2	48763.9	52849.4	0	0	0	0	0	0	129
DATA	10:08:27:000	2023-12-14	579945	13.1226	577.394	0.0957651	400.425	827.19	14.8894	0.0799714	25.241	17.5915	20.3768	79.9755	255	0	0	13.068	1.99903	2.25722	13.21	99.0015	0	0	34666.8	43977.2	48762.8	52848.5	0	0	0	0	0	0	115
DATA	10:08:28:000	2023-12-14	580245	13.1175	577.17	0.0957371	400.234	828.767	14.9178	0.0800782	25.2869	17.6221	20.3858	79.985	255	0	0	13.0694	1.99923	2.2576	13.21	99.0042	0	0	34667.8	43976.6	48756.8	52847.2	0	0	0	0	0	0	105
DATA	10:08:29:000	2023-12-14	580545	13.1145	577.038	0.095717	400.165	829.935	14.9388	0.080153	25.3239	17.645	20.3953	79.9831	255	0	0	13.0687	1.99899	2.25834	13.21	98.9972	0	0	34668.1	43975.8	48751.9	52848.1	0	0	0	0	0	0	120
DATA	10:08:30:000	2023-12-14	580845	13.1137	577.003	0.0957158	400.142	832.262	14.9807	0.0803124	25.3951	17.6899	20.4055	79.9855	255	0	0	13.0694	1.9992	2.25884	13.21	98.9983	0	0	34668.9	43974.2	48734.5	52843.6	0	0	0	0	0	0	195
DATA	10:08:31:000	2023-12-14	581145	13.0962	576.233	0.0956195	399.637	832.423	14.9836	0.0803256	25.4018	17.6936	20.4154	79.9825	255	0	0	13.0673	1.99927	2.25784	13.21	99.0011	0	0	34668.3	43974.8	48740.2	52843.9	0	0	0	0	0	0	238
DATA	10:08:32:000	2023-12-14	581445	13.1024	576.506	0.0956538	399.822	832.413	14.9834	0.0803246	25.4013	17.6939	20.4254	79.9859	255	0	0	13.0687	1.99927	2.25784	13.21	99.0018	0	0	34667.2	43975.1	48742.7	52844.5	0	0	0	0	0	0	242
DATA	10:08:33:000	2023-12-14	581745	13.1066	576.69	0.0956721	400.024	832.603	14.9869	0.080331	25.4117	17.698	20.435	79.9739	255	0	0	13.0694	1.99913	2.25959	13.21	98.9958	0	0	34667.9	43973.8	48732.1	52841.9	0	0	0	0	0	0	 55
DATA	10:08:34:000	2023-12-14	582045	13.1018	576.479	0.0956492	399.842	835.534	15.0396	0.0805313	25.4989	17.7543	20.4448	79.9835	255	0	0	13.0687	1.99921	2.25834	13.21	98.9928	0	0	34665.2	43971.7	48727.7	52840.9	0	0	0	0	0	0	 21
DATA	10:08:35:000	2023-12-14	582345	13.1056	576.646	0.0956675	400.013	834.894	15.0281	0.0804854	25.4829	17.7427	20.4541	79.9751	255	0	0	13.0694	1.99915	2.25984	13.21	98.9933	0	0	34666.7	43972.5	48728.8	52842.2	0	0	0	0	0	0	255
DATA	10:08:36:000	2023-12-14	582645	13.0975	576.29	0.0956231	399.759	834.207	15.0157	0.080441	25.4615	17.73	20.4615	79.9785	255	0	0	13.0687	1.99931	2.26034	13.21	98.9971	0	0	34666	43972.6	48728.1	52841.7	0	0	0	0	0	0	205
DATA	10:08:37:000	2023-12-14	582945	13.0975	576.29	0.0956219	399.759	838.201	15.0876	0.0807062	25.5834	17.8063	20.4707	79.9809	255	0	0	13.0694	1.99907	2.25834	13.21	98.99	0	0	34666.6	43971.8	48715.8	52839	0	0	0	0	0	0	 39
DATA	10:08:38:000	2023-12-14	583245	13.0952	576.189	0.0956093	399.691	837.859	15.0815	0.0806839	25.5731	17.8004	20.4801	79.9832	255	0	0	13.0687	1.99918	2.26034	13.21	98.9888	0	0	34668	43970.2	48717.1	52838.2	0	0	0	0	0	0	176
DATA	10:08:39:000	2023-12-14	583545	13.0882	575.881	0.0955718	399.507	838.044	15.0848	0.0806981	25.5806	17.8043	20.4888	79.9796	255	0	0	13.0687	1.99937	2.25934	13.21	98.989	0	0	34667.1	43968.5	48707.8	52835.5	0	0	0	0	0	0	  8
DATA	10:08:40:000	2023-12-14	583845	13.0851	575.744	0.0955519	399.408	839.286	15.1071	0.0807782	25.6182	17.8284	20.4988	79.9832	255	0	0	13.0687	1.99934	2.25947	13.21	98.9892	0	0	34666.5	43968.9	48706.2	52836.2	0	0	0	0	0	0	 40
DATA	10:08:41:000	2023-12-14	584145	13.0785	575.454	0.0955171	399.223	840.011	15.1202	0.0808299	25.6415	17.8426	20.5086	79.9825	255	0	0	13.0694	1.99957	2.26071	13.21	98.9919	0	0	34666.7	43967.9	48702.4	52834.4	0	0	0	0	0	0	242
DATA	10:08:42:000	2023-12-14	584445	13.0763	575.357	0.0955066	399.167	842.254	15.1606	0.080981	25.7106	17.8855	20.5179	79.9829	255	0	0	13.0694	1.99918	2.26146	13.21	98.9789	0	0	34667.2	43965.8	48698.7	52832.5	0	0	0	0	0	0	240
DATA	10:08:43:000	2023-12-14	584745	13.0747	575.287	0.0954954	399.13	843.461	15.1823	0.0810589	25.7483	17.9087	20.5261	79.9826	255	0	0	13.068	1.99933	2.26084	13.21	98.981	0	0	34667.3	43965.2	48687	52830.1	0	0	0	0	0	0	 13
DATA	10:08:44:000	2023-12-14	585045	13.0706	575.106	0.095471	399.022	842.041	15.1567	0.0809631	25.706	17.8825	20.5366	79.982	255	0	0	13.0687	1.99947	2.26059	13.21	98.9849	0	0	34667.6	43965.7	48687.9	52832.3	0	0	0	0	0	0	108
DATA	10:08:45:000	2023-12-14	585345	13.0697	575.067	0.0954682	398.997	843.478	15.1826	0.0810614	25.7501	17.9102	20.5475	79.9845	255	0	0	13.068	1.99937	2.26183	13.21	98.9791	0	0	34668.3	43964	48687.5	52828.7	0	0	0	0	0	0	141
DATA	10:08:46:000	2023-12-14	585645	13.0664	574.922	0.0954519	398.898	844.257	15.1966	0.0811158	25.7739	17.9255	20.559	79.9873	255	0	0	13.0687	1.99967	2.26183	13.21	98.9835	0	0	34666.4	43963.2	48680.8	52828.1	0	0	0	0	0	0	  0
DATA	10:08:47:000	2023-12-14	585945	13.0677	574.979	0.0954567	398.954	845.31	15.2156	0.081183	25.8071	17.9459	20.5708	79.9874	255	0	0	13.0687	1.99951	2.26134	13.21	98.9811	0	0	34667.4	43963.7	48678.7	52828.9	0	0	0	0	0	0	205
DATA	10:08:48:000	2023-12-14	586245	13.0561	574.468	0.0953952	398.645	847.624	15.2572	0.0813415	25.8807	17.99	20.5825	79.9815	255	0	0	13.0687	1.99944	2.26196	13.21	98.9761	0	0	34669.7	43962	48664.3	52825.3	0	0	0	0	0	0	 84
DATA	10:08:49:000	2023-12-14	586545	13.0566	574.49	0.0953935	398.658	847.448	15.2541	0.0813246	25.8752	17.9873	20.5936	79.985	255	0	0	13.0687	1.99937	2.26183	13.21	98.9745	0	0	34669.9	43962	48665.2	52827	0	0	0	0	0	0	 12
DATA	10:08:50:000	2023-12-14	586845	13.0553	574.433	0.0953869	398.633	846.606	15.2389	0.0812693	25.8505	17.972	20.6029	79.9844	255	0	0	13.0687	1.99965	2.26196	13.21	98.9809	0	0	34668.1	43962.2	48669.4	52826.8	0	0	0	0	0	0	241
DATA	10:08:51:000	2023-12-14	587145	13.0587	574.583	0.0954041	398.773	847.267	15.2508	0.0813113	25.873	17.9851	20.6152	79.9805	255	0	0	13.0694	1.99969	2.26258	13.21	98.9801	0	0	34668.2	43961.5	48667.9	52825.8	0	0	0	0	0	0	219
DATA	10:08:52:000	2023-12-14	587445	13.0551	574.424	0.0953841	398.679	847.161	15.2489	0.0813043	25.8707	17.9837	20.626	79.9804	255	0	0	13.0673	1.99997	2.26296	13.21	98.9837	0	0	34668.9	43960.4	48669.8	52824.9	0	0	0	0	0	0	245
DATA	10:08:53:000	2023-12-14	587745	13.0474	574.086	0.0953449	398.449	847.018	15.2463	0.0812997	25.8667	17.9816	20.6367	79.9823	255	0	0	13.0687	1.99963	2.26283	13.21	98.9795	0	0	34669.4	43961.8	48669.2	52823.6	0	0	0	0	0	0	 57
DATA	10:08:54:000	2023-12-14	588045	13.0459	574.02	0.0953337	398.417	848.217	15.2679	0.0813765	25.9042	18.0046	20.647	79.9822	255	0	0	13.0694	1.99987	2.26308	13.21	98.9819	0	0	34668.8	43960.6	48661.6	52824.2	0	0	0	0	0	0	160
DATA	10:08:55:000	2023-12-14	588345	13.0448	573.971	0.0953245	398.4	849.693	15.2945	0.0814706	25.9504	18.0329	20.6583	79.9819	255	0	0	13.0694	1.99957	2.26171	13.21	98.9662	0	0	34666.2	43956.4	48654.4	52820	0	0	0	0	0	0	 71
DATA	10:08:56:000	2023-12-14	588645	13.0511	574.248	0.0953648	398.543	848.789	15.2782	0.0814164	25.9196	18.0164	20.6661	79.994	255	0	0	13.0687	1.99986	2.26371	13.21	98.9775	0	0	34667.2	43958.7	48658.5	52821	0	0	0	0	0	0	148
DATA	10:08:57:000	2023-12-14	588945	13.0447	573.967	0.0953252	398.423	849.737	15.2953	0.0814756	25.9535	18.0346	20.6757	79.9814	255	0	0	13.0673	1.99984	2.26271	13.21	98.9799	0	0	34669.2	43959.9	48658.6	52822.6	0	0	0	0	0	0	 58
