Model:	 LI-7500
SN:	75D-4923
Timestamp:	Dec 8 2023 at 6:21:41
DATAH	Time	Date	Sequence Number	CO2 (mmol/m^3)	CO2 (mg/m^3)	CO2 Absorptance	CO2 (umol/mol)	H2O (mmol/m^3)	H2O (g/m^3)	H2O Absorptance	H2O (mmol/mol)	Dew Point (C)	Temperature (C)	Pressure (kPa)	Diagnostic Value	Diagnostic Value 2	Diagnostic Word	DSI Vin (v)	Cooler Voltage (v)	Chopper Cooler Voltage (v)	Smart Flux Vin (v)	CO2 Signal Strength	Integral	Peak Height	CO2 Sample	CO2 Reference	H2O Sample	H2O Reference	CH4 Seconds	CH4 Nano Seconds	CH4 (umol/mol)	CH4 (mmol/m^3)	CH4 Signal Strength (RSSI)	CH4 Diagnostic Value	CHK
DATA	14:21:39:000	2023-12-08	919710	12.2727	539.999	0.089061	411.41	426.643	7.67957	0.0486383	14.3021	7.56786	21.627	73.1086	255	0	0	13.0824	2.03682	2.35461	13.22	98.9726	0	0	34615.7	43591.2	50218.4	52508.7	0	0	0	0	0	0	 67
DATA	14:21:40:000	2023-12-08	920010	12.28	540.32	0.0891022	411.67	408.504	7.35307	0.0471152	13.6945	6.93435	21.6513	73.112	255	0	0	13.0818	2.03694	2.35423	13.22	98.9771	0	0	34615.4	43592	50224.6	52511.1	0	0	0	0	0	0	 30
DATA	14:21:41:000	2023-12-08	920310	12.2651	539.664	0.0890187	411.22	414.839	7.4671	0.0476499	13.9086	7.15992	21.6738	73.1087	255	0	0	13.0824	2.03666	2.35523	13.22	98.9669	0	0	34619.9	43590.4	50239.6	52511.1	0	0	0	0	0	0	111
DATA	14:21:42:000	2023-12-08	920610	12.2604	539.458	0.0889944	411.088	424.464	7.64035	0.0484579	14.2322	7.49655	21.7009	73.1109	255	0	0	13.0818	2.03659	2.35436	13.22	98.9697	0	0	34614.9	43592.3	50258.9	52512.5	0	0	0	0	0	0	215
DATA	14:21:43:000	2023-12-08	920910	12.2826	540.434	0.089117	411.844	425.183	7.65329	0.048517	14.2567	7.52275	21.7294	73.116	255	0	0	13.0818	2.03658	2.35411	13.22	98.9652	0	0	34613.9	43590.4	50235	52509.6	0	0	0	0	0	0	187
DATA	14:21:44:000	2023-12-08	921210	12.28	540.32	0.0891028	411.829	421.525	7.58745	0.0482115	14.1365	7.39757	21.7549	73.1095	255	0	0	13.0818	2.03657	2.35511	13.22	98.956	0	0	34612.5	43586.5	50187.6	52503.7	0	0	0	0	0	0	236
DATA	14:21:45:000	2023-12-08	921510	12.2895	540.738	0.0891582	412.161	422.749	7.60948	0.0483153	14.178	7.44138	21.783	73.1141	255	0	0	13.0818	2.03653	2.35423	13.22	98.966	0	0	34617	43591.2	50202.7	52509.4	0	0	0	0	0	0	185
DATA	14:21:46:000	2023-12-08	921810	12.2774	540.206	0.0890915	411.801	435.332	7.83598	0.0493618	14.6016	7.87258	21.8093	73.1125	255	0	0	13.0818	2.03639	2.35299	13.22	98.9642	0	0	34615.9	43591.9	50177.4	52509.4	0	0	0	0	0	0	209
DATA	14:21:47:000	2023-12-08	922110	12.2945	540.958	0.0891829	412.407	420.639	7.5715	0.0481367	14.1099	7.37087	21.837	73.1136	255	0	0	13.0818	2.03652	2.35473	13.22	98.9718	0	0	34614.6	43594	50204	52510.4	0	0	0	0	0	0	148
DATA	14:21:48:000	2023-12-08	922410	12.2917	540.835	0.089168	412.359	421.302	7.58344	0.0481928	14.1337	7.39526	21.8645	73.1122	255	0	0	13.0818	2.03635	2.35548	13.22	98.9608	0	0	34615.2	43590.8	50207.2	52509.9	0	0	0	0	0	0	139
DATA	14:21:49:000	2023-12-08	922710	12.2984	541.13	0.0892074	412.636	426.206	7.67171	0.0486038	14.3001	7.56601	21.8919	73.1098	255	0	0	13.0824	2.03631	2.3556	13.22	98.9665	0	0	34614.7	43593.8	50187.6	52510.2	0	0	0	0	0	0	 79
DATA	14:21:50:000	2023-12-08	923010	12.2935	540.914	0.0891793	412.502	431.453	7.76615	0.0490392	14.4772	7.74672	21.9195	73.1112	255	0	0	13.0818	2.03619	2.35573	13.22	98.9624	0	0	34617.7	43593.2	50143.6	52508.5	0	0	0	0	0	0	181
DATA	14:21:51:000	2023-12-08	923310	12.2906	540.786	0.0891654	412.421	437.455	7.87419	0.0495373	14.6791	7.95087	21.9467	73.1151	255	0	0	13.0818	2.03653	2.35548	13.22	98.9648	0	0	34614.6	43590.8	50133.5	52505.7	0	0	0	0	0	0	215
DATA	14:21:52:000	2023-12-08	923610	12.2868	540.619	0.0891443	412.321	439.538	7.91168	0.0497091	14.75	8.02191	21.9713	73.1162	255	0	0	13.0818	2.03637	2.35498	13.22	98.9621	0	0	34615.8	43591.2	50125.1	52505.9	0	0	0	0	0	0	 83
DATA	14:21:53:000	2023-12-08	923910	12.2909	540.8	0.0891667	412.5	442.748	7.96946	0.0499731	14.8592	8.13024	21.9978	73.1155	255	0	0	13.0824	2.03607	2.35548	13.22	98.9539	0	0	34615.5	43590.7	50095.2	52502.5	0	0	0	0	0	0	 18
DATA	14:21:54:000	2023-12-08	924210	12.2658	539.695	0.0890291	411.721	462.485	8.32473	0.0515832	15.524	8.7749	22.0242	73.1108	255	0	0	13.0818	2.03617	2.35523	13.22	98.9613	0	0	34620.2	43592.8	50028.3	52500.8	0	0	0	0	0	0	 66
DATA	14:21:55:000	2023-12-08	924510	12.2671	539.752	0.0890344	411.8	459.181	8.26526	0.0513144	15.4144	8.67016	22.0491	73.1107	255	0	0	13.0818	2.03599	2.35648	13.22	98.9529	0	0	34618.8	43591	50034.9	52499.8	0	0	0	0	0	0	  4
DATA	14:21:56:000	2023-12-08	924810	12.2802	540.329	0.089108	412.254	456.037	8.20867	0.0510596	15.3095	8.57007	22.077	73.115	255	0	0	13.0824	2.03627	2.35523	13.22	98.9658	0	0	34620.3	43593.8	50053.9	52503.6	0	0	0	0	0	0	 19
DATA	14:21:57:000	2023-12-08	925110	12.2793	540.289	0.089101	412.273	456.118	8.21012	0.0510649	15.314	8.57396	22.1024	73.1126	255	0	0	13.0818	2.03607	2.35685	13.22	98.9566	0	0	34617.4	43591.8	50040.1	52501.8	0	0	0	0	0	0	 51
DATA	14:21:58:000	2023-12-08	925410	12.2762	540.153	0.0890859	412.222	460.894	8.29609	0.0514536	15.4763	8.72914	22.128	73.1096	255	0	0	13.0811	2.03605	2.35623	13.22	98.9537	0	0	34616.8	43590.7	50037.5	52501.3	0	0	0	0	0	0	130
DATA	14:21:59:000	2023-12-08	925710	12.2367	538.415	0.0888678	410.915	480.103	8.64185	0.0529982	16.1221	9.33561	22.1548	73.1127	255	0	0	13.0818	2.03602	2.35623	13.22	98.9525	0	0	34622.2	43590.6	49979.4	52497.3	0	0	0	0	0	0	210
DATA	14:22:00:000	2023-12-08	926010	12.2806	540.346	0.0891129	412.388	464.617	8.36311	0.0517563	15.602	8.8507	22.179	73.1189	255	0	0	13.0818	2.0359	2.3556	13.22	98.9443	0	0	34615.4	43588.1	50000.5	52496.2	0	0	0	0	0	0	172
DATA	14:22:01:000	2023-12-08	926310	12.2727	539.999	0.0890676	412.182	466.214	8.39185	0.0518843	15.6579	8.90277	22.2046	73.1147	255	0	0	13.0824	2.03576	2.35623	13.22	98.9464	0	0	34617.2	43590.5	49996.2	52498.6	0	0	0	0	0	0	240
DATA	14:22:02:000	2023-12-08	926610	12.2587	539.383	0.0889902	411.729	476.055	8.56899	0.0526749	15.9891	9.21369	22.2305	73.1181	255	0	0	13.0824	2.03578	2.35473	13.22	98.9444	0	0	34621.2	43589.4	49947.3	52494.4	0	0	0	0	0	0	249
DATA	14:22:03:000	2023-12-08	926910	12.2659	539.7	0.0890291	412.02	472.228	8.5001	0.0523673	15.8624	9.09513	22.2538	73.1152	255	0	0	13.0824	2.03589	2.3566	13.22	98.9469	0	0	34619.1	43589.4	49952.1	52494.1	0	0	0	0	0	0	200
DATA	14:22:04:000	2023-12-08	927210	12.2567	539.295	0.0889776	411.77	479.451	8.63012	0.0529452	16.1074	9.32168	22.2792	73.111	255	0	0	13.0811	2.03584	2.35723	13.22	98.9504	0	0	34622.3	43591.5	49942.4	52496.8	0	0	0	0	0	0	102
DATA	14:22:05:000	2023-12-08	927510	12.2636	539.598	0.0890183	411.955	477.815	8.60067	0.0528158	16.0506	9.27219	22.3044	73.1254	255	0	0	13.0824	2.03582	2.3556	13.22	98.9492	0	0	34622.1	43591.2	49930.9	52495.9	0	0	0	0	0	0	161
DATA	14:22:06:000	2023-12-08	927810	12.2355	538.362	0.0888624	411.109	492.522	8.8654	0.0539843	16.5486	9.72427	22.327	73.1137	255	0	0	13.0818	2.03585	2.35585	13.22	98.9559	0	0	34625.9	43593.8	49897.2	52495.7	0	0	0	0	0	0	153
DATA	14:22:07:000	2023-12-08	928110	12.2193	537.649	0.0887745	410.57	497.58	8.95644	0.0543851	16.7187	9.87782	22.3509	73.1187	255	0	0	13.0818	2.03566	2.35598	13.22	98.9462	0	0	34627.2	43591.4	49874.1	52491.7	0	0	0	0	0	0	162
DATA	14:22:08:000	2023-12-08	928410	12.2581	539.356	0.0889889	411.919	488.537	8.79367	0.0536697	16.4167	9.60575	22.3764	73.1168	255	0	0	13.0824	2.03565	2.3576	13.22	98.9474	0	0	34622.9	43592.1	49898.8	52494.8	0	0	0	0	0	0	242
DATA	14:22:09:000	2023-12-08	928710	12.2479	538.908	0.0889334	411.625	505.678	9.1022	0.0550195	16.9947	10.1214	22.3991	73.1139	255	0	0	13.0824	2.03578	2.35772	13.22	98.9487	0	0	34626.2	43591.3	49813.8	52488.7	0	0	0	0	0	0	178
DATA	14:22:10:000	2023-12-08	929010	12.2544	539.194	0.0889678	411.886	494.123	8.89421	0.0541106	16.6081	9.77745	22.4225	73.112	255	0	0	13.0818	2.03562	2.35797	13.22	98.9463	0	0	34623.1	43591.8	49873.6	52492.9	0	0	0	0	0	0	173
DATA	14:22:11:000	2023-12-08	929310	12.2462	538.833	0.0889211	411.65	501.027	9.01849	0.0546532	16.8418	9.98568	22.4463	73.111	255	0	0	13.0818	2.03565	2.35698	13.22	98.9412	0	0	34622.6	43589.3	49818.5	52486.2	0	0	0	0	0	0	110
DATA	14:22:12:000	2023-12-08	929610	12.248	538.912	0.0889354	411.696	517.071	9.30728	0.0559072	17.3805	10.4584	22.4697	73.1192	255	0	0	13.0824	2.0356	2.35723	13.22	98.9449	0	0	34625.3	43591.5	49822.6	52489.3	0	0	0	0	0	0	115
DATA	14:22:13:000	2023-12-08	929910	12.2476	538.894	0.0889311	411.719	501.424	9.02563	0.0546857	16.856	9.99993	22.4942	73.1188	255	0	0	13.0818	2.03588	2.35847	13.22	98.9461	0	0	34625.2	43589.2	49826.4	52488.1	0	0	0	0	0	0	210
DATA	14:22:14:000	2023-12-08	930210	12.1981	536.716	0.0886592	410.095	524.872	9.4477	0.0565128	17.646	10.6856	22.5188	73.1178	255	0	0	13.0824	2.03543	2.35885	13.22	98.9343	0	0	34629.3	43588.5	49734.2	52480.1	0	0	0	0	0	0	115
DATA	14:22:15:000	2023-12-08	930510	12.2006	536.826	0.0886715	410.216	524.053	9.43295	0.0564483	17.6201	10.6634	22.5437	73.1173	255	0	0	13.0824	2.03555	2.35847	13.22	98.9436	0	0	34628.9	43591.5	49766.8	52485.7	0	0	0	0	0	0	197
DATA	14:22:16:000	2023-12-08	930810	12.2332	538.261	0.0888508	411.355	508.595	9.15471	0.0552468	17.1021	10.2159	22.567	73.1156	255	0	0	13.0818	2.03559	2.35797	13.22	98.9394	0	0	34625.8	43589.1	49802	52486.2	0	0	0	0	0	0	 56
DATA	14:22:17:000	2023-12-08	931110	12.2305	538.142	0.0888382	411.255	511.563	9.20813	0.05548	17.2015	10.3042	22.5928	73.1235	255	0	0	13.0824	2.03569	2.35822	13.22	98.9454	0	0	34628.3	43590.8	49782.3	52487.1	0	0	0	0	0	0	 62
DATA	14:22:18:000	2023-12-08	931410	12.2301	538.124	0.0888352	411.324	514.044	9.25279	0.0556724	17.2884	10.3779	22.6173	73.115	255	0	0	13.0824	2.03543	2.3586	13.22	98.9389	0	0	34628.4	43590.5	49777.4	52486.3	0	0	0	0	0	0	 96
DATA	14:22:19:000	2023-12-08	931710	12.2228	537.803	0.0887941	411.104	517.205	9.30969	0.0559176	17.3958	10.4709	22.6383	73.1156	255	0	0	13.0824	2.03535	2.35797	13.22	98.936	0	0	34627.9	43590.1	49762.1	52485.6	0	0	0	0	0	0	164
DATA	14:22:20:000	2023-12-08	932010	12.2179	537.588	0.0887673	410.952	520.142	9.36256	0.0561454	17.4951	10.557	22.6616	73.119	255	0	0	13.0811	2.03547	2.35785	13.22	98.9364	0	0	34628.1	43589	49752.5	52483.4	0	0	0	0	0	0	  3
DATA	14:22:21:000	2023-12-08	932310	12.2136	537.398	0.0887418	410.846	525.277	9.45499	0.0565408	17.6695	10.7055	22.6833	73.1176	255	0	0	13.0818	2.03534	2.35835	13.22	98.9368	0	0	34630.2	43590.6	49725.6	52484.3	0	0	0	0	0	0	222
DATA	14:22:22:000	2023-12-08	932610	12.2191	537.64	0.088776	411.032	526.023	9.46841	0.0566007	17.6946	10.7278	22.7024	73.1221	255	0	0	13.0824	2.03512	2.3591	13.22	98.9261	0	0	34628.8	43588.1	49725.4	52481.4	0	0	0	0	0	0	 19
DATA	14:22:23:000	2023-12-08	932910	12.2142	537.425	0.0887466	410.922	533.319	9.59974	0.0571598	17.9424	10.936	22.7244	73.1178	255	0	0	13.0824	2.03554	2.35897	13.22	98.9391	0	0	34633.2	43589.5	49688.2	52479	0	0	0	0	0	0	 91
DATA	14:22:24:000	2023-12-08	933210	12.2102	537.249	0.0887262	410.844	535.454	9.63817	0.0573247	18.0167	10.9973	22.7466	73.1132	255	0	0	13.0818	2.03504	2.36084	13.22	98.9232	0	0	34628.4	43587.7	49672	52476.8	0	0	0	0	0	0	102
DATA	14:22:25:000	2023-12-08	933510	12.2117	537.315	0.0887349	410.885	535.616	9.64109	0.0573375	18.0218	11.0029	22.7686	73.1203	255	0	0	13.0818	2.03527	2.36034	13.22	98.9278	0	0	34629.3	43587.3	49677.3	52475.8	0	0	0	0	0	0	205
DATA	14:22:26:000	2023-12-08	933810	12.1966	536.65	0.0886504	410.402	542.647	9.76765	0.057874	18.2595	11.2004	22.7884	73.1208	255	0	0	13.0824	2.03554	2.36059	13.22	98.9282	0	0	34630	43584.8	49630.3	52471.9	0	0	0	0	0	0	  8
DATA	14:22:27:000	2023-12-08	934110	12.2114	537.302	0.0887314	410.956	543.769	9.78784	0.0579579	18.2997	11.2327	22.811	73.1163	255	0	0	13.0824	2.03535	2.36034	13.22	98.9272	0	0	34629.4	43586.3	49636.2	52475.2	0	0	0	0	0	0	159
DATA	14:22:28:000	2023-12-08	934410	12.2119	537.324	0.0887347	411.022	543.062	9.77512	0.0579043	18.2781	11.2142	22.8329	73.1131	255	0	0	13.0824	2.03524	2.36034	13.22	98.9237	0	0	34626.3	43585.8	49645	52474.2	0	0	0	0	0	0	 66
DATA	14:22:29:000	2023-12-08	934710	12.2152	537.469	0.0887525	411.172	542.306	9.76151	0.0578464	18.2544	11.1942	22.8515	73.1107	255	0	0	13.0818	2.0355	2.36009	13.22	98.9316	0	0	34626.9	43586.7	49652.9	52474.8	0	0	0	0	0	0	156
DATA	14:22:30:000	2023-12-08	935010	12.2117	537.315	0.0887332	411.1	545.493	9.81887	0.0580886	18.3637	11.2836	22.8716	73.1076	255	0	0	13.0824	2.03525	2.36084	13.22	98.9239	0	0	34628.7	43585.8	49637.7	52474.6	0	0	0	0	0	0	115
DATA	14:22:31:000	2023-12-08	935310	12.2168	537.539	0.088761	411.296	549.715	9.89487	0.0584087	18.5069	11.4009	22.8909	73.108	255	0	0	13.0824	2.03536	2.36196	13.22	98.9308	0	0	34626.7	43587.8	49620.5	52473.7	0	0	0	0	0	0	137
DATA	14:22:32:000	2023-12-08	935610	12.2148	537.451	0.0887512	411.231	554.229	9.97612	0.0587512	18.659	11.5255	22.9097	73.1122	255	0	0	13.0824	2.03541	2.36234	13.22	98.925	0	0	34626.6	43584.7	49604.3	52470	0	0	0	0	0	0	235
DATA	14:22:33:000	2023-12-08	935910	12.2252	537.909	0.0888085	411.623	561.676	10.1102	0.0593112	18.9117	11.7282	22.9262	73.1088	255	0	0	13.0824	2.03529	2.35984	13.22	98.9229	0	0	34625	43585	49569.9	52468.2	0	0	0	0	0	0	  8
DATA	14:22:34:000	2023-12-08	936210	12.2142	537.425	0.0887478	411.278	558.32	10.0498	0.0590591	18.7998	11.6385	22.9455	73.1091	255	0	0	13.0818	2.0352	2.36246	13.22	98.9191	0	0	34625.3	43584.2	49571.5	52467.5	0	0	0	0	0	0	109
DATA	14:22:35:000	2023-12-08	936510	12.2188	537.627	0.0887717	411.489	561.059	10.0991	0.059264	18.8946	11.7135	22.9643	73.1037	255	0	0	13.0804	2.03541	2.36196	13.22	98.9265	0	0	34626	43585.3	49562.8	52469.7	0	0	0	0	0	0	 77
DATA	14:22:36:000	2023-12-08	936810	12.2166	537.53	0.0887642	411.376	571.23	10.2821	0.0600297	19.2353	11.9868	22.9827	73.1152	255	0	0	13.0824	2.03531	2.36147	13.22	98.9207	0	0	34624.8	43583.8	49534	52465.6	0	0	0	0	0	0	246
DATA	14:22:37:000	2023-12-08	937110	12.2236	537.838	0.0888036	411.641	567.815	10.2207	0.0597748	19.1217	11.8967	22.9995	73.1142	255	0	0	13.0818	2.03538	2.36122	13.22	98.9221	0	0	34622.5	43583.7	49534.1	52464.4	0	0	0	0	0	0	198
DATA	14:22:38:000	2023-12-08	937410	12.2192	537.645	0.0887761	411.557	573.279	10.319	0.06018	19.3087	12.0428	23.0166	73.1069	255	0	0	13.0818	2.03532	2.36184	13.22	98.9165	0	0	34623.8	43581.8	49511.5	52462.2	0	0	0	0	0	0	 32
DATA	14:22:39:000	2023-12-08	937710	12.2263	537.957	0.0888185	411.822	573.495	10.3229	0.0601983	19.3172	12.0495	23.0348	73.1069	255	0	0	13.0818	2.0353	2.36309	13.22	98.9177	0	0	34619.8	43582.6	49511.4	52461.6	0	0	0	0	0	0	155
DATA	14:22:40:000	2023-12-08	938010	12.2296	538.102	0.0888362	411.916	573.605	10.3249	0.0602061	19.3201	12.0533	23.053	73.1144	255	0	0	13.0818	2.03526	2.36284	13.22	98.9103	0	0	34619.6	43579.7	49506.8	52459.1	0	0	0	0	0	0	 98
DATA	14:22:41:000	2023-12-08	938310	12.2212	537.733	0.0887921	411.667	585.325	10.5359	0.0610788	19.7165	12.3617	23.0719	73.1131	255	0	0	13.0824	2.03523	2.36221	13.22	98.9089	0	0	34623.4	43579.4	49436.6	52453.6	0	0	0	0	0	0	182
DATA	14:22:42:000	2023-12-08	938610	12.2187	537.623	0.0887792	411.58	582.487	10.4848	0.0608694	19.6207	12.2887	23.0907	73.1182	255	0	0	13.0818	2.03525	2.36346	13.22	98.9109	0	0	34622.7	43580.1	49471.8	52458.1	0	0	0	0	0	0	165
DATA	14:22:43:000	2023-12-08	938910	12.2208	537.715	0.0887895	411.701	582.22	10.48	0.0608484	19.6141	12.2827	23.1096	73.114	255	0	0	13.0818	2.03515	2.36246	13.22	98.9068	0	0	34620.3	43579.2	49457.6	52456.6	0	0	0	0	0	0	241
DATA	14:22:44:000	2023-12-08	939210	12.2194	537.654	0.0887798	411.693	586.253	10.5526	0.0611451	19.7519	12.3888	23.1293	73.1119	255	0	0	13.0824	2.03525	2.36383	13.22	98.9134	0	0	34621.8	43581.2	49444.2	52456.2	0	0	0	0	0	0	198
DATA	14:22:45:000	2023-12-08	939510	12.2245	537.878	0.0888139	411.848	587.894	10.5821	0.0612714	19.8064	12.4323	23.1484	73.1196	255	0	0	13.0824	2.03534	2.36383	13.22	98.9146	0	0	34621.4	43580.8	49439.1	52456.7	0	0	0	0	0	0	212
DATA	14:22:46:000	2023-12-08	939810	12.2241	537.86	0.0888092	411.879	588.375	10.5907	0.0613048	19.8247	12.4456	23.165	73.1158	255	0	0	13.0818	2.03539	2.36533	13.22	98.9113	0	0	34620.4	43578.8	49448.4	52455.2	0	0	0	0	0	0	115
DATA	14:22:47:000	2023-12-08	940110	12.207	537.108	0.0887149	411.328	597.743	10.7594	0.0619953	20.1416	12.6873	23.1835	73.1159	255	0	0	13.0824	2.03529	2.36396	13.22	98.9094	0	0	34620.1	43579	49420.6	52453.3	0	0	0	0	0	0	 41
DATA	14:22:48:000	2023-12-08	940410	12.2015	536.866	0.0886828	411.13	594.795	10.7063	0.0617779	20.0416	12.6129	23.2031	73.1229	255	0	0	13.0824	2.03543	2.36546	13.22	98.9095	0	0	34624.2	43577.6	49402.3	52451	0	0	0	0	0	0	 22
DATA	14:22:49:000	2023-12-08	940710	12.1899	536.356	0.0886206	410.807	608.35	10.9503	0.0627724	20.5018	12.9579	23.2219	73.1155	255	0	0	13.0824	2.03548	2.36383	13.22	98.9092	0	0	34624	43577	49355.8	52445.9	0	0	0	0	0	0	214
DATA	14:22:50:000	2023-12-08	941010	12.2112	537.293	0.0887368	411.52	598.568	10.7742	0.0620545	20.1719	12.7112	23.2379	73.1202	255	0	0	13.0818	2.0354	2.36546	13.22	98.9069	0	0	34617.8	43576.8	49419.6	52450.8	0	0	0	0	0	0	 79
DATA	14:22:51:000	2023-12-08	941310	12.2007	536.831	0.0886819	411.2	605.706	10.9027	0.0625798	20.4141	12.8931	23.2565	73.1188	255	0	0	13.0818	2.03511	2.36433	13.22	98.8969	0	0	34622.7	43575.4	49372.8	52447	0	0	0	0	0	0	237
DATA	14:22:52:000	2023-12-08	941610	12.2079	537.148	0.0887191	411.486	597.57	10.7563	0.0619816	20.142	12.6876	23.2744	73.1156	255	0	0	13.0804	2.03518	2.36496	13.22	98.898	0	0	34619.6	43575.1	49398	52447	0	0	0	0	0	0	129
DATA	14:22:53:000	2023-12-08	941910	12.2124	537.346	0.0887429	411.676	597.501	10.755	0.0619757	20.1415	12.6867	23.2916	73.1131	255	0	0	13.0831	2.0354	2.36483	13.22	98.9051	0	0	34618.4	43576	49399.4	52449.1	0	0	0	0	0	0	249
DATA	14:22:54:000	2023-12-08	942210	12.2104	537.258	0.0887339	411.591	601.657	10.8298	0.0622817	20.2808	12.7932	23.3054	73.1196	255	0	0	13.0824	2.03544	2.36595	13.22	98.9042	0	0	34618.7	43575.2	49389.5	52447.6	0	0	0	0	0	0	196
DATA	14:22:55:000	2023-12-08	942510	12.2103	537.253	0.0887332	411.626	601.887	10.834	0.0622987	20.2904	12.7999	23.3216	73.1168	255	0	0	13.0818	2.03547	2.36583	13.22	98.905	0	0	34617.8	43575.2	49383.2	52446.9	0	0	0	0	0	0	 95
DATA	14:22:56:000	2023-12-08	942810	12.2111	537.288	0.0887395	411.664	605.431	10.8978	0.0625594	20.4105	12.8904	23.3383	73.1189	255	0	0	13.0824	2.03536	2.3662	13.22	98.9001	0	0	34619.2	43574.2	49366.9	52445.7	0	0	0	0	0	0	141
DATA	14:22:57:000	2023-12-08	943110	12.2135	537.394	0.0887526	411.795	606.018	10.9083	0.0626018	20.4327	12.9061	23.3548	73.1141	255	0	0	13.0824	2.03537	2.36483	13.22	98.8883	0	0	34614.9	43568.9	49358.2	52439.5	0	0	0	0	0	0	195
DATA	14:22:58:000	2023-12-08	943410	12.2092	537.205	0.0887267	411.665	615.829	11.0849	0.063314	20.7643	13.1525	23.3701	73.1152	255	0	0	13.0824	2.03552	2.36645	13.22	98.8924	0	0	34614.4	43569.1	49330.2	52438	0	0	0	0	0	0	 14
DATA	14:22:59:000	2023-12-08	943710	12.1979	536.708	0.0886665	411.306	620.362	11.1665	0.063645	20.9182	13.2656	23.3842	73.1148	255	0	0	13.0824	2.0355	2.36546	13.22	98.8953	0	0	34621.4	43570.7	49289.5	52435.6	0	0	0	0	0	0	101
DATA	14:23:00:000	2023-12-08	944010	12.2032	536.941	0.0886977	411.475	615.234	11.0742	0.0632751	20.7448	13.1393	23.401	73.1206	255	0	0	13.0818	2.03509	2.36683	13.22	98.8858	0	0	34618.8	43570.6	49317.3	52437.5	0	0	0	0	0	0	116
DATA	14:23:01:000	2023-12-08	944310	12.2016	536.87	0.0886865	411.458	616.179	11.0912	0.0633419	20.7786	13.1638	23.4189	73.1184	255	0	0	13.0824	2.03536	2.36795	13.22	98.8928	0	0	34616.1	43571	49316.6	52438	0	0	0	0	0	0	210
DATA	14:23:02:000	2023-12-08	944610	12.2017	536.875	0.0886902	411.468	630.472	11.3485	0.0643766	21.2609	13.5162	23.4353	73.1213	255	0	0	13.0824	2.03534	2.36758	13.22	98.8844	0	0	34615.5	43567.5	49268.4	52431.6	0	0	0	0	0	0	181
DATA	14:23:03:000	2023-12-08	944910	12.2005	536.822	0.0886814	411.47	625.35	11.2563	0.0640057	21.0903	13.3919	23.4516	73.1178	255	0	0	13.0824	2.03529	2.36645	13.22	98.8827	0	0	34619.8	43567.3	49269.4	52430.2	0	0	0	0	0	0	 73
DATA	14:23:04:000	2023-12-08	945210	12.2094	537.214	0.088731	411.768	628.398	11.3112	0.0642252	21.193	13.4672	23.4654	73.1216	255	0	0	13.0811	2.03545	2.36832	13.22	98.893	0	0	34617	43570.2	49273.4	52434.3	0	0	0	0	0	0	157
DATA	14:23:05:000	2023-12-08	945510	12.2057	537.051	0.0887134	411.678	626.982	11.2857	0.064126	21.147	13.4334	23.4815	73.1194	255	0	0	13.0831	2.03553	2.36758	13.22	98.8912	0	0	34615.9	43568.6	49275.4	52432.2	0	0	0	0	0	0	 82
DATA	14:23:06:000	2023-12-08	945810	12.2086	537.178	0.0887266	411.778	626.486	11.2767	0.0640873	21.1304	13.4221	23.4968	73.1228	255	0	0	13.0824	2.03564	2.36795	13.22	98.894	0	0	34616.2	43568.7	49256	52430.8	0	0	0	0	0	0	 65
DATA	14:23:07:000	2023-12-08	946110	12.2007	536.831	0.0886828	411.554	634.188	11.4154	0.0646414	21.3924	13.6105	23.5122	73.119	255	0	0	13.0824	2.03547	2.36807	13.22	98.8825	0	0	34613.7	43565.3	49243.1	52427.7	0	0	0	0	0	0	112
DATA	14:23:08:000	2023-12-08	946410	12.2034	536.95	0.0886978	411.662	629.922	11.3386	0.0643352	21.2494	13.5076	23.5275	73.1198	255	0	0	13.0818	2.03564	2.3687	13.22	98.8879	0	0	34612.8	43565.9	49253.3	52428.3	0	0	0	0	0	0	121
DATA	14:23:09:000	2023-12-08	946710	12.2035	536.954	0.0886985	411.708	634.438	11.4199	0.0646597	21.4039	13.618	23.5391	73.1151	255	0	0	13.0824	2.03572	2.36895	13.22	98.886	0	0	34611.6	43564.3	49229.9	52425.1	0	0	0	0	0	0	113
DATA	14:23:10:000	2023-12-08	947010	12.2085	537.174	0.0887279	411.85	638.644	11.4956	0.064962	21.5445	13.7202	23.5527	73.1231	255	0	0	13.0824	2.03546	2.36994	13.22	98.8818	0	0	34611	43565.1	49226.4	52425.1	0	0	0	0	0	0	237
DATA	14:23:11:000	2023-12-08	947310	12.2024	536.906	0.0886917	411.701	638.859	11.4995	0.0649752	21.5547	13.7262	23.5672	73.1167	255	0	0	13.0824	2.03561	2.36945	13.22	98.8771	0	0	34609.3	43561.6	49214.3	52421.4	0	0	0	0	0	0	195
DATA	14:23:12:000	2023-12-08	947610	12.2032	536.941	0.0886967	411.733	641.033	11.5386	0.0651312	21.6283	13.7792	23.581	73.1192	255	0	0	13.0831	2.03557	2.36895	13.22	98.8761	0	0	34611.7	43561.5	49213.2	52421.4	0	0	0	0	0	0	115
DATA	14:23:13:000	2023-12-08	947910	12.1957	536.611	0.0886539	411.526	642.863	11.5715	0.0652615	21.6925	13.8238	23.5962	73.1147	255	0	0	13.0838	2.03566	2.36994	13.22	98.8765	0	0	34610.9	43560.8	49204.3	52419	0	0	0	0	0	0	117
DATA	14:23:14:000	2023-12-08	948210	12.1902	536.369	0.0886246	411.34	644.033	11.5926	0.0653463	21.7319	13.8526	23.6115	73.1186	255	0	0	13.0838	2.03572	2.36945	13.22	98.8765	0	0	34610.7	43560.2	49206.4	52420.6	0	0	0	0	0	0	122
DATA	14:23:15:000	2023-12-08	948510	12.1786	535.858	0.0885589	410.976	654.347	11.7782	0.0660785	22.0814	14.0981	23.6232	73.1166	255	0	0	13.0838	2.03554	2.3692	13.22	98.8691	0	0	34611.9	43558.8	49170.1	52415.2	0	0	0	0	0	0	171
DATA	14:23:16:000	2023-12-08	948810	12.1932	536.501	0.0886432	411.482	651.618	11.7291	0.0658876	21.9901	14.0344	23.6384	73.1179	255	0	0	13.0838	2.0355	2.36945	13.22	98.8679	0	0	34608.2	43558.6	49170.2	52414.8	0	0	0	0	0	0	158
DATA	14:23:17:000	2023-12-08	949110	12.2023	536.901	0.0886935	411.807	649.509	11.6912	0.0657369	21.9198	13.9852	23.6534	73.1185	255	0	0	13.0824	2.0356	2.37032	13.22	98.8683	0	0	34606.7	43557.7	49163.1	52412.8	0	0	0	0	0	0	154
DATA	14:23:18:000	2023-12-08	949410	12.1977	536.699	0.088669	411.643	648.515	11.6733	0.0656678	21.8858	13.9623	23.6675	73.1235	255	0	0	13.0838	2.03569	2.37019	13.22	98.8705	0	0	34607.6	43557.8	49160.2	52412	0	0	0	0	0	0	 95
DATA	14:23:19:000	2023-12-08	949710	12.1866	536.21	0.0886055	411.302	655.018	11.7903	0.066128	22.1071	14.117	23.6823	73.1212	255	0	0	13.0838	2.03581	2.37132	13.22	98.8692	0	0	34607.2	43556	49138.4	52410.5	0	0	0	0	0	0	156
DATA	14:23:20:000	2023-12-08	950010	12.1772	535.797	0.088553	411.045	659.172	11.8651	0.0664217	22.2505	14.2153	23.6966	73.114	255	0	0	13.0838	2.03605	2.37044	13.22	98.8725	0	0	34607.4	43555	49137	52408.2	0	0	0	0	0	0	121
DATA	14:23:21:000	2023-12-08	950310	12.1926	536.474	0.0886404	411.553	656.469	11.8164	0.066232	22.1586	14.1526	23.7104	73.1195	255	0	0	13.0824	2.03596	2.37194	13.22	98.8756	0	0	34608.2	43557.2	49138.3	52410.5	0	0	0	0	0	0	125
DATA	14:23:22:000	2023-12-08	950610	12.2015	536.866	0.0886905	411.858	662.838	11.9311	0.0666821	22.3739	14.3024	23.7241	73.122	255	0	0	13.0824	2.03584	2.37194	13.22	98.8659	0	0	34606.4	43554.2	49121.6	52407.6	0	0	0	0	0	0	126
DATA	14:23:23:000	2023-12-08	950910	12.2008	536.835	0.0886872	411.887	664.024	11.9524	0.0667663	22.4168	14.3307	23.7373	73.1159	255	0	0	13.0824	2.03602	2.37206	13.22	98.8716	0	0	34605.8	43554.9	49120.4	52407.5	0	0	0	0	0	0	184
DATA	14:23:24:000	2023-12-08	951210	12.1947	536.567	0.0886517	411.658	658.702	11.8566	0.0663891	22.2359	14.2071	23.7507	73.1233	255	0	0	13.0824	2.0358	2.37219	13.22	98.8648	0	0	34606.1	43554.1	49118.9	52407.8	0	0	0	0	0	0	149
DATA	14:23:25:000	2023-12-08	951510	12.1863	536.197	0.0886063	411.43	662.709	11.9288	0.0666741	22.3742	14.3014	23.7643	73.1167	255	0	0	13.0824	2.03584	2.37231	13.22	98.8684	0	0	34607.6	43555.4	49099.8	52406.2	0	0	0	0	0	0	144
DATA	14:23:26:000	2023-12-08	951810	12.1901	536.364	0.0886282	411.558	674.818	12.1467	0.0675256	22.783	14.5821	23.7748	73.1194	255	0	0	13.0818	2.03604	2.37194	13.22	98.8702	0	0	34606.6	43554.1	49080.9	52403.8	0	0	0	0	0	0	148
DATA	14:23:27:000	2023-12-08	952110	12.1934	536.51	0.0886466	411.664	667.705	12.0187	0.0670259	22.5425	14.4189	23.7897	73.124	255	0	0	13.0831	2.03604	2.37169	13.22	98.8658	0	0	34605	43552.2	49081.3	52402	0	0	0	0	0	0	143
DATA	14:23:28:000	2023-12-08	952410	12.1904	536.378	0.0886309	411.563	674.054	12.133	0.0674727	22.7569	14.5661	23.805	73.1277	255	0	0	13.0824	2.03624	2.37381	13.22	98.8695	0	0	34603.3	43551.7	49058.5	52399.7	0	0	0	0	0	0	105
DATA	14:23:29:000	2023-12-08	952710	12.1891	536.32	0.0886252	411.566	678.835	12.219	0.0678089	22.9209	14.6764	23.8202	73.1232	255	0	0	13.0818	2.03623	2.37269	13.22	98.8663	0	0	34604.8	43550.5	49050.1	52397.8	0	0	0	0	0	0	102
DATA	14:23:30:000	2023-12-08	953010	12.1771	535.792	0.0885552	411.152	675.854	12.1654	0.0675975	22.8198	14.609	23.8355	73.1285	255	0	0	13.0824	2.03626	2.37306	13.22	98.8656	0	0	34605.6	43549.8	49044.8	52395.5	0	0	0	0	0	0	165
DATA	14:23:31:000	2023-12-08	953310	12.195	536.58	0.0886569	411.811	684.701	12.3246	0.0682169	23.1216	14.8113	23.8486	73.122	255	0	0	13.0811	2.03625	2.37418	13.22	98.8626	0	0	34596.8	43548.6	49013	52392.4	0	0	0	0	0	0	189
DATA	14:23:32:000	2023-12-08	953610	12.1957	536.611	0.0886618	411.866	680.124	12.2422	0.0678987	22.9688	14.7081	23.8643	73.1203	255	0	0	13.0824	2.03619	2.37443	13.22	98.8571	0	0	34602.7	43546.8	49040.2	52392.8	0	0	0	0	0	0	201
DATA	14:23:33:000	2023-12-08	953910	12.1809	535.96	0.0885751	411.405	677.711	12.1988	0.0677261	22.8894	14.6538	23.8799	73.1173	255	0	0	13.0824	2.03624	2.37431	13.22	98.8597	0	0	34601.8	43547.4	49027.1	52391.8	0	0	0	0	0	0	176
DATA	14:23:34:000	2023-12-08	954210	12.1925	536.47	0.088646	411.764	681.771	12.2719	0.0680155	23.0247	14.7472	23.8945	73.1266	255	0	0	13.0824	2.03628	2.37281	13.22	98.859	0	0	34601.1	43546.7	49029	52392.1	0	0	0	0	0	0	198
DATA	14:23:35:000	2023-12-08	954510	12.193	536.492	0.0886452	411.825	683.786	12.3081	0.0681523	23.0952	14.7937	23.909	73.1225	255	0	0	13.0824	2.03644	2.37344	13.22	98.8594	0	0	34597.6	43545.2	49012.7	52388.8	0	0	0	0	0	0	110
DATA	14:23:36:000	2023-12-08	954810	12.1917	536.435	0.0886399	411.798	688.072	12.3853	0.0684528	23.241	14.8913	23.9225	73.1227	255	0	0	13.0824	2.03626	2.37493	13.22	98.8547	0	0	34599.3	43545	49002.8	52388.8	0	0	0	0	0	0	 85
DATA	14:23:37:000	2023-12-08	955110	12.191	536.404	0.0886348	411.787	688.93	12.4007	0.0685114	23.2707	14.9112	23.9329	73.123	255	0	0	13.0824	2.0364	2.37531	13.22	98.8615	0	0	34601.9	43546.6	48991.4	52387.9	0	0	0	0	0	0	248
DATA	14:23:38:000	2023-12-08	955410	12.179	535.876	0.08857	411.408	690.684	12.4323	0.0686353	23.3314	14.9514	23.9462	73.1216	255	0	0	13.0818	2.03654	2.37556	13.22	98.8544	0	0	34596.9	43542	48992.4	52384.2	0	0	0	0	0	0	224
DATA	14:23:39:000	2023-12-08	955710	12.1972	536.677	0.0886689	412.042	690.614	12.4311	0.0686274	23.3301	14.9505	23.9599	73.1217	255	0	0	13.0824	2.03652	2.37643	13.22	98.8549	0	0	34597	43542.5	48990.9	52384.9	0	0	0	0	0	0	134
