Model:	 LI-7500
SN:	75D-4923
Timestamp:	Dec 14 2023 at 3:22:56
DATAH	Time	Date	Sequence Number	CO2 (mmol/m^3)	CO2 (mg/m^3)	CO2 Absorptance	CO2 (umol/mol)	H2O (mmol/m^3)	H2O (g/m^3)	H2O Absorptance	H2O (mmol/mol)	Dew Point (C)	Temperature (C)	Pressure (kPa)	Diagnostic Value	Diagnostic Value 2	Diagnostic Word	DSI Vin (v)	Cooler Voltage (v)	Chopper Cooler Voltage (v)	Smart Flux Vin (v)	CO2 Signal Strength	Integral	Peak Height	CO2 Sample	CO2 Reference	H2O Sample	H2O Reference	CH4 Seconds	CH4 Nano Seconds	CH4 (umol/mol)	CH4 (mmol/m^3)	CH4 Signal Strength (RSSI)	CH4 Diagnostic Value	CHK
DATA	11:22:46:000	2023-12-14	587040	13.4272	590.797	0.0975222	414.105	862.32	15.5218	0.0823583	26.5946	18.4537	24.1043	80.1334	255	0	0	13.0818	2.0599	2.41546	13.21	99.7262	0	0	34369.9	43680.1	48318.3	52356.8	0	0	0	0	0	0	 93
DATA	11:22:47:000	2023-12-14	587340	13.4829	593.248	0.0978285	415.857	829.699	14.9346	0.0801836	25.5906	17.8404	24.1171	80.1302	255	0	0	13.0811	2.05978	2.41558	13.21	99.725	0	0	34369.1	43680.9	48348.2	52359.8	0	0	0	0	0	0	190
DATA	11:22:48:000	2023-12-14	587640	13.4986	593.938	0.0979154	416.358	827.944	14.903	0.0800654	25.5376	17.8075	24.1294	80.1302	255	0	0	13.0811	2.05988	2.41546	13.21	99.7259	0	0	34361.4	43680.2	48363.3	52361.2	0	0	0	0	0	0	166
DATA	11:22:49:000	2023-12-14	587940	13.4852	593.349	0.0978439	415.97	840.596	15.1307	0.0809146	25.9293	18.0491	24.141	80.1286	255	0	0	13.0811	2.05964	2.41633	13.21	99.7236	0	0	34366.9	43681.8	48299.4	52357.9	0	0	0	0	0	0	139
DATA	11:22:50:000	2023-12-14	588240	13.4144	590.234	0.0974481	413.785	866.431	15.5958	0.082627	26.7262	18.5322	24.1534	80.132	255	0	0	13.0818	2.05984	2.41446	13.21	99.7271	0	0	34379.3	43681.2	48210.4	52351.7	0	0	0	0	0	0	 79
DATA	11:22:51:000	2023-12-14	588540	13.3997	589.587	0.0973685	413.32	866.998	15.606	0.0826674	26.7429	18.5432	24.1628	80.1369	255	0	0	13.0811	2.05953	2.41446	13.21	99.7203	0	0	34381.5	43681.6	48218.8	52352.7	0	0	0	0	0	0	138
DATA	11:22:52:000	2023-12-14	588840	13.4078	589.943	0.0974149	413.603	867.433	15.6138	0.0826973	26.7585	18.5518	24.1746	80.1337	255	0	0	13.0811	2.05963	2.41583	13.21	99.718	0	0	34373.1	43679.5	48241.3	52350.4	0	0	0	0	0	0	170
DATA	11:22:53:000	2023-12-14	589140	13.386	588.984	0.0972955	412.93	873.765	15.7278	0.0831167	26.9538	18.6687	24.1866	80.137	255	0	0	13.0804	2.05985	2.41471	13.21	99.7224	0	0	34381.6	43679	48179.4	52345.5	0	0	0	0	0	0	  8
DATA	11:22:54:000	2023-12-14	589440	13.3852	588.949	0.0972865	412.965	884.173	15.9151	0.0837933	27.2788	18.8587	24.1988	80.1287	255	0	0	13.0811	2.05971	2.41496	13.21	99.7209	0	0	34385.8	43679.8	48123.7	52342.8	0	0	0	0	0	0	 21
DATA	11:22:55:000	2023-12-14	589740	13.3348	586.731	0.0970054	411.444	896.117	16.1301	0.0845741	27.6496	19.0744	24.2114	80.1255	255	0	0	13.0811	2.05974	2.41583	13.21	99.7233	0	0	34402.8	43680.6	48088.9	52342.8	0	0	0	0	0	0	188
DATA	11:22:56:000	2023-12-14	590040	13.3488	587.347	0.0970859	411.877	893.737	16.0873	0.0844215	27.5762	19.0324	24.2243	80.1287	255	0	0	13.0818	2.05989	2.41546	13.21	99.7252	0	0	34388.5	43679.8	48131.3	52344.4	0	0	0	0	0	0	230
DATA	11:22:57:000	2023-12-14	590340	13.3034	585.35	0.0968291	410.51	904.605	16.2829	0.0851247	27.9139	19.227	24.2368	80.1254	255	0	0	13.0811	2.05958	2.41708	13.21	99.7151	0	0	34398.1	43678.7	48083.2	52339.9	0	0	0	0	0	0	 44
DATA	11:22:58:000	2023-12-14	590640	13.3685	588.214	0.0971962	412.515	891.542	16.0478	0.084278	27.5105	18.9942	24.2469	80.129	255	0	0	13.0811	2.05971	2.41658	13.21	99.7196	0	0	34387.1	43679.2	48106	52342.8	0	0	0	0	0	0	 19
DATA	11:22:59:000	2023-12-14	590940	13.3455	587.202	0.0970664	411.802	899.746	16.1954	0.0848113	27.7635	19.1418	24.26	80.1331	255	0	0	13.0811	2.05995	2.41571	13.21	99.7352	0	0	34403.5	43683.5	48064.8	52344	0	0	0	0	0	0	250
DATA	11:23:00:000	2023-12-14	591240	13.2336	582.278	0.0964395	408.376	907.754	16.3396	0.0853325	28.0124	19.2848	24.2731	80.1313	255	0	0	13.0818	2.05975	2.41646	13.21	99.722	0	0	34404	43679.9	48081.4	52340.6	0	0	0	0	0	0	 40
DATA	11:23:01:000	2023-12-14	591540	13.3288	586.467	0.0969784	411.291	912.386	16.4229	0.0856365	28.1538	19.3672	24.2854	80.1391	255	0	0	13.0811	2.05985	2.41446	13.21	99.7288	0	0	34395.4	43681.8	48065.7	52342.2	0	0	0	0	0	0	226
DATA	11:23:02:000	2023-12-14	591840	13.3173	585.961	0.0969126	410.988	914.981	16.4697	0.0858023	28.2375	19.4135	24.298	80.1323	255	0	0	13.0811	2.05989	2.41496	13.21	99.729	0	0	34398	43681.5	48058.6	52342.4	0	0	0	0	0	0	 29
DATA	11:23:03:000	2023-12-14	592140	13.3121	585.732	0.0968837	410.82	911.243	16.4024	0.0855615	28.1216	19.3484	24.3105	80.1372	255	0	0	13.0811	2.05976	2.41571	13.21	99.7264	0	0	34403.3	43681.7	48049.7	52340.8	0	0	0	0	0	0	103
DATA	11:23:04:000	2023-12-14	592440	13.2379	582.468	0.0964639	408.575	917.851	16.5213	0.0859848	28.3286	19.4652	24.3224	80.1317	255	0	0	13.0811	2.0598	2.41695	13.21	99.7266	0	0	34416.2	43681.4	48005.2	52336.9	0	0	0	0	0	0	163
DATA	11:23:05:000	2023-12-14	592740	13.2559	583.26	0.0965645	409.179	931.312	16.7636	0.0868492	28.7475	19.7002	24.334	80.1252	255	0	0	13.0804	2.05974	2.41571	13.21	99.7247	0	0	34405.4	43681.2	48025.8	52339.2	0	0	0	0	0	0	 95
DATA	11:23:06:000	2023-12-14	593040	13.1951	580.584	0.096228	407.295	945.455	17.0182	0.08776	29.1835	19.9439	24.3454	80.1297	255	0	0	13.0818	2.05987	2.4167	13.21	99.7284	0	0	34421	43681.4	47964	52335.2	0	0	0	0	0	0	 77
DATA	11:23:07:000	2023-12-14	593340	13.2449	582.776	0.0965039	408.85	934.259	16.8167	0.0870393	28.8392	19.7523	24.3571	80.1294	255	0	0	13.0811	2.05992	2.41621	13.21	99.7305	0	0	34410.1	43681.8	47973	52336.6	0	0	0	0	0	0	 66
DATA	11:23:08:000	2023-12-14	593640	13.266	583.704	0.0966259	409.503	933.788	16.8082	0.0870133	28.8247	19.7448	24.3684	80.1322	255	0	0	13.0824	2.05972	2.41695	13.21	99.7267	0	0	34408.4	43682.3	47960.1	52334.8	0	0	0	0	0	0	171
DATA	11:23:09:000	2023-12-14	593940	13.2291	582.08	0.0964161	408.395	932.566	16.7862	0.0869318	28.7892	19.7244	24.3801	80.1293	255	0	0	13.0811	2.05963	2.41583	13.21	99.7213	0	0	34421.4	43680.9	47937.4	52332.9	0	0	0	0	0	0	165
DATA	11:23:10:000	2023-12-14	594240	13.2549	583.216	0.0965617	409.199	939.831	16.917	0.0873969	29.014	19.8501	24.3917	80.1309	255	0	0	13.0811	2.05985	2.41608	13.21	99.7327	0	0	34411	43683.5	47952.2	52336.4	0	0	0	0	0	0	  9
DATA	11:23:11:000	2023-12-14	594540	13.2096	581.222	0.096311	407.807	956.076	17.2094	0.0884364	29.516	20.1273	24.4003	80.1318	255	0	0	13.0811	2.05946	2.4172	13.21	99.7187	0	0	34421.1	43681.6	47917.9	52333.7	0	0	0	0	0	0	 11
DATA	11:23:12:000	2023-12-14	594840	13.2069	581.104	0.0962933	407.722	959.284	17.2671	0.0886369	29.6149	20.1821	24.4122	80.1354	255	0	0	13.0818	2.0598	2.41633	13.21	99.7309	0	0	34421.7	43683.2	47907.7	52332.3	0	0	0	0	0	0	139
DATA	11:23:13:000	2023-12-14	595140	13.1779	579.828	0.0961341	406.858	973.645	17.5256	0.0895491	30.0606	20.4232	24.4241	80.1324	255	0	0	13.0818	2.05988	2.41571	13.21	99.7306	0	0	34431.7	43682.2	47835.4	52327.6	0	0	0	0	0	0	197
DATA	11:23:14:000	2023-12-14	595440	13.1958	580.615	0.096235	407.427	980.45	17.6481	0.0899771	30.2719	20.5368	24.4363	80.1326	255	0	0	13.0811	2.05982	2.41783	13.21	99.7284	0	0	34430.8	43681.9	47805.4	52325.4	0	0	0	0	0	0	103
DATA	11:23:15:000	2023-12-14	595740	13.1834	580.07	0.0961647	407.029	967.235	17.4102	0.0891446	29.8627	20.3176	24.4487	80.1389	255	0	0	13.0818	2.05987	2.41708	13.21	99.7271	0	0	34423.8	43680.8	47842	52326.6	0	0	0	0	0	0	 68
DATA	11:23:16:000	2023-12-14	596040	13.1676	579.374	0.0960761	406.569	970.964	17.4774	0.0893802	29.98	20.3806	24.4606	80.1365	255	0	0	13.0818	2.06006	2.41658	13.21	99.7361	0	0	34434.2	43682.8	47831.5	52328.3	0	0	0	0	0	0	116
DATA	11:23:17:000	2023-12-14	596340	13.1784	579.85	0.0961332	406.97	975.302	17.5554	0.0896488	30.1188	20.4534	24.4719	80.1264	255	0	0	13.0804	2.05965	2.41708	13.21	99.7235	0	0	34434.4	43681.7	47773.9	52321.9	0	0	0	0	0	0	118
DATA	11:23:18:000	2023-12-14	596640	13.1115	576.906	0.0957605	404.893	1020.02	18.3604	0.0924457	31.499	21.1824	24.4807	80.1309	255	0	0	13.0811	2.0598	2.41745	13.21	99.7227	0	0	34426.5	43679.7	47798	52323	0	0	0	0	0	0	149
DATA	11:23:19:000	2023-12-14	596940	13.1419	578.244	0.0959332	405.823	1000.43	18.0077	0.0912313	30.8934	20.8673	24.4918	80.1356	255	0	0	13.0811	2.05959	2.4167	13.21	99.7218	0	0	34432.2	43681.5	47757.4	52321.8	0	0	0	0	0	0	129
DATA	11:23:20:000	2023-12-14	597240	13.164	579.216	0.0960568	406.541	994.777	17.906	0.0908766	30.7215	20.7759	24.5032	80.1317	255	0	0	13.0818	2.05962	2.41745	13.21	99.7223	0	0	34432.9	43681.4	47744.6	52321.6	0	0	0	0	0	0	 98
DATA	11:23:21:000	2023-12-14	597540	13.1325	577.83	0.0958824	405.544	1001.83	18.0329	0.0913207	30.9374	20.8913	24.5145	80.1395	255	0	0	13.0804	2.05972	2.41646	13.21	99.7184	0	0	34442.1	43678.7	47674.3	52313.2	0	0	0	0	0	0	122
DATA	11:23:22:000	2023-12-14	597840	13.1256	577.526	0.0958415	405.371	1009.19	18.1654	0.0917768	31.1678	21.011	24.5263	80.1347	255	0	0	13.0811	2.05973	2.41758	13.21	99.7234	0	0	34437.5	43680.7	47720.6	52318.5	0	0	0	0	0	0	133
DATA	11:23:23:000	2023-12-14	598140	13.1466	578.45	0.0959591	406.055	1004.04	18.0727	0.091455	31.0115	20.9284	24.5381	80.1309	255	0	0	13.0804	2.05994	2.4177	13.21	99.7263	0	0	34437	43679.8	47704	52316.8	0	0	0	0	0	0	 87
DATA	11:23:24:000	2023-12-14	598440	13.1484	578.53	0.0959714	406.097	1003.09	18.0556	0.0913984	30.9811	20.9137	24.5499	80.1367	255	0	0	13.0824	2.05957	2.41857	13.21	99.7267	0	0	34437	43683.9	47710.9	52320.8	0	0	0	0	0	0	 71
DATA	11:23:25:000	2023-12-14	598740	13.0905	575.982	0.0956463	404.313	1017.1	18.3078	0.092271	31.4142	21.14	24.5594	80.1384	255	0	0	13.0824	2.05963	2.41833	13.21	99.7187	0	0	34445.8	43679.8	47666.5	52314.8	0	0	0	0	0	0	245
DATA	11:23:26:000	2023-12-14	599040	13.1303	577.733	0.0958693	405.551	1008.63	18.1553	0.0917428	31.1532	21.0043	24.5682	80.1391	255	0	0	13.0824	2.05968	2.41745	13.21	99.7264	0	0	34436.4	43682.6	47700.1	52318.8	0	0	0	0	0	0	169
DATA	11:23:27:000	2023-12-14	599340	13.138	578.072	0.0959139	405.814	1011.35	18.2043	0.0919136	31.2391	21.0487	24.5788	80.1371	255	0	0	13.0818	2.05967	2.41758	13.21	99.7208	0	0	34437.8	43680.2	47689.1	52317.6	0	0	0	0	0	0	148
DATA	11:23:28:000	2023-12-14	599640	13.1124	576.946	0.0957662	405.067	1014.59	18.2626	0.0921103	31.3426	21.1013	24.5889	80.131	255	0	0	13.0824	2.05975	2.4182	13.21	99.724	0	0	34443.6	43680.8	47677.5	52314.8	0	0	0	0	0	0	 26
DATA	11:23:29:000	2023-12-14	599940	13.0551	574.424	0.0954443	403.294	1034.69	18.6244	0.0933551	31.9633	21.4218	24.5992	80.1344	255	0	0	13.0824	2.05978	2.41758	13.21	99.7255	0	0	34457.1	43681.1	47570.5	52308.1	0	0	0	0	0	0	192
DATA	11:23:30:000	2023-12-14	600240	13.1058	576.655	0.095729	404.891	1025.57	18.4603	0.0927894	31.684	21.2779	24.6103	80.1313	255	0	0	13.0824	2.0597	2.41808	13.21	99.7177	0	0	34445.5	43678.6	47614.9	52309.3	0	0	0	0	0	0	 38
DATA	11:23:31:000	2023-12-14	600540	13.0694	575.054	0.0955277	403.779	1034.32	18.6178	0.0933356	31.9553	21.4171	24.6215	80.1318	255	0	0	13.0824	2.05963	2.4182	13.21	99.7209	0	0	34447.1	43680.7	47607.6	52310.5	0	0	0	0	0	0	112
DATA	11:23:32:000	2023-12-14	600840	13.0808	575.555	0.0955915	404.146	1034.08	18.6134	0.0933199	31.949	21.414	24.6325	80.1319	255	0	0	13.0824	2.05968	2.41895	13.21	99.7165	0	0	34447.3	43678.2	47608.2	52308.5	0	0	0	0	0	0	 84
DATA	11:23:33:000	2023-12-14	601140	13.0712	575.133	0.0955389	403.825	1038.74	18.6973	0.0936086	32.0911	21.4878	24.6405	80.1388	255	0	0	13.0811	2.05991	2.4182	13.21	99.7257	0	0	34446.2	43679.8	47607	52310.5	0	0	0	0	0	0	 33
DATA	11:23:34:000	2023-12-14	601440	13.0698	575.071	0.0955292	403.821	1043.87	18.7897	0.0939212	32.2528	21.5688	24.6499	80.1335	255	0	0	13.0824	2.05982	2.4192	13.21	99.7217	0	0	34447.9	43679	47586.4	52307.3	0	0	0	0	0	0	 66
DATA	11:23:35:000	2023-12-14	601740	13.0732	575.221	0.0955479	403.962	1044.67	18.8041	0.0939693	32.2803	21.5819	24.6603	80.1293	255	0	0	13.0811	2.05961	2.41857	13.21	99.7173	0	0	34450.3	43679.3	47556	52305.4	0	0	0	0	0	0	 79
DATA	11:23:36:000	2023-12-14	602040	13.0298	573.311	0.095306	402.594	1055.01	18.9902	0.0946072	32.5977	21.7436	24.6717	80.1376	255	0	0	13.0797	2.05959	2.41932	13.21	99.7152	0	0	34456.5	43678.6	47526.1	52302.4	0	0	0	0	0	0	131
DATA	11:23:37:000	2023-12-14	602340	13.0589	574.592	0.0954699	403.494	1049.05	18.8829	0.094242	32.4136	21.6515	24.6821	80.1403	255	0	0	13.0811	2.05989	2.4187	13.21	99.7176	0	0	34452.2	43676.5	47534.6	52301.1	0	0	0	0	0	0	 85
DATA	11:23:38:000	2023-12-14	602640	13.0475	574.09	0.0954036	403.21	1055.76	19.0037	0.0946496	32.6264	21.7564	24.693	80.1297	255	0	0	13.0818	2.0599	2.41982	13.21	99.7231	0	0	34457.9	43678.8	47513.8	52301.2	0	0	0	0	0	0	246
DATA	11:23:39:000	2023-12-14	602940	13.0384	573.69	0.0953537	402.942	1059.33	19.0679	0.0948697	32.7378	21.8123	24.7038	80.1299	255	0	0	13.0811	2.05968	2.41957	13.21	99.7142	0	0	34453.1	43677.3	47526.7	52301.6	0	0	0	0	0	0	163
DATA	11:23:40:000	2023-12-14	603240	13.0299	573.316	0.0953048	402.671	1060.55	19.0899	0.094943	32.7749	21.8317	24.7141	80.1343	255	0	0	13.0818	2.05973	2.41932	13.21	99.7119	0	0	34454.2	43675.7	47532.2	52300.3	0	0	0	0	0	0	115
DATA	11:23:41:000	2023-12-14	603540	13.0392	573.725	0.0953572	402.98	1062.34	19.1221	0.0950517	32.8319	21.8597	24.7213	80.1321	255	0	0	13.0811	2.05988	2.41957	13.21	99.7182	0	0	34456.4	43676.8	47497.4	52298.4	0	0	0	0	0	0	140
DATA	11:23:42:000	2023-12-14	603840	13.0387	573.703	0.0953533	403.031	1064.3	19.1574	0.0951693	32.8979	21.8904	24.7305	80.1213	255	0	0	13.0818	2.05979	2.41833	13.21	99.7123	0	0	34454.1	43675.2	47486.2	52296.2	0	0	0	0	0	0	125
DATA	11:23:43:000	2023-12-14	604140	13.0297	573.307	0.0953022	402.736	1066.31	19.1936	0.0952912	32.9587	21.9219	24.7403	80.1272	255	0	0	13.0804	2.05978	2.41945	13.21	99.7126	0	0	34454.5	43675.5	47481.7	52297.1	0	0	0	0	0	0	180
DATA	11:23:44:000	2023-12-14	604440	12.9944	571.754	0.0951029	401.634	1069.64	19.2535	0.0954955	33.0607	21.9735	24.75	80.1321	255	0	0	13.0811	2.05972	2.41932	13.21	99.707	0	0	34463.5	43673.6	47476.3	52293.1	0	0	0	0	0	0	 28
DATA	11:23:45:000	2023-12-14	604740	13.0108	572.475	0.0951988	402.152	1069.91	19.2584	0.0955157	33.0699	21.9782	24.7597	80.1325	255	0	0	13.0804	2.0599	2.42057	13.21	99.7144	0	0	34459.4	43675	47477.8	52296.4	0	0	0	0	0	0	 76
DATA	11:23:46:000	2023-12-14	605040	12.9646	570.442	0.0949356	400.739	1079.33	19.4279	0.096086	33.3623	22.1225	24.7692	80.1321	255	0	0	13.0804	2.05982	2.41982	13.21	99.7079	0	0	34466.1	43673	47446.1	52290.1	0	0	0	0	0	0	 34
DATA	11:23:47:000	2023-12-14	605340	12.9898	571.551	0.0950781	401.533	1081.95	19.4751	0.0962437	33.4446	22.1628	24.7792	80.1316	255	0	0	13.0804	2.0598	2.4197	13.21	99.7091	0	0	34461.1	43673.8	47439.7	52291.8	0	0	0	0	0	0	104
DATA	11:23:48:000	2023-12-14	605640	12.9808	571.155	0.0950274	401.261	1062	19.116	0.0950325	32.8285	21.8582	24.7897	80.1332	255	0	0	13.0811	2.05979	2.41907	13.21	99.7073	0	0	34470.6	43673	47499.8	52294.3	0	0	0	0	0	0	152
DATA	11:23:49:000	2023-12-14	605940	12.9977	571.899	0.0951245	401.8	1081.07	19.4593	0.0961926	33.4193	22.1506	24.7991	80.1324	255	0	0	13.0811	2.05976	2.41957	13.21	99.7084	0	0	34460.4	43673.8	47428.8	52290.6	0	0	0	0	0	0	119
DATA	11:23:50:000	2023-12-14	606240	12.9719	570.764	0.0949783	401	1085.97	19.5475	0.0964885	33.5706	22.2252	24.8051	80.1345	255	0	0	13.0818	2.05968	2.42045	13.21	99.702	0	0	34467.2	43671.8	47420.7	52288.2	0	0	0	0	0	0	204
DATA	11:23:51:000	2023-12-14	606540	12.9764	570.962	0.0950006	401.198	1071.37	19.2847	0.0956	33.1241	22.0035	24.8146	80.1254	255	0	0	13.0811	2.06003	2.42045	13.21	99.7093	0	0	34468.4	43671.4	47493	52292.8	0	0	0	0	0	0	153
DATA	11:23:52:000	2023-12-14	606840	12.9549	570.016	0.0948787	400.55	1081.72	19.471	0.0962279	33.4455	22.1618	24.8232	80.1244	255	0	0	13.0818	2.05996	2.42182	13.21	99.7085	0	0	34468.2	43671.7	47420.2	52288.6	0	0	0	0	0	0	 93
DATA	11:23:53:000	2023-12-14	607140	12.9807	571.151	0.0950288	401.339	1089.17	19.6051	0.0966827	33.6751	22.275	24.8319	80.1284	255	0	0	13.0804	2.05976	2.42107	13.21	99.7041	0	0	34467.1	43672	47392.1	52285.1	0	0	0	0	0	0	 27
DATA	11:23:54:000	2023-12-14	607440	12.9666	570.53	0.0949486	400.892	1088.61	19.595	0.0966487	33.6569	22.267	24.8406	80.1329	255	0	0	13.0811	2.05992	2.42057	13.21	99.7112	0	0	34465.4	43673.4	47407.7	52289.2	0	0	0	0	0	0	 68
DATA	11:23:55:000	2023-12-14	607740	12.9539	569.972	0.0948767	400.535	1084.69	19.5244	0.0964125	33.5387	22.2082	24.8492	80.1281	255	0	0	13.0811	2.05972	2.42057	13.21	99.7114	0	0	34468.8	43675.5	47419.9	52291.8	0	0	0	0	0	0	225
DATA	11:23:56:000	2023-12-14	608040	12.9749	570.896	0.0949938	401.205	1088.32	19.5898	0.096628	33.6526	22.2636	24.8575	80.1263	255	0	0	13.0811	2.05977	2.42057	13.21	99.7065	0	0	34469.9	43672.9	47383.4	52287	0	0	0	0	0	0	 95
DATA	11:23:57:000	2023-12-14	608340	12.9575	570.13	0.0948947	400.689	1102.08	19.8374	0.0974563	34.08	22.4706	24.8654	80.1239	255	0	0	13.0811	2.05995	2.42057	13.21	99.7113	0	0	34470	43673.1	47361.5	52286	0	0	0	0	0	0	 99
DATA	11:23:58:000	2023-12-14	608640	12.9558	570.055	0.0948834	400.677	1099.2	19.7856	0.0972809	33.9944	22.4279	24.8727	80.1178	255	0	0	13.0818	2.06001	2.42144	13.21	99.7135	0	0	34472.8	43673.3	47356.9	52286	0	0	0	0	0	0	 82
DATA	11:23:59:000	2023-12-14	608940	12.9433	569.505	0.0948165	400.251	1106.39	19.915	0.0977189	34.2134	22.5357	24.8807	80.1278	255	0	0	13.0818	2.06014	2.42207	13.21	99.7151	0	0	34473.3	43672.8	47340.8	52284.3	0	0	0	0	0	0	137
DATA	11:24:00:000	2023-12-14	609240	12.9077	567.939	0.0946167	399.164	1117.32	20.1118	0.0983761	34.5525	22.6979	24.8856	80.1264	255	0	0	13.0811	2.06003	2.4202	13.21	99.7095	0	0	34477.2	43671.4	47311	52280.4	0	0	0	0	0	0	 26
DATA	11:24:01:000	2023-12-14	609540	12.927	568.788	0.0947225	399.811	1111.55	20.0079	0.0980259	34.3784	22.613	24.8936	80.1185	255	0	0	13.0804	2.06015	2.42045	13.21	99.7086	0	0	34470	43669.7	47362.8	52283.8	0	0	0	0	0	0	253
DATA	11:24:02:000	2023-12-14	609840	12.9435	569.514	0.0948145	400.294	1085	19.53	0.0964266	33.555	22.2158	24.9014	80.126	255	0	0	13.0811	2.06011	2.42119	13.21	99.7088	0	0	34467.4	43670.2	47358.1	52283.7	0	0	0	0	0	0	 66
DATA	11:24:03:000	2023-12-14	610140	12.9418	569.439	0.094809	400.234	1111.23	20.0021	0.0980103	34.3655	22.6091	24.9094	80.1298	255	0	0	13.0818	2.05978	2.42045	13.21	99.6994	0	0	34468.7	43669.7	47320.8	52280.3	0	0	0	0	0	0	113
DATA	11:24:04:000	2023-12-14	610440	12.9114	568.102	0.0946361	399.327	1112.14	20.0185	0.0980644	34.3966	22.623	24.9168	80.125	255	0	0	13.0811	2.0597	2.42207	13.21	99.6999	0	0	34475.7	43670.8	47317.8	52281.4	0	0	0	0	0	0	 20
DATA	11:24:05:000	2023-12-14	610740	12.8946	567.362	0.0945422	398.848	1114.74	20.0653	0.0982225	34.4805	22.6619	24.9248	80.119	255	0	0	13.0804	2.0601	2.42144	13.21	99.7097	0	0	34483.6	43670.8	47298.4	52279.2	0	0	0	0	0	0	 91
DATA	11:24:06:000	2023-12-14	611040	12.9178	568.383	0.0946745	399.508	1107.7	19.9386	0.0978013	34.2578	22.5581	24.9337	80.1329	255	0	0	13.0811	2.05979	2.42232	13.21	99.7018	0	0	34474.4	43670.6	47349.6	52283.7	0	0	0	0	0	0	169
DATA	11:24:07:000	2023-12-14	611340	12.9281	568.836	0.0947327	399.834	1108.5	19.953	0.0978489	34.2831	22.5704	24.9413	80.1336	255	0	0	13.0811	2.05983	2.42244	13.21	99.6981	0	0	34475.6	43668.6	47309.4	52279.1	0	0	0	0	0	0	120
DATA	11:24:08:000	2023-12-14	611640	12.8957	567.411	0.0945487	398.846	1127.68	20.2982	0.0989947	34.8775	22.8536	24.9488	80.1328	255	0	0	13.0818	2.06016	2.42269	13.21	99.7106	0	0	34479.9	43670.6	47272.7	52277.3	0	0	0	0	0	0	  1
DATA	11:24:09:000	2023-12-14	611940	12.9227	568.599	0.0947041	399.681	1124.96	20.2493	0.0988354	34.7935	22.8142	24.9563	80.1347	255	0	0	13.0811	2.06006	2.42306	13.21	99.7068	0	0	34474.2	43669.9	47282	52278.8	0	0	0	0	0	0	123
DATA	11:24:10:000	2023-12-14	612240	12.919	568.436	0.0946823	399.585	1124.63	20.2433	0.0988153	34.7848	22.8098	24.9638	80.1331	255	0	0	13.0811	2.06002	2.42219	13.21	99.7046	0	0	34474.8	43669.4	47303.2	52278.6	0	0	0	0	0	0	138
DATA	11:24:11:000	2023-12-14	612540	12.9116	568.11	0.0946387	399.41	1127.04	20.2867	0.0989559	34.8641	22.8455	24.9709	80.1242	255	0	0	13.0818	2.05989	2.42194	13.21	99.6975	0	0	34474.6	43667.7	47276.4	52275.9	0	0	0	0	0	0	134
DATA	11:24:12:000	2023-12-14	612840	12.8883	567.085	0.0945088	398.688	1136.31	20.4536	0.0995112	35.1507	22.9811	24.9784	80.1265	255	0	0	13.0811	2.06003	2.42244	13.21	99.7009	0	0	34477.9	43667.7	47246.8	52273.6	0	0	0	0	0	0	202
DATA	11:24:13:000	2023-12-14	613140	12.8799	566.716	0.0944623	398.416	1141.11	20.54	0.0997976	35.2982	23.0512	24.9855	80.1307	255	0	0	13.0811	2.06022	2.42269	13.21	99.7042	0	0	34480.1	43667.1	47228.2	52271.5	0	0	0	0	0	0	 65
DATA	11:24:14:000	2023-12-14	613440	12.8693	566.249	0.0943995	398.136	1142.82	20.5708	0.0998957	35.3553	23.0764	24.9934	80.1232	255	0	0	13.0811	2.05996	2.42232	13.21	99.6942	0	0	34482.1	43665.4	47224.6	52269.2	0	0	0	0	0	0	212
DATA	11:24:15:000	2023-12-14	613740	12.8911	567.208	0.0945221	398.816	1140.66	20.5319	0.0997646	35.289	23.0455	25.001	80.1242	255	0	0	13.0811	2.05995	2.42344	13.21	99.6941	0	0	34477.4	43665.6	47225.2	52270.2	0	0	0	0	0	0	 68
DATA	11:24:16:000	2023-12-14	614040	12.8643	566.029	0.0943706	397.979	1143.11	20.576	0.0999117	35.3641	23.0814	25.0082	80.1277	255	0	0	13.0818	2.05981	2.42269	13.21	99.6894	0	0	34487.2	43665	47194.7	52265.5	0	0	0	0	0	0	 58
DATA	11:24:17:000	2023-12-14	614340	12.8431	565.096	0.0942466	397.362	1156.8	20.8224	0.100716	35.7911	23.2788	25.0159	80.1219	255	0	0	13.0818	2.05999	2.42344	13.21	99.6916	0	0	34484	43664.1	47158.6	52262.9	0	0	0	0	0	0	253
DATA	11:24:18:000	2023-12-14	614640	12.8488	565.347	0.0942876	397.507	1158.41	20.8514	0.100824	35.8381	23.3022	25.0239	80.1304	255	0	0	13.0804	2.06013	2.42331	13.21	99.6965	0	0	34480.4	43664.7	47192.9	52267.5	0	0	0	0	0	0	120
DATA	11:24:19:000	2023-12-14	614940	12.8666	566.13	0.0943866	398.072	1151.49	20.7268	0.100411	35.6252	23.2035	25.0321	80.1298	255	0	0	13.0804	2.06011	2.42219	13.21	99.6956	0	0	34478.8	43664.4	47197.3	52267.8	0	0	0	0	0	0	 76
DATA	11:24:20:000	2023-12-14	615240	12.8731	566.416	0.0944211	398.275	1139.42	20.5096	0.0996935	35.252	23.0297	25.0402	80.1316	255	0	0	13.0818	2.06015	2.42381	13.21	99.695	0	0	34480.9	43663.8	47230.1	52268.8	0	0	0	0	0	0	 62
DATA	11:24:21:000	2023-12-14	615540	12.869	566.236	0.0944032	398.125	1149.15	20.6847	0.100278	35.5509	23.1706	25.0451	80.1376	255	0	0	13.0811	2.0603	2.42331	13.21	99.7007	0	0	34482.1	43664.6	47191.9	52265	0	0	0	0	0	0	153
DATA	11:24:22:000	2023-12-14	615840	12.8611	565.888	0.0943526	397.945	1150.87	20.7157	0.100371	35.6099	23.1957	25.052	80.1264	255	0	0	13.0811	2.06004	2.42306	13.21	99.6923	0	0	34481.5	43663.8	47184.3	52265	0	0	0	0	0	0	231
DATA	11:24:23:000	2023-12-14	616140	12.8575	565.73	0.094335	397.821	1153.53	20.7635	0.100533	35.6911	23.2343	25.0588	80.1308	255	0	0	13.0811	2.06009	2.42356	13.21	99.6919	0	0	34483.8	43663.1	47203.1	52265.4	0	0	0	0	0	0	255
DATA	11:24:24:000	2023-12-14	616440	12.8568	565.699	0.0943285	397.831	1156.36	20.8145	0.100696	35.7815	23.2752	25.0657	80.1263	255	0	0	13.0818	2.06029	2.42556	13.21	99.6991	0	0	34481.1	43664.1	47172.6	52264	0	0	0	0	0	0	 53
DATA	11:24:25:000	2023-12-14	616740	12.8507	565.431	0.0942969	397.649	1152.37	20.7427	0.100465	35.6587	23.2184	25.072	80.1266	255	0	0	13.0811	2.06025	2.42319	13.21	99.6945	0	0	34485.4	43662.5	47156.6	52262.3	0	0	0	0	0	0	 83
DATA	11:24:26:000	2023-12-14	617040	12.7871	562.632	0.0939344	395.695	1173.26	21.1187	0.101695	36.3064	23.5164	25.079	80.1256	255	0	0	13.0811	2.06005	2.42469	13.21	99.6862	0	0	34495.9	43661	47117.4	52255.7	0	0	0	0	0	0	238
DATA	11:24:27:000	2023-12-14	617340	12.8056	563.446	0.0940358	396.302	1159.79	20.8762	0.100897	35.8927	23.3254	25.0862	80.1205	255	0	0	13.0804	2.06039	2.42319	13.21	99.7009	0	0	34492.6	43663.8	47147.6	52261.6	0	0	0	0	0	0	137
DATA	11:24:28:000	2023-12-14	617640	12.8337	564.683	0.094198	397.144	1163.09	20.9356	0.101094	35.9922	23.3729	25.0943	80.1284	255	0	0	13.0811	2.06052	2.42356	13.21	99.697	0	0	34486.2	43660.8	47147.1	52258.7	0	0	0	0	0	0	 44
DATA	11:24:29:000	2023-12-14	617940	12.8368	564.819	0.0942181	397.225	1160.55	20.8899	0.100949	35.9124	23.3372	25.1023	80.1334	255	0	0	13.0811	2.06042	2.42444	13.21	99.6942	0	0	34484.9	43660.6	47150.9	52259.7	0	0	0	0	0	0	136
DATA	11:24:30:000	2023-12-14	618240	12.8388	564.907	0.0942273	397.298	1163.8	20.9484	0.101136	36.0139	23.3839	25.1096	80.1333	255	0	0	13.0811	2.06054	2.42444	13.21	99.6993	0	0	34486.5	43661.5	47140.9	52259.6	0	0	0	0	0	0	 87
DATA	11:24:31:000	2023-12-14	618540	12.8362	564.793	0.0942119	397.284	1162.63	20.9273	0.101066	35.9837	23.3676	25.116	80.1216	255	0	0	13.0811	2.0603	2.42294	13.21	99.6873	0	0	34483.5	43658.8	47137.1	52257	0	0	0	0	0	0	186
DATA	11:24:32:000	2023-12-14	618840	12.8323	564.621	0.0941897	397.158	1161.94	20.9149	0.101025	35.9619	23.3581	25.1221	80.1242	255	0	0	13.0811	2.0603	2.42506	13.21	99.6897	0	0	34484.9	43659.9	47163.9	52259.6	0	0	0	0	0	0	 89
DATA	11:24:33:000	2023-12-14	619140	12.8267	564.375	0.0941551	396.989	1150.5	20.709	0.100347	35.6082	23.1945	25.1262	80.1245	255	0	0	13.0818	2.06061	2.42556	13.21	99.7015	0	0	34487.5	43661.7	47193.2	52264	0	0	0	0	0	0	174
DATA	11:24:34:000	2023-12-14	619440	12.8257	564.331	0.0941528	396.964	1162.52	20.9254	0.101061	35.9808	23.3668	25.1301	80.1243	255	0	0	13.0818	2.06038	2.42456	13.21	99.6917	0	0	34488.3	43659.9	47145.9	52259.2	0	0	0	0	0	0	139
DATA	11:24:35:000	2023-12-14	619740	12.8145	563.838	0.0940926	396.582	1164.21	20.9558	0.101166	36.0299	23.3912	25.1354	80.1328	255	0	0	13.0804	2.06053	2.42493	13.21	99.693	0	0	34487.9	43658.9	47122.7	52255.3	0	0	0	0	0	0	 92
DATA	11:24:36:000	2023-12-14	620040	12.8253	564.313	0.0941489	396.999	1165.57	20.9803	0.101238	36.0795	23.4108	25.1411	80.1176	255	0	0	13.0811	2.06045	2.42593	13.21	99.6932	0	0	34487.9	43659.8	47127.1	52257	0	0	0	0	0	0	 35
DATA	11:24:37:000	2023-12-14	620340	12.8162	563.913	0.0941011	396.652	1167.04	21.0067	0.101331	36.119	23.432	25.1468	80.1325	255	0	0	13.0811	2.06051	2.42593	13.21	99.6952	0	0	34485.4	43660	47197.9	52262.6	0	0	0	0	0	0	139
DATA	11:24:38:000	2023-12-14	620640	12.8193	564.049	0.094117	396.781	1158.33	20.8499	0.100815	35.8524	23.3082	25.1522	80.1272	255	0	0	13.0818	2.0607	2.42543	13.21	99.7016	0	0	34490.3	43660.8	47150.5	52258.8	0	0	0	0	0	0	 12
DATA	11:24:39:000	2023-12-14	620940	12.8164	563.922	0.0941011	396.681	1165.03	20.9705	0.101211	36.0589	23.404	25.1568	80.1305	255	0	0	13.0811	2.06047	2.42606	13.21	99.6909	0	0	34487.7	43658.6	47128.3	52255.6	0	0	0	0	0	0	 57
DATA	11:24:40:000	2023-12-14	621240	12.8195	564.058	0.0941212	396.824	1168.49	21.0328	0.101418	36.1703	23.4535	25.162	80.1223	255	0	0	13.0811	2.06062	2.42656	13.21	99.6982	0	0	34487.8	43660.1	47122.7	52257.6	0	0	0	0	0	0	 43
DATA	11:24:41:000	2023-12-14	621540	12.795	562.98	0.0939785	396.047	1178.75	21.2175	0.102015	36.4861	23.5988	25.1669	80.1275	255	0	0	13.0811	2.06056	2.42705	13.21	99.6916	0	0	34496.9	43657.8	47088.1	52251.2	0	0	0	0	0	0	 59
DATA	11:24:42:000	2023-12-14	621840	12.7708	561.915	0.0938406	395.31	1180.54	21.2497	0.10212	36.5427	23.6243	25.1726	80.1265	255	0	0	13.0818	2.06073	2.42581	13.21	99.6957	0	0	34498.7	43657.8	47074.9	52250.9	0	0	0	0	0	0	 35
DATA	11:24:43:000	2023-12-14	622140	12.7227	559.799	0.0935705	393.804	1192.18	21.4592	0.102807	36.9014	23.7875	25.178	80.1315	255	0	0	13.0811	2.06068	2.42656	13.21	99.687	0	0	34497.5	43654.7	47060.2	52247.2	0	0	0	0	0	0	 39
DATA	11:24:44:000	2023-12-14	622440	12.7894	562.734	0.093947	395.903	1179.63	21.2333	0.102067	36.5161	23.6122	25.1852	80.1265	255	0	0	13.0811	2.06075	2.42556	13.21	99.6927	0	0	34503	43656.3	47037.3	52245.8	0	0	0	0	0	0	222
DATA	11:24:45:000	2023-12-14	622740	12.7741	562.06	0.0938627	395.436	1189.74	21.4153	0.102663	36.8297	23.7542	25.1914	80.1267	255	0	0	13.0811	2.06084	2.42618	13.21	99.6993	0	0	34491.3	43658.3	47078.1	52255.1	0	0	0	0	0	0	 89
DATA	11:24:46:000	2023-12-14	623040	12.7503	561.013	0.0937262	394.665	1189.37	21.4087	0.10264	36.8151	23.7494	25.1978	80.1354	255	0	0	13.0818	2.0605	2.42631	13.21	99.6835	0	0	34496.3	43655	47051.7	52246.3	0	0	0	0	0	0	178
DATA	11:24:47:000	2023-12-14	623340	12.7753	562.113	0.0938693	395.473	1189.65	21.4137	0.102657	36.8269	23.7537	25.2042	80.1302	255	0	0	13.0811	2.06079	2.42568	13.21	99.6918	0	0	34492	43655.5	47066.4	52247.3	0	0	0	0	0	0	 44
