Model:	 LI-7500
SN:	75D-4923
Timestamp:	Dec 14 2023 at 2:00:17
DATAH	Time	Date	Sequence Number	CO2 (mmol/m^3)	CO2 (mg/m^3)	CO2 Absorptance	CO2 (umol/mol)	H2O (mmol/m^3)	H2O (g/m^3)	H2O Absorptance	H2O (mmol/mol)	Dew Point (C)	Temperature (C)	Pressure (kPa)	Diagnostic Value	Diagnostic Value 2	Diagnostic Word	DSI Vin (v)	Cooler Voltage (v)	Chopper Cooler Voltage (v)	Smart Flux Vin (v)	CO2 Signal Strength	Integral	Peak Height	CO2 Sample	CO2 Reference	H2O Sample	H2O Reference	CH4 Seconds	CH4 Nano Seconds	CH4 (umol/mol)	CH4 (mmol/m^3)	CH4 Signal Strength (RSSI)	CH4 Diagnostic Value	CHK
DATA	10:00:07:000	2023-12-14	429945	13.2094	581.214	0.0962426	400.499	706.084	12.7095	0.0715966	21.4079	15.0069	18.5074	79.9769	255	0	0	13.0687	1.99021	2.23116	13.21	99.1071	0	0	34748.7	44107.2	49385.2	53034.6	0	0	0	0	0	0	198
DATA	10:00:08:000	2023-12-14	430245	13.1907	580.391	0.0961349	399.915	712.906	12.8323	0.0720789	21.6139	15.1576	18.5299	79.9864	255	0	0	13.0673	1.99039	2.23029	13.21	99.1027	0	0	34746	44103.5	49366.1	53028.7	0	0	0	0	0	0	112
DATA	10:00:09:000	2023-12-14	430545	13.1856	580.166	0.0961079	399.807	709.671	12.7741	0.0718509	21.5183	15.0882	18.5537	79.9837	255	0	0	13.068	1.99026	2.23054	13.21	99.1019	0	0	34750.2	44104.4	49377.7	53028.7	0	0	0	0	0	0	160
DATA	10:00:10:000	2023-12-14	430845	13.1831	580.056	0.0960937	399.785	712.292	12.8213	0.0720367	21.6007	15.1468	18.5777	79.9795	255	0	0	13.068	1.99023	2.23178	13.21	99.1039	0	0	34751.9	44105.6	49362.3	53031.1	0	0	0	0	0	0	137
DATA	10:00:11:000	2023-12-14	431145	13.1799	579.916	0.0960775	399.686	713.574	12.8443	0.0721295	21.6394	15.176	18.6022	79.9867	255	0	0	13.0687	1.99026	2.23116	13.21	99.1151	0	0	34756.4	44110.2	49360.3	53036	0	0	0	0	0	0	 53
DATA	10:00:12:000	2023-12-14	431445	13.1475	578.49	0.095893	398.744	722.601	13.0068	0.0727668	21.9154	15.3731	18.6266	79.9852	255	0	0	13.068	1.99049	2.23153	13.21	99.1031	0	0	34761.5	44102.8	49307.8	53025	0	0	0	0	0	0	200
DATA	10:00:13:000	2023-12-14	431745	13.1579	578.948	0.0959534	399.039	720.142	12.9626	0.072595	21.8397	15.3211	18.6487	79.9953	255	0	0	13.068	1.99028	2.23166	13.21	99.0953	0	0	34755.1	44101.3	49330.7	53025.5	0	0	0	0	0	0	114
DATA	10:00:14:000	2023-12-14	432045	13.1573	578.921	0.0959511	399.064	721.397	12.9851	0.0726846	21.8801	15.3496	18.6741	79.9937	255	0	0	13.068	1.99028	2.23178	13.21	99.0921	0	0	34755.1	44099.9	49317.9	53022.9	0	0	0	0	0	0	181
DATA	10:00:15:000	2023-12-14	432345	13.141	578.204	0.0958607	398.645	725.097	13.0517	0.0729471	21.9965	15.4306	18.6972	79.9848	255	0	0	13.0687	1.99045	2.23116	13.21	99.0934	0	0	34756.2	44098.9	49298.8	53020.7	0	0	0	0	0	0	183
DATA	10:00:16:000	2023-12-14	432645	13.1375	578.05	0.0958403	398.56	732.063	13.1771	0.0734366	22.209	15.581	18.7217	79.9872	255	0	0	13.068	1.99034	2.23091	13.21	99.0985	0	0	34757.8	44102.2	49276.5	53022.7	0	0	0	0	0	0	197
DATA	10:00:17:000	2023-12-14	432945	13.1397	578.147	0.0958519	398.645	726.299	13.0734	0.0730303	22.0352	15.459	18.7468	79.9905	255	0	0	13.068	1.99016	2.23216	13.21	99.0781	0	0	34753.9	44094.7	49292.7	53016.5	0	0	0	0	0	0	125
DATA	10:00:18:000	2023-12-14	433245	13.1203	577.293	0.0957422	398.109	732.801	13.1904	0.0734877	22.2353	15.5993	18.7693	79.9862	255	0	0	13.068	1.99026	2.23191	13.21	99.0878	0	0	34760.8	44098.1	49270.8	53020.1	0	0	0	0	0	0	154
DATA	10:00:19:000	2023-12-14	433545	13.1256	577.526	0.0957713	398.298	732.104	13.1779	0.0734377	22.2158	15.5857	18.7932	79.9869	255	0	0	13.0687	1.99021	2.23278	13.21	99.089	0	0	34759.8	44099.2	49268.7	53018	0	0	0	0	0	0	113
DATA	10:00:20:000	2023-12-14	433845	13.1177	577.179	0.0957257	398.135	734.994	13.2299	0.0736396	22.3078	15.6485	18.8172	79.9781	255	0	0	13.068	1.99021	2.23116	13.21	99.0839	0	0	34761.8	44096.8	49262.5	53017.1	0	0	0	0	0	0	186
DATA	10:00:21:000	2023-12-14	434145	13.1102	576.849	0.0956897	397.869	737.272	13.2709	0.073806	22.3748	15.6979	18.837	79.9912	255	0	0	13.0687	1.99023	2.23328	13.21	99.0788	0	0	34760	44094.4	49250.8	53014.1	0	0	0	0	0	0	 37
DATA	10:00:22:000	2023-12-14	434445	13.1039	576.572	0.0956524	397.696	740.238	13.3243	0.0740115	22.4658	15.7618	18.8596	79.9939	255	0	0	13.068	1.99016	2.23291	13.21	99.0666	0	0	34758.8	44089.7	49226.3	53007.8	0	0	0	0	0	0	183
DATA	10:00:23:000	2023-12-14	434745	13.1064	576.682	0.0956667	397.79	737.327	13.2719	0.0738078	22.3785	15.7015	18.8829	79.9965	255	0	0	13.068	1.98984	2.23241	13.21	99.0547	0	0	34756.1	44087.3	49241.2	53006.2	0	0	0	0	0	0	138
DATA	10:00:24:000	2023-12-14	435045	13.0876	575.854	0.0955626	397.265	742.801	13.3704	0.0741932	22.5472	15.8182	18.9036	79.9931	255	0	0	13.068	1.99023	2.23328	13.21	99.0653	0	0	34758.2	44088.4	49212.3	53005	0	0	0	0	0	0	 44
DATA	10:00:25:000	2023-12-14	435345	13.0841	575.7	0.0955416	397.192	744.462	13.4003	0.074308	22.5995	15.8544	18.9276	79.9929	255	0	0	13.068	1.9899	2.2334	13.21	99.0556	0	0	34758.5	44087.1	49206.2	53001.7	0	0	0	0	0	0	167
DATA	10:00:26:000	2023-12-14	435645	13.0729	575.208	0.0954805	396.91	748.061	13.4651	0.0745613	22.7121	15.9312	18.9519	79.9878	255	0	0	13.068	1.99011	2.23278	13.21	99.0523	0	0	34759.4	44083.7	49191.8	52999.6	0	0	0	0	0	0	129
DATA	10:00:27:000	2023-12-14	435945	13.0764	575.362	0.0955004	397.021	748.918	13.4805	0.0746209	22.7384	15.9503	18.9738	79.993	255	0	0	13.068	1.99026	2.23365	13.21	99.056	0	0	34759.6	44084	49191.2	52999.9	0	0	0	0	0	0	249
DATA	10:00:28:000	2023-12-14	436245	13.069	575.036	0.0954557	396.851	750.129	13.5023	0.0747026	22.7783	15.9768	18.9977	79.9885	255	0	0	13.0673	1.99	2.23328	13.21	99.0508	0	0	34761.2	44084.1	49186	52999.3	0	0	0	0	0	0	203
DATA	10:00:29:000	2023-12-14	436545	13.0652	574.869	0.095433	396.784	750.185	13.5033	0.074705	22.7828	15.9793	19.0216	79.9852	255	0	0	13.0687	1.99024	2.2349	13.21	99.0536	0	0	34761.2	44083.1	49183.6	52997.7	0	0	0	0	0	0	 84
DATA	10:00:30:000	2023-12-14	436845	13.0615	574.706	0.0954162	396.679	752.606	13.5469	0.0748777	22.8567	16.0309	19.043	79.9896	255	0	0	13.0687	1.99011	2.23353	13.21	99.057	0	0	34764.1	44085.8	49168.6	53001.5	0	0	0	0	0	0	125
DATA	10:00:31:000	2023-12-14	437145	13.0593	574.609	0.0953987	396.673	756.608	13.6189	0.0751504	22.9818	16.1152	19.0668	79.9838	255	0	0	13.0673	1.99025	2.2334	13.21	99.0773	0	0	34770.3	44093.6	49166.3	53009	0	0	0	0	0	0	 78
DATA	10:00:32:000	2023-12-14	437445	13.0557	574.451	0.0953808	396.594	758.573	13.6543	0.0752889	23.0432	16.1571	19.0901	79.9841	255	0	0	13.068	1.99022	2.23503	13.21	99.0714	0	0	34769.4	44091.2	49155.4	53006.9	0	0	0	0	0	0	151
DATA	10:00:33:000	2023-12-14	437745	13.0496	574.182	0.0953465	396.453	760.025	13.6805	0.0753898	23.0899	16.1884	19.1138	79.9817	255	0	0	13.0687	1.98984	2.23478	13.21	99.0444	0	0	34764.8	44082.7	49145.8	52996.5	0	0	0	0	0	0	 14
DATA	10:00:34:000	2023-12-14	438045	13.0423	573.861	0.0953093	396.225	764.307	13.7575	0.0756905	23.2196	16.2778	19.1376	79.9895	255	0	0	13.0687	1.99012	2.2349	13.21	99.0634	0	0	34769.6	44088.5	49125.8	53001.2	0	0	0	0	0	0	171
DATA	10:00:35:000	2023-12-14	438345	13.0411	573.808	0.0952992	396.275	763.303	13.7395	0.0756173	23.1942	16.2583	19.1595	79.9779	255	0	0	13.068	1.9901	2.23552	13.21	99.0514	0	0	34766.2	44083.4	49126.5	52996.4	0	0	0	0	0	0	121
DATA	10:00:36:000	2023-12-14	438645	13.042	573.848	0.0953039	396.269	766.396	13.7951	0.0758308	23.2862	16.323	19.1816	79.9908	255	0	0	13.068	1.98996	2.2354	13.21	99.0456	0	0	34765.3	44082.2	49106.6	52995.6	0	0	0	0	0	0	 47
DATA	10:00:37:000	2023-12-14	438945	13.0384	573.69	0.0952839	396.217	769.338	13.8481	0.076034	23.379	16.3844	19.2049	79.9855	255	0	0	13.0673	1.99009	2.23415	13.21	99.0469	0	0	34764.7	44081.6	49103.6	52992.8	0	0	0	0	0	0	 97
DATA	10:00:38:000	2023-12-14	439245	13.0211	572.928	0.0951838	395.751	774.644	13.9436	0.0763969	23.5438	16.4935	19.2259	79.9792	255	0	0	13.068	1.99042	2.23565	13.21	99.0773	0	0	34777.4	44092	49097.9	53005.9	0	0	0	0	0	0	107
DATA	10:00:39:000	2023-12-14	439545	13.0219	572.964	0.0951902	395.797	772.052	13.8969	0.0762207	23.4663	16.4418	19.2448	79.98	255	0	0	13.068	1.99003	2.2359	13.21	99.0701	0	0	34776.7	44092.4	49101	53005.2	0	0	0	0	0	0	165
DATA	10:00:40:000	2023-12-14	439845	13.004	572.176	0.0950902	395.27	785.414	14.1375	0.0771388	23.8735	16.7128	19.2649	79.9821	255	0	0	13.068	1.99008	2.23652	13.21	99.069	0	0	34775.6	44091.4	49082.7	53004.5	0	0	0	0	0	0	  7
DATA	10:00:41:000	2023-12-14	440145	13.0165	572.726	0.0951614	395.651	779.745	14.0354	0.0767513	23.7012	16.5999	19.2851	79.9874	255	0	0	13.0687	1.99004	2.23552	13.21	99.0761	0	0	34779	44094.9	49079.3	53009.5	0	0	0	0	0	0	123
DATA	10:00:42:000	2023-12-14	440445	13.0229	573.008	0.0951989	395.846	781.308	14.0635	0.0768594	23.7488	16.6323	19.3013	79.9917	255	0	0	13.068	1.99	2.23652	13.21	99.0654	0	0	34775.6	44090.6	49073.7	53003.9	0	0	0	0	0	0	 15
DATA	10:00:43:000	2023-12-14	440745	13.0102	572.449	0.0951246	395.537	782.909	14.0924	0.0769664	23.802	16.6654	19.3191	79.9811	255	0	0	13.0687	1.98985	2.2369	13.21	99.045	0	0	34775.2	44082.9	49048.4	52994.7	0	0	0	0	0	0	 85
DATA	10:00:44:000	2023-12-14	441045	13.0096	572.422	0.0951217	395.493	783.361	14.1005	0.0769981	23.8142	16.6755	19.3375	79.9913	255	0	0	13.0687	1.98996	2.23739	13.21	99.0523	0	0	34774.1	44085.2	49052	52995.9	0	0	0	0	0	0	127
DATA	10:00:45:000	2023-12-14	441345	12.9986	571.938	0.0950631	395.165	787.198	14.1696	0.0772649	23.9313	16.7534	19.3559	79.9949	255	0	0	13.0687	1.99007	2.23627	13.21	99.053	0	0	34774.1	44084.4	49033.7	52994.1	0	0	0	0	0	0	208
DATA	10:00:46:000	2023-12-14	441645	12.9915	571.626	0.0950212	395.063	797.616	14.3571	0.0779726	24.255	16.9615	19.3716	79.9762	255	0	0	13.0687	1.99007	2.23852	13.21	99.0702	0	0	34783.5	44092.1	49015.6	53003.8	0	0	0	0	0	0	159
DATA	10:00:47:000	2023-12-14	441945	13.0105	572.462	0.0951258	395.607	795.584	14.3205	0.0778313	24.1911	16.9222	19.3887	79.9878	255	0	0	13.0687	1.9902	2.23777	13.21	99.0785	0	0	34782.6	44094.5	48988.7	53003.8	0	0	0	0	0	0	195
DATA	10:00:48:000	2023-12-14	442245	13.0125	572.55	0.095144	395.692	811.656	14.6098	0.0789281	24.6813	17.2389	19.4051	79.9873	255	0	0	13.068	1.99002	2.23752	13.21	99.0679	0	0	34780	44091.5	48999.2	53003.9	0	0	0	0	0	0	229
DATA	10:00:49:000	2023-12-14	442545	13.0189	572.832	0.095175	395.958	801.133	14.4204	0.07821	24.3657	17.0336	19.4211	79.9773	255	0	0	13.0687	1.99019	2.23715	13.21	99.073	0	0	34781.6	44092.2	49007.8	53005.4	0	0	0	0	0	0	241
DATA	10:00:50:000	2023-12-14	442845	13.0052	572.229	0.0950993	395.49	800.219	14.4039	0.0781502	24.3348	17.0163	19.4338	79.9911	255	0	0	13.0687	1.99003	2.23627	13.21	99.0723	0	0	34783.3	44093.3	49005.6	53006.7	0	0	0	0	0	0	124
DATA	10:00:51:000	2023-12-14	443145	13.0066	572.29	0.0951073	395.56	800.037	14.4007	0.0781377	24.3309	17.0135	19.4483	79.9895	255	0	0	13.0687	1.99015	2.23752	13.21	99.0729	0	0	34780.3	44092.5	49000.8	53005.7	0	0	0	0	0	0	 75
DATA	10:00:52:000	2023-12-14	443445	13.0111	572.488	0.0951322	395.75	800.279	14.405	0.0781539	24.3415	17.019	19.4624	79.9827	255	0	0	13.0673	1.99003	2.23715	13.21	99.0696	0	0	34780.2	44092.2	48999.3	53003.5	0	0	0	0	0	0	 33
DATA	10:00:53:000	2023-12-14	443745	13.008	572.352	0.0951153	395.639	801.769	14.4318	0.0782554	24.3858	17.0491	19.4764	79.9899	255	0	0	13.068	1.9904	2.23752	13.21	99.0674	0	0	34775.8	44087.8	48988.9	52999.2	0	0	0	0	0	0	119
DATA	10:00:54:000	2023-12-14	444045	12.9954	571.798	0.0950476	395.286	813.332	14.64	0.0790417	24.7394	17.2761	19.4905	79.9877	255	0	0	13.068	1.99008	2.23914	13.21	99.048	0	0	34775.6	44082.1	48915.8	52989.1	0	0	0	0	0	0	 48
DATA	10:00:55:000	2023-12-14	444345	13.0418	573.839	0.0953133	396.642	819.141	14.7445	0.0794364	24.9127	17.3893	19.5028	80.0021	255	0	0	13.0687	1.99016	2.23789	13.21	99.0447	0	0	34766.4	44079.9	48933.5	52987.8	0	0	0	0	0	0	235
DATA	10:00:56:000	2023-12-14	444645	13.0105	572.462	0.0951304	395.777	811.257	14.6026	0.0788987	24.6783	17.2372	19.5181	79.9888	255	0	0	13.068	1.98976	2.23789	13.21	99.0154	0	0	34762.4	44070.5	48957.2	52980.8	0	0	0	0	0	0	204
DATA	10:00:57:000	2023-12-14	444945	13.0098	572.431	0.0951267	395.765	805.729	14.5031	0.0785249	24.5107	17.13	19.5332	79.991	255	0	0	13.0687	1.98995	2.23902	13.21	99.0228	0	0	34763.6	44072.1	48953.8	52979.8	0	0	0	0	0	0	 85
DATA	10:00:58:000	2023-12-14	445245	13.0131	572.576	0.0951476	395.843	807.746	14.5394	0.0786643	24.5707	17.1703	19.5479	79.9995	255	0	0	13.068	1.99007	2.23814	13.21	99.0143	0	0	34760	44067.1	48937.1	52974.3	0	0	0	0	0	0	 85
DATA	10:00:59:000	2023-12-14	445545	13.0149	572.656	0.0951599	395.928	809.497	14.5709	0.0787849	24.6258	17.2052	19.5616	79.9971	255	0	0	13.0687	1.98995	2.23914	13.21	99.0026	0	0	34754.9	44063.2	48932.8	52968	0	0	0	0	0	0	190
DATA	10:01:00:000	2023-12-14	445845	13.0161	572.708	0.0951638	396.017	810.656	14.5918	0.07886	24.6643	17.2285	19.5732	79.9898	255	0	0	13.0687	1.99036	2.23889	13.21	99.0041	0	0	34754.5	44059.9	48925.9	52965.8	0	0	0	0	0	0	155
DATA	10:01:01:000	2023-12-14	446145	13.0126	572.554	0.0951438	395.895	813.018	14.6343	0.0790194	24.7352	17.2753	19.5881	79.997	255	0	0	13.068	1.99014	2.23976	13.21	98.9963	0	0	34752.2	44058.5	48911.8	52962.3	0	0	0	0	0	0	127
DATA	10:01:02:000	2023-12-14	446445	13.0144	572.634	0.0951522	396.026	816.395	14.6951	0.0792449	24.8427	17.3417	19.6039	79.9859	255	0	0	13.0687	1.99031	2.23914	13.21	99.0004	0	0	34755.9	44058.8	48908	52963.1	0	0	0	0	0	0	124
DATA	10:01:03:000	2023-12-14	446745	13.0137	572.603	0.095149	396.005	816.313	14.6936	0.0792405	24.8403	17.3409	19.6197	79.9901	255	0	0	13.0687	1.99026	2.23927	13.21	98.9967	0	0	34752.8	44057.6	48908.9	52963.1	0	0	0	0	0	0	182
DATA	10:01:04:000	2023-12-14	447045	12.9983	571.925	0.095063	395.56	819.815	14.7567	0.0794772	24.9483	17.4095	19.6356	79.9897	255	0	0	13.0687	1.99002	2.24001	13.21	98.988	0	0	34755.6	44056	48891.7	52960.4	0	0	0	0	0	0	 17
DATA	10:01:05:000	2023-12-14	447345	13.0024	572.106	0.0950853	395.706	818.982	14.7417	0.0794206	24.9244	17.3943	19.6513	79.9896	255	0	0	13.0687	1.99043	2.23951	13.21	99.0083	0	0	34756.1	44061.2	48883.7	52965.1	0	0	0	0	0	0	220
DATA	10:01:06:000	2023-12-14	447645	13.0005	572.022	0.0950731	395.697	819.988	14.7598	0.0794862	24.958	17.4146	19.6674	79.9842	255	0	0	13.0687	1.99027	2.24076	13.21	98.9983	0	0	34756	44058.2	48883.1	52961.6	0	0	0	0	0	0	123
DATA	10:01:07:000	2023-12-14	447945	12.9916	571.63	0.0950304	395.383	820.901	14.7762	0.0795562	24.9831	17.433	19.6823	79.997	255	0	0	13.068	1.99026	2.24051	13.21	99.0019	0	0	34757.7	44059.9	48879.8	52963.5	0	0	0	0	0	0	 44
DATA	10:01:08:000	2023-12-14	448245	13.0014	572.062	0.0950841	395.704	822.45	14.8041	0.0796584	25.0317	17.4637	19.6972	79.9965	255	0	0	13.0687	1.99018	2.24251	13.21	99.0118	0	0	34759.8	44065	48885.5	52971	0	0	0	0	0	0	231
DATA	10:01:09:000	2023-12-14	448545	12.9833	571.265	0.0949797	395.204	827.244	14.8904	0.0799781	25.1808	17.5564	19.7091	79.9894	255	0	0	13.0687	1.99034	2.24126	13.21	99.0155	0	0	34766.6	44065.2	48828.5	52966.1	0	0	0	0	0	0	  9
DATA	10:01:10:000	2023-12-14	448845	12.9961	571.828	0.0950509	395.578	824.614	14.8431	0.0798003	25.0998	17.5067	19.7237	79.9965	255	0	0	13.068	1.99029	2.24051	13.21	99.015	0	0	34761.2	44065.4	48874	52970.7	0	0	0	0	0	0	 40
DATA	10:01:11:000	2023-12-14	449145	12.9894	571.534	0.0950136	395.385	823.823	14.8288	0.0797482	25.0764	17.4922	19.7368	79.998	255	0	0	13.0687	1.99023	2.24076	13.21	99.0186	0	0	34762.7	44067.6	48876.1	52973.4	0	0	0	0	0	0	211
DATA	10:01:12:000	2023-12-14	449445	12.9814	571.182	0.0949713	395.165	827.037	14.8867	0.079967	25.1757	17.5546	19.7491	79.9965	255	0	0	13.068	1.99015	2.24026	13.21	99.0155	0	0	34766.4	44067	48866.1	52971.8	0	0	0	0	0	0	 61
DATA	10:01:13:000	2023-12-14	449745	12.9757	570.931	0.0949346	395.022	827.965	14.9034	0.0800241	25.2059	17.573	19.7612	79.9937	255	0	0	13.0687	1.99029	2.24238	13.21	99.0321	0	0	34774.6	44073.1	48857	52978.2	0	0	0	0	0	0	 84
DATA	10:01:14:000	2023-12-14	450045	12.9484	569.73	0.0947835	394.196	836.515	15.0573	0.0806003	25.4665	17.7365	19.7706	79.9952	255	0	0	13.068	1.99038	2.24201	13.21	99.0334	0	0	34778.8	44072.8	48837.1	52977.1	0	0	0	0	0	0	131
DATA	10:01:15:000	2023-12-14	450345	12.9725	570.79	0.0949208	394.922	832.768	14.9898	0.0803507	25.352	17.6659	19.7828	80.0001	255	0	0	13.068	1.99058	2.24213	13.21	99.0389	0	0	34773.4	44073.4	48842.7	52977.5	0	0	0	0	0	0	 82
DATA	10:01:16:000	2023-12-14	450645	12.9717	570.755	0.0949101	394.946	832.07	14.9773	0.080297	25.3338	17.6533	19.7948	79.9936	255	0	0	13.0687	1.99059	2.24276	13.21	99.0382	0	0	34774.8	44073	48857.8	52978.8	0	0	0	0	0	0	 78
DATA	10:01:17:000	2023-12-14	450945	12.9644	570.434	0.0948728	394.735	833.892	15.0101	0.0804235	25.39	17.6885	19.8058	79.9943	255	0	0	13.0687	1.99036	2.24288	13.21	99.0325	0	0	34772.5	44072.6	48845.5	52977.6	0	0	0	0	0	0	147
DATA	10:01:18:000	2023-12-14	451245	12.9468	569.659	0.0947778	394.218	838.429	15.0917	0.0807318	25.5294	17.7752	19.8165	79.9934	255	0	0	13.0687	1.99048	2.24188	13.21	99.0128	0	0	34767	44062.7	48836.1	52968.2	0	0	0	0	0	0	181
DATA	10:01:19:000	2023-12-14	451545	12.9705	570.702	0.0949069	394.967	833.875	15.0098	0.0804218	25.3925	17.6894	19.8278	79.9909	255	0	0	13.0687	1.99058	2.24213	13.21	99.0072	0	0	34763.7	44059.2	48829.7	52961.9	0	0	0	0	0	0	 12
DATA	10:01:20:000	2023-12-14	451845	12.9763	570.957	0.0949398	395.151	842.063	15.1571	0.0809677	25.6423	17.845	19.8373	79.992	255	0	0	13.068	1.99054	2.24313	13.21	98.9907	0	0	34757.2	44052.3	48803.5	52953.8	0	0	0	0	0	0	 88
DATA	10:01:21:000	2023-12-14	452145	12.9682	570.601	0.0948949	394.921	836.518	15.0573	0.0805993	25.4745	17.7408	19.849	79.9919	255	0	0	13.068	1.99048	2.24313	13.21	98.9828	0	0	34754.7	44049.3	48815.2	52950.5	0	0	0	0	0	0	150
DATA	10:01:22:000	2023-12-14	452445	12.9693	570.649	0.0949028	394.95	837.582	15.0765	0.0806724	25.5066	17.7616	19.861	79.996	255	0	0	13.068	1.99052	2.24375	13.21	98.9696	0	0	34750.2	44043.1	48800.2	52943.5	0	0	0	0	0	0	 34
DATA	10:01:23:000	2023-12-14	452745	12.9751	570.904	0.0949334	395.14	839.857	15.1174	0.0808215	25.5768	17.8053	19.8734	79.9966	255	0	0	13.0687	1.99055	2.24388	13.21	98.9667	0	0	34749.1	44041.6	48793.3	52939.9	0	0	0	0	0	0	223
DATA	10:01:24:000	2023-12-14	453045	12.9694	570.654	0.094903	394.987	845.649	15.2217	0.0812088	25.7545	17.9152	19.8855	79.9958	255	0	0	13.0687	1.99052	2.24413	13.21	98.9584	0	0	34748.3	44038.2	48769.2	52936.3	0	0	0	0	0	0	216
DATA	10:01:25:000	2023-12-14	453345	12.9676	570.574	0.0948975	394.906	843.622	15.1852	0.0810801	25.691	17.8776	19.8969	80.0043	255	0	0	13.0694	1.99059	2.2445	13.21	98.9651	0	0	34746.7	44040.5	48775.2	52939.6	0	0	0	0	0	0	147
DATA	10:01:26:000	2023-12-14	453645	12.9633	570.385	0.0948634	394.839	843.618	15.1851	0.0810679	25.6951	17.8781	19.9061	79.9937	255	0	0	13.0687	1.99075	2.24513	13.21	98.9676	0	0	34748.1	44040.1	48780.5	52939.5	0	0	0	0	0	0	  9
DATA	10:01:27:000	2023-12-14	453945	12.9591	570.2	0.0948428	394.748	843.987	15.1918	0.0810966	25.7088	17.8856	19.9166	79.9891	255	0	0	13.0687	1.99052	2.24463	13.21	98.9613	0	0	34746.3	44039.4	48773.8	52937.7	0	0	0	0	0	0	190
DATA	10:01:28:000	2023-12-14	454245	12.9589	570.192	0.0948434	394.715	844.239	15.1963	0.0811154	25.7147	17.891	19.9284	79.9978	255	0	0	13.068	1.99035	2.2455	13.21	98.9515	0	0	34746.5	44036.6	48771	52935.6	0	0	0	0	0	0	  6
DATA	10:01:29:000	2023-12-14	454545	12.9551	570.024	0.0948217	394.666	847.031	15.2466	0.0813005	25.8041	17.9441	19.9403	79.9875	255	0	0	13.0687	1.99062	2.24525	13.21	98.9597	0	0	34747.5	44037.8	48766.4	52935.6	0	0	0	0	0	0	238
DATA	10:01:30:000	2023-12-14	454845	12.9512	569.853	0.0947972	394.567	846.592	15.2387	0.0812685	25.792	17.9364	19.9512	79.9865	255	0	0	13.0687	1.99067	2.24438	13.21	98.952	0	0	34745.8	44033.9	48757.5	52930.8	0	0	0	0	0	0	184
DATA	10:01:31:000	2023-12-14	455145	12.9557	570.051	0.0948218	394.713	846.756	15.2416	0.0812788	25.7976	17.9401	19.9627	79.9878	255	0	0	13.0673	1.991	2.24587	13.21	98.9588	0	0	34745.9	44033.8	48759.5	52931.7	0	0	0	0	0	0	174
DATA	10:01:32:000	2023-12-14	455445	12.9483	569.725	0.0947841	394.444	847.713	15.2588	0.0813471	25.8239	17.9586	19.972	79.9993	255	0	0	13.068	1.99056	2.24562	13.21	98.9514	0	0	34744.6	44034.7	48749.4	52930.5	0	0	0	0	0	0	168
DATA	10:01:33:000	2023-12-14	455745	12.9427	569.479	0.0947488	394.337	848.291	15.2692	0.0813814	25.8456	17.97	19.982	79.9891	255	0	0	13.0687	1.99079	2.24587	13.21	98.9518	0	0	34745.8	44032.7	48748.3	52929.8	0	0	0	0	0	0	155
DATA	10:01:34:000	2023-12-14	456045	12.9429	569.488	0.0947562	394.314	850.022	15.3004	0.0815038	25.8965	18.003	19.9935	79.9982	255	0	0	13.0673	1.99118	2.24637	13.21	98.9556	0	0	34746.3	44030.8	48742.2	52928.9	0	0	0	0	0	0	185
DATA	10:01:35:000	2023-12-14	456345	12.9251	568.704	0.0946531	393.807	851.459	15.3263	0.0815961	25.9426	18.0304	20.0031	79.9935	255	0	0	13.0687	1.99101	2.24538	13.21	98.9513	0	0	34750.5	44030.4	48738.5	52926.4	0	0	0	0	0	0	197
DATA	10:01:36:000	2023-12-14	456645	12.9208	568.515	0.0946272	393.675	852.741	15.3493	0.0816794	25.9816	18.0549	20.0136	79.9967	255	0	0	13.068	1.9908	2.24749	13.21	98.947	0	0	34748.4	44030.5	48735.4	52925.4	0	0	0	0	0	0	101
DATA	10:01:37:000	2023-12-14	456945	12.9127	568.159	0.0945832	393.469	855.297	15.3953	0.081851	26.0622	18.1031	20.0241	79.9912	255	0	0	13.068	1.99097	2.24687	13.21	98.9533	0	0	34750.5	44031.7	48730.1	52927.2	0	0	0	0	0	0	116
DATA	10:01:38:000	2023-12-14	457245	12.9135	568.194	0.0945863	393.497	854.372	15.3787	0.0817885	26.0342	18.0865	20.0349	79.9933	255	0	0	13.0687	1.99094	2.247	13.21	98.9487	0	0	34753.5	44029.9	48723.2	52926.4	0	0	0	0	0	0	165
DATA	10:01:39:000	2023-12-14	457545	12.9102	568.049	0.0945644	393.421	855.567	15.4002	0.0818639	26.0723	18.1092	20.044	79.9908	255	0	0	13.0687	1.99097	2.24625	13.21	98.9478	0	0	34750.1	44029.2	48718.3	52924.7	0	0	0	0	0	0	171
DATA	10:01:40:000	2023-12-14	457845	12.9065	567.886	0.0945445	393.365	856.059	15.4091	0.0818978	26.091	18.119	20.0555	79.9824	255	0	0	13.068	1.99123	2.24762	13.21	98.9476	0	0	34751.8	44026.7	48710.2	52921.9	0	0	0	0	0	0	 87
DATA	10:01:41:000	2023-12-14	458145	12.8998	567.591	0.0945075	393.101	859.022	15.4624	0.0820947	26.1773	18.1746	20.0676	79.998	255	0	0	13.0687	1.99103	2.24774	13.21	98.9445	0	0	34750.2	44027.1	48702.6	52920.7	0	0	0	0	0	0	172
DATA	10:01:42:000	2023-12-14	458445	12.9016	567.67	0.0945216	393.184	859.378	15.4688	0.0821226	26.19	18.1819	20.0796	79.9956	255	0	0	13.0694	1.99098	2.24749	13.21	98.9314	0	0	34747.9	44021.8	48697.2	52915.9	0	0	0	0	0	0	119
DATA	10:01:43:000	2023-12-14	458745	12.8825	566.83	0.0944117	392.616	865.847	15.5852	0.082548	26.3882	18.302	20.0913	79.9958	255	0	0	13.0687	1.99124	2.24787	13.21	98.9361	0	0	34752.6	44021.5	48674.9	52914.8	0	0	0	0	0	0	 99
DATA	10:01:44:000	2023-12-14	459045	12.8822	566.817	0.0944096	392.603	863.434	15.5418	0.0823885	26.3144	18.2582	20.1033	79.9998	255	0	0	13.068	1.99124	2.24824	13.21	98.9343	0	0	34748.3	44020.7	48693.4	52916.3	0	0	0	0	0	0	171
DATA	10:01:45:000	2023-12-14	459345	12.8852	566.949	0.094426	392.728	864.5	15.561	0.082458	26.3491	18.2784	20.1131	79.9957	255	0	0	13.0687	1.99133	2.24999	13.21	98.9331	0	0	34750.8	44019.3	48673.5	52911.7	0	0	0	0	0	0	251
DATA	10:01:46:000	2023-12-14	459645	12.8634	565.99	0.0943021	392.108	869.431	15.6498	0.0827827	26.5024	18.3697	20.1255	79.9901	255	0	0	13.0687	1.99129	2.24762	13.21	98.9453	0	0	34756.9	44025.1	48671.9	52920.2	0	0	0	0	0	0	191
DATA	10:01:47:000	2023-12-14	459945	12.8798	566.711	0.0943937	392.639	866.177	15.5912	0.0825666	26.4053	18.3106	20.1387	79.9873	255	0	0	13.0701	1.99123	2.24912	13.21	98.9628	0	0	34762.3	44033.5	48688.4	52931.3	0	0	0	0	0	0	246
DATA	10:01:48:000	2023-12-14	460245	12.8474	565.286	0.0942096	391.668	875.043	15.7508	0.0831491	26.6767	18.4737	20.1494	79.9867	255	0	0	13.0701	1.99144	2.24999	13.21	98.9488	0	0	34760.2	44025.3	48652.7	52917.8	0	0	0	0	0	0	  5
DATA	10:01:49:000	2023-12-14	460545	12.8742	566.465	0.0943617	392.496	867.763	15.6197	0.0826707	26.4555	18.3409	20.159	79.9872	255	0	0	13.0701	1.99157	2.24924	13.21	98.9742	0	0	34768	44035.3	48672.2	52930.8	0	0	0	0	0	0	103
DATA	10:01:50:000	2023-12-14	460845	12.8702	566.289	0.0943424	392.344	867.121	15.6082	0.0826329	26.4339	18.3296	20.1684	79.9958	255	0	0	13.0701	1.99118	2.24937	13.21	98.9666	0	0	34765.6	44035.7	48688.2	52933.4	0	0	0	0	0	0	241
DATA	10:01:51:000	2023-12-14	461145	12.8775	566.61	0.0943843	392.608	868.24	15.6283	0.0827069	26.4708	18.3507	20.1781	79.99	255	0	0	13.0701	1.99141	2.24812	13.21	98.9641	0	0	34761.8	44032.3	48664.7	52926.7	0	0	0	0	0	0	 14
DATA	10:01:52:000	2023-12-14	461445	12.8767	566.575	0.0943793	392.577	869.767	15.6558	0.0828064	26.5169	18.3793	20.188	79.9942	255	0	0	13.0687	1.99146	2.24849	13.21	98.9539	0	0	34758.3	44027.4	48665.8	52921.5	0	0	0	0	0	0	248
DATA	10:01:53:000	2023-12-14	461745	12.8782	566.641	0.0943883	392.603	872.002	15.696	0.0829542	26.5837	18.4207	20.1978	80.0009	255	0	0	13.0694	1.99146	2.24912	13.21	98.9481	0	0	34756.9	44024.8	48651.7	52919.1	0	0	0	0	0	0	173
DATA	10:01:54:000	2023-12-14	462045	12.9015	567.666	0.0945188	393.346	871.696	15.6905	0.0829315	26.5766	18.4157	20.2082	79.9969	255	0	0	13.0694	1.99167	2.25049	13.21	98.957	0	0	34751	44026.8	48660.9	52921.2	0	0	0	0	0	0	104
DATA	10:01:55:000	2023-12-14	462345	12.8787	566.663	0.0943874	392.689	872.073	15.6973	0.0829544	26.5907	18.4232	20.2184	79.992	255	0	0	13.0694	1.99151	2.25173	13.21	98.9529	0	0	34756.9	44026.5	48656.8	52921.3	0	0	0	0	0	0	213
DATA	10:01:56:000	2023-12-14	462645	12.8787	566.663	0.0943911	392.665	872.595	15.7067	0.0829926	26.605	18.4332	20.2278	79.9995	255	0	0	13.0694	1.99157	2.24974	13.21	98.948	0	0	34756.2	44023.7	48655.4	52917.7	0	0	0	0	0	0	176
DATA	10:01:57:000	2023-12-14	462945	12.8725	566.39	0.0943546	392.515	872.846	15.7112	0.0830081	26.6153	18.4383	20.2365	79.9939	255	0	0	13.068	1.9918	2.25036	13.21	98.9443	0	0	34752.4	44019.9	48643.1	52913.7	0	0	0	0	0	0	 73
DATA	10:01:58:000	2023-12-14	463245	12.8793	566.689	0.094393	392.757	874.63	15.7433	0.083125	26.672	18.4714	20.2458	79.9894	255	0	0	13.068	1.99172	2.25024	13.21	98.9264	0	0	34744.7	44012.7	48631.1	52903.4	0	0	0	0	0	0	235
DATA	10:01:59:000	2023-12-14	463545	12.8767	566.575	0.0943767	392.681	874.631	15.7434	0.0831228	26.6722	18.4718	20.2528	79.9907	255	0	0	13.0694	1.99161	2.25198	13.21	98.9171	0	0	34744.2	44009.6	48629.8	52900.9	0	0	0	0	0	0	  0
DATA	10:02:00:000	2023-12-14	463845	12.8713	566.337	0.0943486	392.499	877.154	15.7888	0.0832912	26.7481	18.5183	20.2629	79.9968	255	0	0	13.0687	1.9919	2.25099	13.21	98.9566	0	0	34755.4	44024.4	48640.3	52917.8	0	0	0	0	0	0	222
DATA	10:02:01:000	2023-12-14	464145	12.8631	565.976	0.0943014	392.261	879.709	15.8348	0.0834581	26.8268	18.5653	20.2724	79.997	255	0	0	13.0673	1.99191	2.25111	13.21	98.9571	0	0	34757.5	44024.6	48631.2	52918.7	0	0	0	0	0	0	178
DATA	10:02:02:000	2023-12-14	464445	12.8696	566.262	0.0943395	392.488	878.117	15.8061	0.0833556	26.7802	18.5368	20.2816	79.9936	255	0	0	13.0694	1.99195	2.25173	13.21	98.9331	0	0	34747	44013.5	48620.8	52902.9	0	0	0	0	0	0	143
DATA	10:02:03:000	2023-12-14	464745	12.8704	566.298	0.094343	392.529	879.635	15.8334	0.0834531	26.8276	18.5649	20.2909	79.9928	255	0	0	13.068	1.99197	2.25236	13.21	98.9418	0	0	34751.1	44017.2	48620.5	52910	0	0	0	0	0	0	 38
DATA	10:02:04:000	2023-12-14	465045	12.8664	566.122	0.0943212	392.408	880.742	15.8534	0.0835272	26.8615	18.5855	20.2998	79.995	255	0	0	13.0687	1.99203	2.25186	13.21	98.9378	0	0	34748.1	44014.9	48613.8	52906.4	0	0	0	0	0	0	183
DATA	10:02:05:000	2023-12-14	465345	12.844	565.136	0.0941924	391.742	885.281	15.9351	0.0838221	27.0011	18.6681	20.3085	79.9938	255	0	0	13.0687	1.99203	2.25236	13.21	98.9124	0	0	34744.6	44003.6	48590.8	52893.9	0	0	0	0	0	0	159
DATA	10:02:06:000	2023-12-14	465645	12.8767	566.575	0.0943799	392.747	880.568	15.8502	0.0835156	26.8579	18.5832	20.316	79.9943	255	0	0	13.0687	1.99209	2.25286	13.21	98.9203	0	0	34743.5	44006.6	48600.6	52897.2	0	0	0	0	0	0	215
DATA	10:02:07:000	2023-12-14	465945	12.8709	566.32	0.0943469	392.594	881.334	15.864	0.0835659	26.8829	18.5976	20.3253	79.992	255	0	0	13.0687	1.9921	2.25423	13.21	98.9182	0	0	34743	44005.5	48596.2	52894.6	0	0	0	0	0	0	218
