Model:	 LI-7500
SN:	75D-4923
Timestamp:	Dec 5 2023 at 3:02:20
DATAH	Time	Date	Sequence Number	CO2 (mmol/m^3)	CO2 (mg/m^3)	CO2 Absorptance	CO2 (umol/mol)	H2O (mmol/m^3)	H2O (g/m^3)	H2O Absorptance	H2O (mmol/mol)	Dew Point (C)	Temperature (C)	Pressure (kPa)	Diagnostic Value	Diagnostic Value 2	Diagnostic Word	DSI Vin (v)	Cooler Voltage (v)	Chopper Cooler Voltage (v)	Smart Flux Vin (v)	CO2 Signal Strength	Integral	Peak Height	CO2 Sample	CO2 Reference	H2O Sample	H2O Reference	CH4 Seconds	CH4 Nano Seconds	CH4 (umol/mol)	CH4 (mmol/m^3)	CH4 Signal Strength (RSSI)	CH4 Diagnostic Value	CHK
DATA	09:02:18:000	2023-12-05	1039740	12.8133	563.785	0.093675	394.975	716.81	12.9026	0.0720252	22.0959	15.2589	18.8349	78.7521	255	0	0	11.6215	1.99611	2.25086	11.82	99.0633	0	0	34789.8	44032.3	49328.7	52989	0	0	0	0	0	0	 95
DATA	09:02:19:000	2023-12-05	1040040	12.8055	563.442	0.0936308	394.73	718.403	12.9313	0.0721376	22.1448	15.2945	18.8549	78.7584	255	0	0	11.6201	1.99601	2.25036	11.82	99.0618	0	0	34791.4	44032.6	49322.2	52987.5	0	0	0	0	0	0	188
DATA	09:02:20:000	2023-12-05	1040340	12.8045	563.398	0.0936249	394.743	718.165	12.927	0.0721202	22.1399	15.2905	18.8763	78.7554	255	0	0	11.6215	1.99604	2.25074	11.82	99.0607	0	0	34791.6	44031.8	49321.8	52987.3	0	0	0	0	0	0	205
DATA	09:02:21:000	2023-12-05	1040640	12.79	562.76	0.0935438	394.332	720.311	12.9656	0.0722724	22.2081	15.338	18.8957	78.7535	255	0	0	11.6208	1.99607	2.24999	11.82	99.0599	0	0	34791.7	44031.2	49311.6	52985.5	0	0	0	0	0	0	 66
DATA	09:02:22:000	2023-12-05	1040940	12.7488	560.947	0.0933119	393.062	726.522	13.0774	0.0727099	22.3996	15.4729	18.9168	78.7591	255	0	0	11.6215	1.99605	2.25086	11.82	99.0532	0	0	34802.1	44028.4	49273.7	52981.2	0	0	0	0	0	0	 16
DATA	09:02:23:000	2023-12-05	1041240	12.7234	559.83	0.0931697	392.303	731.139	13.1605	0.0730349	22.5433	15.5729	18.9394	78.7604	255	0	0	11.6201	1.99604	2.25149	11.82	99.0492	0	0	34803.5	44026.8	49267.7	52979.3	0	0	0	0	0	0	201
DATA	09:02:24:000	2023-12-05	1041540	12.7234	559.83	0.0931698	392.332	733.597	13.2047	0.0732065	22.6208	15.6265	18.9613	78.7604	255	0	0	11.6194	1.99595	2.25236	11.82	99.0493	0	0	34803.8	44027.6	49252	52979.2	0	0	0	0	0	0	119
DATA	09:02:25:000	2023-12-05	1041840	12.6912	558.413	0.0929838	391.387	737.846	13.2812	0.0734996	22.7546	15.7179	18.9841	78.7568	255	0	0	11.6208	1.99609	2.25111	11.82	99.0461	0	0	34808.7	44024.9	49235.2	52974.4	0	0	0	0	0	0	 41
DATA	09:02:26:000	2023-12-05	1042140	12.6851	558.144	0.0929521	391.192	738.785	13.2981	0.0735679	22.7832	15.7391	19.0091	78.765	255	0	0	11.6208	1.9962	2.25111	11.82	99.0492	0	0	34810.9	44025.2	49226.4	52973.8	0	0	0	0	0	0	157
DATA	09:02:27:000	2023-12-05	1042440	12.6526	556.714	0.0927638	390.265	753.48	13.5626	0.0745835	23.2408	16.0485	19.0321	78.756	255	0	0	11.6201	1.99596	2.25186	11.82	99.0432	0	0	34817.9	44024.8	49149	52969	0	0	0	0	0	0	228
DATA	09:02:28:000	2023-12-05	1042740	12.6471	556.472	0.0927348	390.117	749.485	13.4907	0.0743096	23.1189	15.9667	19.0588	78.7589	255	0	0	11.6201	1.99575	2.25273	11.82	99.0332	0	0	34818.6	44022.3	49179.3	52968.9	0	0	0	0	0	0	 45
DATA	09:02:29:000	2023-12-05	1043040	12.6216	555.35	0.0925905	389.372	755.258	13.5946	0.0747096	23.2994	16.0883	19.0857	78.7577	255	0	0	11.6194	1.99594	2.25273	11.82	99.0376	0	0	34822.8	44022.6	49163.9	52966.6	0	0	0	0	0	0	  1
DATA	09:02:30:000	2023-12-05	1043340	12.6141	555.02	0.0925517	389.167	762.147	13.7186	0.0751886	23.5135	16.2321	19.113	78.7598	255	0	0	11.6208	1.99615	2.25248	11.82	99.0364	0	0	34821.2	44020.1	49131.1	52962.4	0	0	0	0	0	0	114
DATA	09:02:31:000	2023-12-05	1043640	12.6149	555.056	0.0925523	389.23	758.423	13.6516	0.0749277	23.401	16.1568	19.1411	78.7596	255	0	0	11.6194	1.99589	2.25273	11.82	99.0273	0	0	34827.2	44018.5	49149.4	52964.2	0	0	0	0	0	0	165
DATA	09:02:32:000	2023-12-05	1043940	12.5715	553.146	0.0923066	387.931	760.338	13.6861	0.0750615	23.4625	16.1977	19.1672	78.7585	255	0	0	11.6188	1.99611	2.25273	11.82	99.0295	0	0	34828.4	44017.3	49133.1	52960.2	0	0	0	0	0	0	  2
DATA	09:02:33:000	2023-12-05	1044240	12.558	552.552	0.0922295	387.561	765.072	13.7713	0.0753867	23.6114	16.2966	19.195	78.7564	255	0	0	11.6181	1.99586	2.25385	11.82	99.026	0	0	34830.6	44018.1	49114.6	52959.8	0	0	0	0	0	0	122
DATA	09:02:34:000	2023-12-05	1044540	12.5357	551.571	0.0921019	386.899	768.279	13.829	0.0756064	23.712	16.3638	19.2235	78.7588	255	0	0	11.6208	1.99581	2.25348	11.82	99.0183	0	0	34834.6	44015.2	49096.8	52955.8	0	0	0	0	0	0	192
DATA	09:02:35:000	2023-12-05	1044840	12.5466	552.05	0.0921646	387.258	770.565	13.8702	0.075764	23.7839	16.4119	19.2507	78.7615	255	0	0	11.6201	1.99574	2.25261	11.82	99.0112	0	0	34832.9	44012.7	49082.9	52954.3	0	0	0	0	0	0	155
DATA	09:02:36:000	2023-12-05	1045140	12.525	551.1	0.0920407	386.658	773.688	13.9264	0.075977	23.8845	16.4771	19.2813	78.7561	255	0	0	11.6188	1.99607	2.25298	11.82	99.013	0	0	34832.6	44010.4	49074.3	52950.5	0	0	0	0	0	0	 16
DATA	09:02:37:000	2023-12-05	1045440	12.5313	551.377	0.0920788	386.88	778.284	14.0091	0.0762932	24.028	16.5717	19.3091	78.7581	255	0	0	11.6188	1.99588	2.25323	11.82	99.0045	0	0	34831.1	44008.4	49049.5	52948.2	0	0	0	0	0	0	169
DATA	09:02:38:000	2023-12-05	1045740	12.5171	550.752	0.0919969	386.46	782.228	14.0801	0.0765609	24.1509	16.6528	19.3384	78.7623	255	0	0	11.6194	1.99581	2.25385	11.82	99.005	0	0	34835.2	44009.3	49040.8	52949.1	0	0	0	0	0	0	171
DATA	09:02:39:000	2023-12-05	1046040	12.5096	550.422	0.0919587	386.263	789.32	14.2078	0.0770486	24.3721	16.7963	19.3651	78.7624	255	0	0	11.6188	1.9961	2.25348	11.82	99.0072	0	0	34833.9	44007.5	49026.6	52946.7	0	0	0	0	0	0	179
DATA	09:02:40:000	2023-12-05	1046340	12.4887	549.503	0.0918365	385.666	789.996	14.2199	0.0770908	24.396	16.8113	19.3934	78.7601	255	0	0	11.6188	1.99585	2.25398	11.82	98.9947	0	0	34836.5	44004.3	49008.8	52941.8	0	0	0	0	0	0	 21
DATA	09:02:41:000	2023-12-05	1046640	12.4743	548.869	0.0917538	385.274	800.33	14.4059	0.0777897	24.7185	17.0179	19.4233	78.7574	255	0	0	11.6181	1.99591	2.2541	11.82	98.9961	0	0	34838	44004.4	48977.8	52939.4	0	0	0	0	0	0	113
DATA	09:02:42:000	2023-12-05	1046940	12.4807	549.151	0.0917898	385.495	801.295	14.4233	0.0778544	24.7498	17.0384	19.4515	78.7602	255	0	0	11.6194	1.99591	2.25385	11.82	98.99	0	0	34840.9	44001.6	48955.8	52936.6	0	0	0	0	0	0	210
DATA	09:02:43:000	2023-12-05	1047240	12.4347	547.127	0.0915304	384.115	817.932	14.7228	0.0789767	25.2664	17.3649	19.4821	78.7601	255	0	0	11.6188	1.99577	2.25398	11.82	98.9871	0	0	34845	44001.7	48936.5	52934.2	0	0	0	0	0	0	198
DATA	09:02:44:000	2023-12-05	1047540	12.4564	548.082	0.09165	384.834	798.905	14.3803	0.0776918	24.6817	16.9945	19.5106	78.7578	255	0	0	11.6188	1.99596	2.25423	11.82	98.9925	0	0	34841.5	44002.3	48970.5	52936.5	0	0	0	0	0	0	214
DATA	09:02:45:000	2023-12-05	1047840	12.4327	547.039	0.0915149	384.152	808.559	14.5541	0.0783435	24.9833	17.1859	19.5425	78.7561	255	0	0	11.6174	1.99585	2.2546	11.82	98.9876	0	0	34847.8	44001.2	48928.8	52933.2	0	0	0	0	0	0	255
DATA	09:02:46:000	2023-12-05	1048140	12.4252	546.709	0.0914717	383.977	807.659	14.5379	0.0782826	24.9591	17.1698	19.5714	78.7523	255	0	0	11.6181	1.99608	2.25548	11.82	98.9923	0	0	34846.6	44001.1	48939.7	52933.6	0	0	0	0	0	0	 64
DATA	09:02:47:000	2023-12-05	1048440	12.4194	546.454	0.0914432	383.799	813.517	14.6433	0.0786815	25.1402	17.2857	19.6018	78.7602	255	0	0	11.6188	1.99585	2.2561	11.82	98.9826	0	0	34846.8	43998.9	48910.7	52929.3	0	0	0	0	0	0	  8
DATA	09:02:48:000	2023-12-05	1048740	12.407	545.908	0.0913704	383.458	812.876	14.6318	0.0786368	25.1232	17.2749	19.6324	78.7596	255	0	0	11.6146	1.99573	2.25597	11.82	98.9763	0	0	34849	43997.3	48911.5	52928.4	0	0	0	0	0	0	180
DATA	09:02:49:000	2023-12-05	1049040	12.4032	545.741	0.0913482	383.383	813.057	14.635	0.0786481	25.1316	17.2801	19.6637	78.7593	255	0	0	11.6167	1.99586	2.25672	11.82	98.9831	0	0	34850.6	43999.1	48910.5	52930.2	0	0	0	0	0	0	227
DATA	09:02:50:000	2023-12-05	1049340	12.3951	545.384	0.0913031	383.151	817.909	14.7224	0.0789753	25.2828	17.3758	19.6931	78.7635	255	0	0	11.6174	1.99577	2.2576	11.82	98.9756	0	0	34852.2	43996.5	48883	52926.6	0	0	0	0	0	0	168
DATA	09:02:51:000	2023-12-05	1049640	12.3942	545.345	0.091298	383.179	818.5	14.733	0.0790146	25.3048	17.3887	19.7193	78.759	255	0	0	11.6174	1.99597	2.25784	11.82	98.9805	0	0	34851.7	43996.8	48865.3	52925.7	0	0	0	0	0	0	 79
DATA	09:02:52:000	2023-12-05	1049940	12.4054	545.838	0.0913608	383.572	819.806	14.7565	0.0791005	25.3482	17.4154	19.7474	78.7571	255	0	0	11.6181	1.99585	2.25548	11.82	98.9742	0	0	34848.9	43995.2	48879	52924.1	0	0	0	0	0	0	221
DATA	09:02:53:000	2023-12-05	1050240	12.3762	544.553	0.0911939	382.711	830.591	14.9506	0.0798206	25.6845	17.6238	19.7723	78.7552	255	0	0	11.6167	1.99588	2.25685	11.82	98.9708	0	0	34853.8	43993.4	48818.6	52918.5	0	0	0	0	0	0	 62
DATA	09:02:54:000	2023-12-05	1050540	12.3777	544.619	0.0912036	382.781	833.669	15.006	0.0800265	25.7812	17.684	19.8	78.7578	255	0	0	11.6167	1.99573	2.2576	11.82	98.9649	0	0	34852.7	43992.2	48840.4	52919.9	0	0	0	0	0	0	  0
DATA	09:02:55:000	2023-12-05	1050840	12.3675	544.17	0.0911439	382.508	831.411	14.9654	0.0798749	25.7143	17.6425	19.8288	78.7568	255	0	0	11.6167	1.99586	2.25747	11.82	98.9606	0	0	34851.7	43989	48828.2	52915.3	0	0	0	0	0	0	177
DATA	09:02:56:000	2023-12-05	1051140	12.3487	543.343	0.0910369	381.948	838.672	15.0961	0.0803581	25.9403	17.7819	19.8546	78.7592	255	0	0	11.6146	1.99589	2.25747	11.82	98.9601	0	0	34857.8	43988.6	48756.6	52908	0	0	0	0	0	0	233
DATA	09:02:57:000	2023-12-05	1051440	12.3444	543.154	0.0910146	381.821	842.001	15.156	0.0805818	26.0437	17.8464	19.8842	78.766	255	0	0	11.6167	1.99593	2.2571	11.82	98.9571	0	0	34853.3	43986.8	48786.7	52909.9	0	0	0	0	0	0	135
DATA	09:02:58:000	2023-12-05	1051740	12.3422	543.057	0.0909981	381.831	839.272	15.1069	0.080396	25.9646	17.7963	19.9112	78.7571	255	0	0	11.616	1.99577	2.25847	11.82	98.9522	0	0	34853.9	43986.2	48791.6	52910.6	0	0	0	0	0	0	208
DATA	09:02:59:000	2023-12-05	1052040	12.3372	542.837	0.0909741	381.681	842.06	15.1571	0.0805867	26.0511	17.8506	19.9413	78.7643	255	0	0	11.6167	1.99638	2.25947	11.82	98.9669	0	0	34854.6	43987	48778.5	52911.2	0	0	0	0	0	0	155
DATA	09:03:00:000	2023-12-05	1052340	12.3457	543.211	0.0910218	382.005	845.592	15.2207	0.0808186	26.1646	17.9187	19.97	78.7594	255	0	0	11.6181	1.9959	2.25959	11.82	98.955	0	0	34861	43986.2	48760.8	52908.6	0	0	0	0	0	0	239
DATA	09:03:01:000	2023-12-05	1052640	12.3255	542.322	0.0909056	381.412	849.578	15.2924	0.0810819	26.2902	17.9949	19.997	78.7599	255	0	0	11.6153	1.99584	2.25909	11.82	98.9456	0	0	34854.4	43982.6	48752	52905.1	0	0	0	0	0	0	157
DATA	09:03:02:000	2023-12-05	1052940	12.3039	541.372	0.0907816	380.765	856.02	15.4084	0.0815061	26.491	18.1164	20.0222	78.7624	255	0	0	11.616	1.99602	2.25847	11.82	98.9517	0	0	34863.9	43983.6	48736.5	52905.2	0	0	0	0	0	0	 95
DATA	09:03:03:000	2023-12-05	1053240	12.3109	541.68	0.0908204	381.043	849.721	15.295	0.0810899	26.3003	18.0002	20.0448	78.7557	255	0	0	11.6167	1.99589	2.25922	11.82	98.9441	0	0	34860.6	43981.5	48758.1	52903.5	0	0	0	0	0	0	144
DATA	09:03:04:000	2023-12-05	1053540	12.3083	541.565	0.0908064	380.985	853.294	15.3593	0.081326	26.4124	18.0683	20.0698	78.7578	255	0	0	11.6167	1.99617	2.25959	11.82	98.9439	0	0	34858.4	43978.7	48724.8	52899.3	0	0	0	0	0	0	 14
DATA	09:03:05:000	2023-12-05	1053840	12.2853	540.553	0.0906753	380.293	858.739	15.4573	0.0816859	26.5823	18.1709	20.095	78.7605	255	0	0	11.6174	1.99606	2.26059	11.82	98.9415	0	0	34863.4	43978.7	48711	52898.3	0	0	0	0	0	0	154
DATA	09:03:06:000	2023-12-05	1054140	12.2838	540.487	0.0906678	380.26	862.286	15.5211	0.0819204	26.6931	18.2377	20.1173	78.7636	255	0	0	11.6153	1.99578	2.25984	11.82	98.9335	0	0	34860.2	43977.8	48692	52895.8	0	0	0	0	0	0	149
DATA	09:03:07:000	2023-12-05	1054440	12.2775	540.21	0.0906282	380.111	861.785	15.5121	0.0818834	26.6809	18.2299	20.1429	78.7609	255	0	0	11.616	1.99605	2.26021	11.82	98.9327	0	0	34858.8	43974.9	48697.3	52893	0	0	0	0	0	0	 79
DATA	09:03:08:000	2023-12-05	1054740	12.2921	540.852	0.0907144	380.586	856.519	15.4173	0.0815399	26.5194	18.1336	20.1679	78.763	255	0	0	11.6167	1.99618	2.26121	11.82	98.9367	0	0	34856.4	43975.5	48714.2	52895.6	0	0	0	0	0	0	244
DATA	09:03:09:000	2023-12-05	1055040	12.3042	541.385	0.0907836	381.022	860.325	15.4859	0.0817893	26.6416	18.2054	20.1904	78.7562	255	0	0	11.6153	1.99605	2.26196	11.82	98.9333	0	0	34854.9	43975.1	48697.7	52894.7	0	0	0	0	0	0	 25
DATA	09:03:10:000	2023-12-05	1055340	12.2817	540.395	0.0906556	380.324	861.208	15.5017	0.0818496	26.6688	18.2229	20.2103	78.7618	255	0	0	11.6146	1.99599	2.26233	11.82	98.925	0	0	34856.7	43972	48697.3	52889.8	0	0	0	0	0	0	143
DATA	09:03:11:000	2023-12-05	1055640	12.3034	541.35	0.0907803	381.019	862.185	15.5193	0.0819131	26.7006	18.2419	20.2293	78.7623	255	0	0	11.6167	1.9962	2.26208	11.82	98.9249	0	0	34850.1	43970	48690.3	52888.5	0	0	0	0	0	0	 43
DATA	09:03:12:000	2023-12-05	1055940	12.2716	539.95	0.0905983	380.066	870.635	15.6714	0.0824675	26.9646	18.3983	20.2462	78.7602	255	0	0	11.6153	1.99612	2.26159	11.82	98.9217	0	0	34857.5	43969.3	48659.1	52885	0	0	0	0	0	0	157
DATA	09:03:13:000	2023-12-05	1056240	12.2681	539.796	0.0905764	379.979	874.221	15.736	0.0826996	27.0772	18.465	20.2652	78.7609	255	0	0	11.6188	1.99629	2.26208	11.82	98.9157	0	0	34855.4	43965	48646.3	52880.1	0	0	0	0	0	0	122
DATA	09:03:14:000	2023-12-05	1056540	12.2554	539.238	0.0905051	379.624	872.69	15.7084	0.0826017	27.0325	18.4382	20.2872	78.7587	255	0	0	11.6188	1.99615	2.26258	11.82	98.919	0	0	34859.3	43967.9	48645	52882.8	0	0	0	0	0	0	108
DATA	09:03:15:000	2023-12-05	1056840	12.2334	538.27	0.0903772	378.959	871.267	15.6828	0.0825076	26.9896	18.4133	20.3092	78.7613	255	0	0	11.6174	1.99616	2.26208	11.82	98.9127	0	0	34865	43965	48645.2	52879.3	0	0	0	0	0	0	 60
DATA	09:03:16:000	2023-12-05	1057140	12.2565	539.286	0.0905106	379.717	878.024	15.8044	0.0829485	27.2019	18.5376	20.3276	78.7575	255	0	0	11.6181	1.99614	2.26371	11.82	98.9103	0	0	34860.5	43964.1	48620.2	52878.1	0	0	0	0	0	0	 16
DATA	09:03:17:000	2023-12-05	1057440	12.195	536.58	0.0901583	377.81	885.096	15.9317	0.0834117	27.4209	18.667	20.3489	78.7635	255	0	0	11.6153	1.99619	2.26333	11.82	98.9003	0	0	34861.3	43959.2	48585.8	52869.8	0	0	0	0	0	0	103
DATA	09:03:18:000	2023-12-05	1057740	12.2118	537.319	0.0902551	378.354	878.428	15.8117	0.0829782	27.216	18.5475	20.3737	78.7653	255	0	0	11.6181	1.99612	2.26308	11.82	98.905	0	0	34863.5	43961.9	48615.2	52874.6	0	0	0	0	0	0	187
DATA	09:03:19:000	2023-12-05	1058040	12.177	535.788	0.0900526	377.291	896.174	16.1311	0.0841272	27.767	18.8686	20.3972	78.7683	255	0	0	11.6132	1.9962	2.26321	11.82	98.8952	0	0	34865.6	43956.8	48541.3	52863.9	0	0	0	0	0	0	148
DATA	09:03:20:000	2023-12-05	1058340	12.1907	536.391	0.0901329	377.805	891.054	16.039	0.0837973	27.6149	18.7784	20.4246	78.7571	255	0	0	11.6174	1.99649	2.2647	11.82	98.8983	0	0	34865.5	43955.4	48581.5	52866	0	0	0	0	0	0	113
DATA	09:03:21:000	2023-12-05	1058640	12.1906	536.386	0.0901313	377.829	887.85	15.9813	0.0835885	27.5176	18.7222	20.4505	78.7583	255	0	0	11.6167	1.99631	2.26582	11.82	98.8995	0	0	34867.5	43957.7	48572.7	52867.6	0	0	0	0	0	0	 25
DATA	09:03:22:000	2023-12-05	1058940	12.1884	536.29	0.0901216	377.763	888.971	16.0015	0.0836653	27.5524	18.7436	20.4738	78.7642	255	0	0	11.6174	1.99624	2.26533	11.82	98.8962	0	0	34863.8	43956.9	48568	52867.2	0	0	0	0	0	0	166
DATA	09:03:23:000	2023-12-05	1059240	12.1914	536.422	0.0901374	377.877	893.643	16.0856	0.083966	27.6988	18.8289	20.4999	78.7668	255	0	0	11.6146	1.99652	2.26545	11.82	98.9074	0	0	34866.8	43959.2	48561.5	52870.2	0	0	0	0	0	0	 35
DATA	09:03:24:000	2023-12-05	1059540	12.1718	535.559	0.0900274	377.314	896.361	16.1345	0.0841453	27.7863	18.8788	20.5231	78.7637	255	0	0	11.6139	1.9965	2.26645	11.82	98.9047	0	0	34868.9	43958.2	48540.6	52867.2	0	0	0	0	0	0	  2
DATA	09:03:25:000	2023-12-05	1059840	12.1718	535.559	0.0900229	377.37	897.136	16.1484	0.0841897	27.8145	18.8938	20.5444	78.7577	255	0	0	11.6132	1.99648	2.26595	11.82	98.8948	0	0	34866.1	43954	48536.7	52861.6	0	0	0	0	0	0	188
DATA	09:03:26:000	2023-12-05	1060140	12.1635	535.194	0.0899767	377.115	895.304	16.1155	0.0840736	27.7578	18.8624	20.5693	78.764	255	0	0	11.6146	1.99651	2.2667	11.82	98.8895	0	0	34868.8	43951.3	48540	52859.3	0	0	0	0	0	0	114
DATA	09:03:27:000	2023-12-05	1060440	12.1518	534.679	0.0899099	376.795	899.18	16.1852	0.0843248	27.8812	18.9329	20.5928	78.7612	255	0	0	11.6132	1.99652	2.26682	11.82	98.8855	0	0	34869.8	43949.5	48531.8	52857.3	0	0	0	0	0	0	 39
DATA	09:03:28:000	2023-12-05	1060740	12.1499	534.596	0.0898983	376.743	903.398	16.2612	0.0845965	28.0125	19.009	20.6144	78.7657	255	0	0	11.6119	1.99681	2.26607	11.82	98.8882	0	0	34867.2	43948	48493.4	52851	0	0	0	0	0	0	 72
DATA	09:03:29:000	2023-12-05	1061040	12.1447	534.367	0.0898667	376.648	904.642	16.2836	0.0846742	28.056	19.0324	20.6384	78.7582	255	0	0	11.6132	1.9965	2.26545	11.82	98.8666	0	0	34861.3	43941.3	48486.7	52845.6	0	0	0	0	0	0	197
DATA	09:03:30:000	2023-12-05	1061340	12.1208	533.315	0.0897293	375.929	907.236	16.3302	0.0848426	28.1381	19.0796	20.6621	78.7599	255	0	0	11.6139	1.99663	2.26794	11.82	98.863	0	0	34867.8	43938.4	48479.4	52840.8	0	0	0	0	0	0	253
DATA	09:03:31:000	2023-12-05	1061640	12.1345	533.918	0.089811	376.355	908.924	16.3606	0.0849543	28.1906	19.1106	20.6838	78.7654	255	0	0	11.6132	1.9969	2.26794	11.82	98.8633	0	0	34860.7	43936	48482.1	52839.6	0	0	0	0	0	0	 92
DATA	09:03:32:000	2023-12-05	1061940	12.1379	534.068	0.0898289	376.518	909.921	16.3786	0.0850154	28.2258	19.1295	20.7092	78.7602	255	0	0	11.6132	1.997	2.26732	11.82	98.8609	0	0	34861.1	43934	48479.1	52836.8	0	0	0	0	0	0	 96
DATA	09:03:33:000	2023-12-05	1062240	12.1107	532.871	0.0896713	375.726	912.904	16.4323	0.0852068	28.3222	19.1834	20.7332	78.7558	255	0	0	11.6132	1.99678	2.26832	11.82	98.8581	0	0	34863.8	43934.9	48469.1	52837	0	0	0	0	0	0	177
DATA	09:03:34:000	2023-12-05	1062540	12.1175	533.17	0.089709	375.953	916.406	16.4953	0.0854297	28.4321	19.2461	20.7562	78.7586	255	0	0	11.6139	1.99689	2.26794	11.82	98.8515	0	0	34862	43930.8	48454.5	52831.2	0	0	0	0	0	0	 97
DATA	09:03:35:000	2023-12-05	1062840	12.1027	532.519	0.0896273	375.488	913.636	16.4454	0.0852572	28.3457	19.1988	20.7803	78.7663	255	0	0	11.6139	1.99672	2.26832	11.82	98.8497	0	0	34863.9	43931.7	48457.9	52832.8	0	0	0	0	0	0	 68
DATA	09:03:36:000	2023-12-05	1063140	12.0859	531.78	0.0895316	374.988	917.639	16.5175	0.0855163	28.4715	19.2702	20.8035	78.768	255	0	0	11.6139	1.99706	2.26957	11.82	98.8521	0	0	34865.4	43929.5	48441.5	52831.5	0	0	0	0	0	0	203
DATA	09:03:37:000	2023-12-05	1063440	12.0925	532.07	0.0895673	375.251	916.743	16.5014	0.0854551	28.4481	19.2557	20.8249	78.7616	255	0	0	11.6119	1.99674	2.26957	11.82	98.8392	0	0	34862.8	43926.8	48443.2	52827.8	0	0	0	0	0	0	249
DATA	09:03:38:000	2023-12-05	1063740	12.1136	532.998	0.0896898	375.934	919.581	16.5525	0.0856374	28.5383	19.3066	20.8475	78.7617	255	0	0	11.6126	1.997	2.26994	11.82	98.8427	0	0	34855.9	43925.9	48424.8	52825.5	0	0	0	0	0	0	243
DATA	09:03:39:000	2023-12-05	1064040	12.081	531.564	0.0895002	374.946	922.415	16.6035	0.0858174	28.6281	19.3572	20.8695	78.7627	255	0	0	11.6132	1.99695	2.27044	11.82	98.8402	0	0	34863.6	43925.3	48412.5	52823.5	0	0	0	0	0	0	214
DATA	09:03:40:000	2023-12-05	1064340	12.0852	531.749	0.0895271	375.113	921.062	16.5791	0.0857341	28.5889	19.3347	20.8886	78.76	255	0	0	11.6132	1.99702	2.27094	11.82	98.8353	0	0	34858.2	43922.4	48416.1	52820.9	0	0	0	0	0	0	171
DATA	09:03:41:000	2023-12-05	1064640	12.0792	531.485	0.0894926	374.929	922.94	16.6129	0.0858546	28.6473	19.3687	20.911	78.7657	255	0	0	11.6119	1.99709	2.27144	11.82	98.8284	0	0	34860.2	43918.8	48404.7	52816.4	0	0	0	0	0	0	211
DATA	09:03:42:000	2023-12-05	1064940	12.0651	530.864	0.08941	374.52	927.827	16.7009	0.0861659	28.8013	19.4548	20.9333	78.7655	255	0	0	11.6119	1.99717	2.27169	11.82	98.8255	0	0	34857.8	43916.7	48394.2	52813.6	0	0	0	0	0	0	147
DATA	09:03:43:000	2023-12-05	1065240	12.071	531.124	0.0894415	374.744	927.274	16.6909	0.0861269	28.7872	19.4462	20.9525	78.7621	255	0	0	11.6126	1.99725	2.27144	11.82	98.8272	0	0	34861.3	43916.7	48378.1	52811.5	0	0	0	0	0	0	222
DATA	09:03:44:000	2023-12-05	1065540	12.0626	530.754	0.0893954	374.487	928.819	16.7187	0.0862288	28.8355	19.4742	20.9742	78.7671	255	0	0	11.6126	1.99707	2.27094	11.82	98.8121	0	0	34858.8	43911.7	48377.2	52808.1	0	0	0	0	0	0	 59
DATA	09:03:45:000	2023-12-05	1065840	12.0486	530.138	0.0893143	374.09	930.774	16.7539	0.0863537	28.8991	19.5091	20.9944	78.7645	255	0	0	11.6119	1.99731	2.27106	11.82	98.8139	0	0	34859.7	43910.2	48367.6	52806.3	0	0	0	0	0	0	251
DATA	09:03:46:000	2023-12-05	1066140	12.0533	530.345	0.0893444	374.257	934.786	16.8261	0.0866126	29.0252	19.5794	21.014	78.7655	255	0	0	11.6119	1.99736	2.27069	11.82	98.8113	0	0	34853	43908.5	48359.6	52803.9	0	0	0	0	0	0	131
DATA	09:03:47:000	2023-12-05	1066440	12.0367	529.615	0.0892468	373.743	935.348	16.8363	0.0866465	29.0429	19.5898	21.0277	78.7687	255	0	0	11.6126	1.99744	2.27256	11.82	98.8136	0	0	34861.4	43908.8	48350.9	52803.6	0	0	0	0	0	0	 66
DATA	09:03:48:000	2023-12-05	1066740	12.0351	529.544	0.0892334	373.746	936.245	16.8524	0.0866981	29.0748	19.6062	21.0457	78.7624	255	0	0	11.6098	1.99724	2.27318	11.82	98.7951	0	0	34858.7	43902.5	48337.9	52794.7	0	0	0	0	0	0	 61
DATA	09:03:49:000	2023-12-05	1067040	12.0133	528.585	0.0891098	373.09	937.757	16.8796	0.0867983	29.1234	19.6333	21.0661	78.7635	255	0	0	11.6112	1.99769	2.27268	11.82	98.8013	0	0	34860.2	43901	48331.8	52792.8	0	0	0	0	0	0	148
DATA	09:03:50:000	2023-12-05	1067340	12.0171	528.752	0.0891326	373.239	941.136	16.9404	0.0870132	29.2307	19.6924	21.0868	78.7625	255	0	0	11.6112	1.99749	2.27356	11.82	98.7963	0	0	34855	43900.7	48323.2	52792.6	0	0	0	0	0	0	167
DATA	09:03:51:000	2023-12-05	1067640	12.0054	528.238	0.0890643	372.891	941.173	16.9411	0.0870152	29.2331	19.694	21.1052	78.7643	255	0	0	11.6105	1.99766	2.27343	11.82	98.7894	0	0	34856.2	43896	48316.1	52788	0	0	0	0	0	0	 24
DATA	09:03:52:000	2023-12-05	1067940	12.0317	529.395	0.0892171	373.722	942.973	16.9735	0.0871295	29.2901	19.7259	21.125	78.7665	255	0	0	11.6112	1.99767	2.27368	11.82	98.7817	0	0	34851.6	43892.5	48295.4	52783.8	0	0	0	0	0	0	 10
DATA	09:03:53:000	2023-12-05	1068240	12.0095	528.418	0.0890888	373.071	946.841	17.0431	0.0873753	29.4133	19.793	21.1448	78.7637	255	0	0	11.6112	1.99794	2.27368	11.82	98.7774	0	0	34851.5	43888	48289.2	52779.1	0	0	0	0	0	0	162
DATA	09:03:54:000	2023-12-05	1068540	12.0006	528.026	0.0890382	372.807	948.816	17.0787	0.0875021	29.4756	19.8275	21.1622	78.7657	255	0	0	11.6112	1.99779	2.27543	11.82	98.7661	0	0	34849.5	43884.4	48258.8	52771.1	0	0	0	0	0	0	 46
DATA	09:03:55:000	2023-12-05	1068840	12.0062	528.273	0.0890686	373.016	950.951	17.1171	0.0876338	29.5447	19.8649	21.1825	78.7638	255	0	0	11.6112	1.99793	2.27518	11.82	98.7618	0	0	34846.6	43881.2	48270.7	52768.8	0	0	0	0	0	0	 55
DATA	09:03:56:000	2023-12-05	1069140	11.9974	527.886	0.0890184	372.752	951.184	17.1213	0.0876499	29.5527	19.8701	21.2047	78.7677	255	0	0	11.6105	1.99796	2.27568	11.82	98.7528	0	0	34844.5	43876.9	48260.8	52765.4	0	0	0	0	0	0	 81
DATA	09:03:57:000	2023-12-05	1069440	11.9887	527.503	0.0889682	372.508	952.07	17.1373	0.0877065	29.5823	19.8863	21.2259	78.7678	255	0	0	11.6112	1.99807	2.2763	11.82	98.7491	0	0	34840.7	43874.2	48263.8	52762.1	0	0	0	0	0	0	216
DATA	09:03:58:000	2023-12-05	1069740	12.0001	528.004	0.0890368	372.877	952.138	17.1385	0.0877136	29.5856	19.8884	21.2437	78.7695	255	0	0	11.6105	1.99789	2.27692	11.82	98.7463	0	0	34842	43874.7	48244	52762.2	0	0	0	0	0	0	120
DATA	09:03:59:000	2023-12-05	1070040	11.994	527.736	0.088998	372.75	954.803	17.1865	0.0878772	29.6734	19.9346	21.2635	78.7615	255	0	0	11.6105	1.99822	2.2773	11.82	98.7435	0	0	34841.3	43870.3	48242.2	52755.8	0	0	0	0	0	0	106
DATA	09:04:00:000	2023-12-05	1070340	11.9872	527.437	0.0889582	372.57	955.904	17.2063	0.0879459	29.7101	19.9543	21.284	78.7604	255	0	0	11.6098	1.9981	2.27755	11.82	98.7323	0	0	34848.8	43866.5	48222.1	52750.2	0	0	0	0	0	0	141
DATA	09:04:01:000	2023-12-05	1070640	11.9653	526.473	0.0888341	371.882	956.14	17.2105	0.0879655	29.7169	19.9594	21.3045	78.7674	255	0	0	11.6105	1.99821	2.27642	11.82	98.7242	0	0	34839	43861.9	48219.7	52747.4	0	0	0	0	0	0	150
DATA	09:04:02:000	2023-12-05	1070940	11.9564	526.082	0.0887836	371.615	959.759	17.2757	0.0881952	29.8301	20.0215	21.3243	78.7707	255	0	0	11.6112	1.99819	2.27804	11.82	98.7204	0	0	34835.3	43860.3	48206.6	52745.4	0	0	0	0	0	0	 11
DATA	09:04:03:000	2023-12-05	1071240	11.9641	526.42	0.0888283	371.905	965.94	17.3869	0.0885841	30.0264	20.1262	21.3424	78.7647	255	0	0	11.6105	1.99857	2.27879	11.82	98.7211	0	0	34833.3	43857.1	48181	52738.7	0	0	0	0	0	0	 74
DATA	09:04:04:000	2023-12-05	1071540	11.9576	526.134	0.0887875	371.721	965.676	17.3822	0.0885632	30.0196	20.1228	21.3609	78.7659	255	0	0	11.6105	1.99867	2.27742	11.82	98.7019	0	0	34833.2	43847.6	48184.5	52730.7	0	0	0	0	0	0	 29
DATA	09:04:05:000	2023-12-05	1071840	11.9483	525.725	0.088734	371.44	965.326	17.3759	0.088542	30.0094	20.1179	21.3781	78.7687	255	0	0	11.6105	1.99849	2.2778	11.82	98.6865	0	0	34828.6	43842.5	48176.2	52725	0	0	0	0	0	0	253
DATA	09:04:06:000	2023-12-05	1072140	11.9458	525.615	0.0887236	371.398	966.606	17.3989	0.0886283	30.0521	20.1404	21.3978	78.7664	255	0	0	11.6112	1.99857	2.27829	11.82	98.6705	0	0	34820.6	43834.6	48162.7	52715.4	0	0	0	0	0	0	 33
DATA	09:04:07:000	2023-12-05	1072440	11.9438	525.527	0.0887083	371.348	968.586	17.4345	0.0887474	30.1146	20.1747	21.4194	78.7697	255	0	0	11.6098	1.99864	2.27879	11.82	98.6688	0	0	34823.2	43833.2	48153.6	52713	0	0	0	0	0	0	217
DATA	09:04:08:000	2023-12-05	1072740	11.9194	524.454	0.0885653	370.645	966.704	17.4007	0.0886279	30.0605	20.1444	21.4406	78.7636	255	0	0	11.6098	1.99876	2.28016	11.82	98.665	0	0	34824.1	43830.4	48153.4	52711.6	0	0	0	0	0	0	210
DATA	09:04:09:000	2023-12-05	1073040	11.93	524.92	0.0886301	370.955	970.031	17.4606	0.0888406	30.1624	20.2009	21.4582	78.7725	255	0	0	11.6084	1.9989	2.28066	11.82	98.6643	0	0	34816.5	43828.8	48145.5	52710.7	0	0	0	0	0	0	 50
DATA	09:04:10:000	2023-12-05	1073340	11.938	525.272	0.0886742	371.257	972.683	17.5083	0.0890036	30.2492	20.2461	21.4761	78.7659	255	0	0	11.6105	1.99893	2.28054	11.82	98.661	0	0	34819.7	43826.9	48129.6	52707.4	0	0	0	0	0	0	171
DATA	09:04:11:000	2023-12-05	1073640	11.8994	523.574	0.088449	370.08	975.197	17.5535	0.0891604	30.3293	20.2888	21.494	78.7657	255	0	0	11.6091	1.9989	2.27992	11.82	98.6443	0	0	34819.2	43819.8	48120	52698	0	0	0	0	0	0	169
DATA	09:04:12:000	2023-12-05	1073940	11.9024	523.706	0.0884693	370.2	976.292	17.5733	0.0892334	30.3656	20.308	21.5133	78.7652	255	0	0	11.6084	1.99873	2.28091	11.82	98.6223	0	0	34818.1	43811.6	48103.6	52689.6	0	0	0	0	0	0	101
DATA	09:04:13:000	2023-12-05	1074240	11.899	523.556	0.0884495	370.123	977.149	17.5887	0.0892862	30.3946	20.3232	21.5304	78.7637	255	0	0	11.6071	1.9989	2.28228	11.82	98.6215	0	0	34810.4	43809.7	48098.1	52688	0	0	0	0	0	0	 92
DATA	09:04:14:000	2023-12-05	1074540	11.8994	523.574	0.0884504	370.158	980.599	17.6508	0.0894998	30.5038	20.3813	21.5505	78.7642	255	0	0	11.6098	1.99926	2.28104	11.82	98.6123	0	0	34812.7	43802.2	48080.3	52679.3	0	0	0	0	0	0	 26
DATA	09:04:15:000	2023-12-05	1074840	11.873	522.412	0.0882956	369.347	980.337	17.6461	0.0894828	30.4965	20.3781	21.5695	78.767	255	0	0	11.6084	1.99918	2.28204	11.82	98.5906	0	0	34801.4	43793.3	48073	52670.8	0	0	0	0	0	0	 99
DATA	09:04:16:000	2023-12-05	1075140	11.8601	521.844	0.0882228	368.982	984.617	17.7231	0.089753	30.6326	20.4496	21.5874	78.7641	255	0	0	11.6091	1.99912	2.28228	11.82	98.5683	0	0	34803.6	43783.9	48050.6	52657.9	0	0	0	0	0	0	241
