Model:	 LI-7500
SN:	75D-4923
Timestamp:	Dec 5 2023 at 3:10:50
DATAH	Time	Date	Sequence Number	CO2 (mmol/m^3)	CO2 (mg/m^3)	CO2 Absorptance	CO2 (umol/mol)	H2O (mmol/m^3)	H2O (g/m^3)	H2O Absorptance	H2O (mmol/mol)	Dew Point (C)	Temperature (C)	Pressure (kPa)	Diagnostic Value	Diagnostic Value 2	Diagnostic Word	DSI Vin (v)	Cooler Voltage (v)	Chopper Cooler Voltage (v)	Smart Flux Vin (v)	CO2 Signal Strength	Integral	Peak Height	CO2 Sample	CO2 Reference	H2O Sample	H2O Reference	CH4 Seconds	CH4 Nano Seconds	CH4 (umol/mol)	CH4 (mmol/m^3)	CH4 Signal Strength (RSSI)	CH4 Diagnostic Value	CHK
DATA	09:10:48:000	2023-12-05	1192740	13.2679	583.788	0.0962404	412.069	723.383	13.0209	0.0724969	22.4665	15.5233	21.133	78.7784	255	0	0	11.5658	2.02465	2.3263	11.82	99.0655	0	0	34476.7	43755.5	48983.4	52614.2	0	0	0	0	0	0	172
DATA	09:10:49:000	2023-12-05	1193040	13.2666	583.73	0.0962295	412.063	722.406	13.0033	0.0724244	22.438	15.5033	21.153	78.7773	255	0	0	11.5679	2.02478	2.3268	11.82	99.0638	0	0	34478	43753.5	48962	52610.6	0	0	0	0	0	0	 91
DATA	09:10:50:000	2023-12-05	1193340	13.2266	581.97	0.0960082	410.815	736.188	13.2514	0.0733909	22.8658	15.7993	21.1715	78.7832	255	0	0	11.5686	2.02492	2.32692	11.82	99.0741	0	0	34490.5	43756.6	48895.7	52608.8	0	0	0	0	0	0	229
DATA	09:10:51:000	2023-12-05	1193640	13.2095	581.218	0.0959132	410.326	729.824	13.1368	0.0729469	22.6705	15.6648	21.1928	78.7809	255	0	0	11.5693	2.02457	2.32668	11.82	99.0735	0	0	34491.1	43759.8	48948.6	52615.9	0	0	0	0	0	0	 33
DATA	09:10:52:000	2023-12-05	1193940	13.1649	579.256	0.0956646	408.971	737.187	13.2694	0.0734619	22.9009	15.8229	21.2157	78.7811	255	0	0	11.5693	2.02474	2.32742	11.82	99.0809	0	0	34506.3	43761.4	48918.4	52616.9	0	0	0	0	0	0	 30
DATA	09:10:53:000	2023-12-05	1194240	13.1275	577.61	0.0954555	407.84	742.095	13.3577	0.0738039	23.0551	15.9277	21.2359	78.7806	255	0	0	11.5686	2.0248	2.3273	11.82	99.0662	0	0	34504.6	43754.4	48899.6	52605.8	0	0	0	0	0	0	 71
DATA	09:10:54:000	2023-12-05	1194540	13.1259	577.54	0.0954451	407.835	745.115	13.4121	0.0740119	23.1515	15.9926	21.2599	78.7783	255	0	0	11.5686	2.02487	2.3273	11.82	99.0559	0	0	34503.4	43749.1	48876	52598.4	0	0	0	0	0	0	 72
DATA	09:10:55:000	2023-12-05	1194840	13.0917	576.035	0.0952558	406.793	758.711	13.6568	0.0749546	23.5751	16.2773	21.2851	78.7812	255	0	0	11.5693	2.02476	2.32805	11.82	99.0578	0	0	34515	43751	48806.8	52598.1	0	0	0	0	0	0	 93
DATA	09:10:56:000	2023-12-05	1195140	13.126	577.544	0.0954463	407.927	748.6	13.4748	0.0742542	23.2648	16.0684	21.3116	78.775	255	0	0	11.5693	2.02479	2.32742	11.82	99.0595	0	0	34507.9	43751.5	48866	52602	0	0	0	0	0	0	127
DATA	09:10:57:000	2023-12-05	1195440	13.0817	575.595	0.0951978	406.561	755.486	13.5987	0.0747305	23.4794	16.2133	21.3378	78.78	255	0	0	11.5686	2.02492	2.32817	11.82	99.0567	0	0	34514.4	43748.9	48824.7	52595.9	0	0	0	0	0	0	213
DATA	09:10:58:000	2023-12-05	1195740	13.0469	574.064	0.095007	405.516	766.153	13.7908	0.0754695	23.8131	16.4348	21.3635	78.7798	255	0	0	11.5686	2.02459	2.3268	11.82	99.0332	0	0	34515.8	43741.8	48784	52586.4	0	0	0	0	0	0	 87
DATA	09:10:59:000	2023-12-05	1196040	13.0342	573.505	0.0949318	405.156	766.167	13.791	0.0754662	23.8156	16.4363	21.3866	78.7791	255	0	0	11.5679	2.02467	2.32742	11.82	99.0344	0	0	34515.9	43741.6	48786.4	52584.1	0	0	0	0	0	0	224
DATA	09:11:00:000	2023-12-05	1196340	13.0209	572.92	0.0948574	404.82	772.383	13.9029	0.0758926	24.0134	16.5647	21.4126	78.7711	255	0	0	11.5686	2.02475	2.32767	11.82	99.0455	0	0	34526.7	43745.7	48744.1	52587	0	0	0	0	0	0	 63
DATA	09:11:01:000	2023-12-05	1196640	12.9678	570.583	0.0945604	403.178	786.645	14.1596	0.0768671	24.4574	16.8542	21.4394	78.7764	255	0	0	11.5672	2.02475	2.3278	11.82	99.0419	0	0	34531.9	43744.1	48715.7	52583.2	0	0	0	0	0	0	239
DATA	09:11:02:000	2023-12-05	1196940	12.9614	570.302	0.0945238	402.985	787.55	14.1759	0.0769277	24.4858	16.8736	21.463	78.7817	255	0	0	11.5672	2.0247	2.32904	11.82	99.0237	0	0	34527.2	43736.6	48704.6	52575.2	0	0	0	0	0	0	129
DATA	09:11:03:000	2023-12-05	1197240	12.9447	569.567	0.0944342	402.477	788.397	14.1911	0.0769902	24.5129	16.892	21.4902	78.7867	255	0	0	11.5679	2.02474	2.32892	11.82	99.0191	0	0	34529.6	43734.1	48691.6	52572	0	0	0	0	0	0	146
DATA	09:11:04:000	2023-12-05	1197540	12.8953	567.393	0.0941515	401.015	801.577	14.4284	0.0778782	24.9273	17.155	21.5165	78.7792	255	0	0	11.5679	2.02455	2.32842	11.82	98.9995	0	0	34533.9	43727.4	48641	52561.4	0	0	0	0	0	0	134
DATA	09:11:05:000	2023-12-05	1197840	12.9076	567.934	0.0942234	401.425	795.392	14.3171	0.077463	24.7366	17.0341	21.5427	78.7808	255	0	0	11.5679	2.02455	2.32967	11.82	98.9982	0	0	34530.9	43726.8	48655.3	52560.1	0	0	0	0	0	0	228
DATA	09:11:06:000	2023-12-05	1198140	12.8899	567.156	0.0941242	400.913	801.963	14.4353	0.0779076	24.9434	17.1656	21.5715	78.7809	255	0	0	11.5672	2.02494	2.32904	11.82	99.0096	0	0	34535.6	43727.9	48635.6	52560.7	0	0	0	0	0	0	 21
DATA	09:11:07:000	2023-12-05	1198440	12.8965	567.446	0.094161	401.163	798.534	14.3736	0.0776754	24.8395	17.0992	21.5961	78.7788	255	0	0	11.5651	2.02486	2.32929	11.82	99.0035	0	0	34535.5	43726	48638.2	52559.4	0	0	0	0	0	0	152
DATA	09:11:08:000	2023-12-05	1198740	12.8636	565.998	0.0939764	400.154	806.424	14.5156	0.0782092	25.0858	17.2561	21.6237	78.7833	255	0	0	11.5713	2.02481	2.32954	11.82	99.0001	0	0	34539	43725	48613.4	52555.3	0	0	0	0	0	0	 61
DATA	09:11:09:000	2023-12-05	1199040	12.8276	564.414	0.0937709	399.099	815.84	14.6851	0.0788392	25.3828	17.4412	21.6519	78.7781	255	0	0	11.5706	2.02462	2.33092	11.82	98.9939	0	0	34546.2	43724.2	48579.6	52552.5	0	0	0	0	0	0	252
DATA	09:11:10:000	2023-12-05	1199340	12.8124	563.746	0.0936874	398.671	820.402	14.7672	0.0791474	25.5277	17.531	21.6777	78.776	255	0	0	11.5686	2.02476	2.33104	11.82	98.9943	0	0	34550.8	43722.9	48555	52549.8	0	0	0	0	0	0	 93
DATA	09:11:11:000	2023-12-05	1199640	12.7855	562.562	0.0935362	397.846	823.948	14.8311	0.0793855	25.6388	17.6009	21.7068	78.7814	255	0	0	11.5699	2.02467	2.33116	11.82	98.988	0	0	34550.8	43721.1	48542.9	52546	0	0	0	0	0	0	154
DATA	09:11:12:000	2023-12-05	1199940	12.77	561.88	0.0934488	397.399	827.777	14.9	0.0796418	25.7602	17.6759	21.7346	78.7819	255	0	0	11.5672	2.02484	2.33129	11.82	98.9893	0	0	34557.7	43719.9	48514.9	52544.6	0	0	0	0	0	0	 40
DATA	09:11:13:000	2023-12-05	1200240	12.6831	558.056	0.0929562	394.748	848.485	15.2727	0.081016	26.4082	18.0699	21.7618	78.7785	255	0	0	11.5672	2.02484	2.33204	11.82	98.9918	0	0	34567.3	43721	48478.2	52542.8	0	0	0	0	0	0	127
DATA	09:11:14:000	2023-12-05	1200540	12.7311	560.168	0.0932258	396.298	835.905	15.0463	0.0801791	26.0204	17.834	21.7911	78.7751	255	0	0	11.5699	2.02482	2.33204	11.82	99.004	0	0	34566.4	43726.7	48511.2	52549.6	0	0	0	0	0	0	125
DATA	09:11:15:000	2023-12-05	1200840	12.7195	559.658	0.0931634	395.947	840.264	15.1248	0.0804724	26.1567	17.9181	21.8178	78.7803	255	0	0	11.5693	2.02478	2.33116	11.82	99.0202	0	0	34578.2	43734.2	48491.3	52558.8	0	0	0	0	0	0	 10
DATA	09:11:16:000	2023-12-05	1201140	12.7146	559.442	0.093133	395.872	844.135	15.1944	0.0807254	26.2823	17.9926	21.8454	78.7723	255	0	0	11.5699	2.02476	2.33204	11.82	99.0222	0	0	34580.3	43735.3	48477.6	52559.2	0	0	0	0	0	0	198
DATA	09:11:17:000	2023-12-05	1201440	12.6374	556.046	0.0926975	393.457	856.178	15.4112	0.0815239	26.6565	18.2196	21.8731	78.7819	255	0	0	11.5699	2.02471	2.33166	11.82	99.0262	0	0	34593.1	43737.5	48443.8	52558.2	0	0	0	0	0	0	 21
DATA	09:11:18:000	2023-12-05	1201740	12.6422	556.257	0.0927231	393.679	857.217	15.4299	0.0815906	26.6938	18.2404	21.9007	78.7747	255	0	0	11.5693	2.02474	2.33316	11.82	99.0153	0	0	34595.6	43732.4	48418.3	52552	0	0	0	0	0	0	165
DATA	09:11:19:000	2023-12-05	1202040	12.6401	556.164	0.0927135	393.602	858.025	15.4445	0.0816463	26.7182	18.2569	21.9283	78.7844	255	0	0	11.5651	2.02506	2.33191	11.82	99.0097	0	0	34589.3	43726.8	48413.8	52545.3	0	0	0	0	0	0	245
DATA	09:11:20:000	2023-12-05	1202340	12.6199	555.276	0.0925992	393.02	862.731	15.5292	0.0819557	26.8679	18.3454	21.9533	78.7817	255	0	0	11.5658	2.025	2.33366	11.82	99.0257	0	0	34597.1	43734.4	48411.2	52553.2	0	0	0	0	0	0	112
DATA	09:11:21:000	2023-12-05	1202640	12.5828	553.643	0.0923876	391.894	875.081	15.7515	0.0827632	27.2546	18.5735	21.9774	78.7822	255	0	0	11.5658	2.02485	2.33416	11.82	99.0396	0	0	34614.2	43742.1	48367.4	52559.3	0	0	0	0	0	0	 22
DATA	09:11:22:000	2023-12-05	1202940	12.5541	552.38	0.0922215	391.072	880.327	15.8459	0.0831024	27.423	18.6704	22.0021	78.7744	255	0	0	11.5665	2.0249	2.33353	11.82	99.0409	0	0	34621.1	43742.1	48342.1	52558.2	0	0	0	0	0	0	 41
DATA	09:11:23:000	2023-12-05	1203240	12.5241	551.06	0.0920525	390.151	887.78	15.98	0.0835891	27.6561	18.8065	22.0267	78.7782	255	0	0	11.5651	2.02482	2.33279	11.82	99.0295	0	0	34623.3	43737.9	48308.9	52550.9	0	0	0	0	0	0	 51
DATA	09:11:24:000	2023-12-05	1203540	12.5478	552.103	0.0921877	390.929	882.205	15.8797	0.083227	27.4852	18.7072	22.052	78.777	255	0	0	11.5658	2.0248	2.33303	11.82	99.0362	0	0	34619	43741	48351.5	52557.7	0	0	0	0	0	0	109
DATA	09:11:25:000	2023-12-05	1203840	12.5302	551.329	0.0920866	390.445	887.72	15.979	0.0835843	27.6616	18.8083	22.0789	78.7712	255	0	0	11.5658	2.0249	2.33341	11.82	99.0319	0	0	34620.4	43738.2	48325.1	52552.3	0	0	0	0	0	0	101
DATA	09:11:26:000	2023-12-05	1204140	12.515	550.66	0.0919985	390.026	890.815	16.0347	0.0837838	27.762	18.8653	22.1023	78.7663	255	0	0	11.5658	2.02488	2.33316	11.82	99.0209	0	0	34620.2	43733.5	48306.5	52545.7	0	0	0	0	0	0	 92
DATA	09:11:27:000	2023-12-05	1204440	12.4786	549.058	0.091796	388.853	900.076	16.2014	0.0843897	28.0478	19.0322	22.1258	78.7804	255	0	0	11.5644	2.02519	2.33428	11.82	99.0065	0	0	34621.8	43724	48262.3	52534	0	0	0	0	0	0	  3
DATA	09:11:28:000	2023-12-05	1204740	12.4516	547.87	0.0916394	388.054	905.614	16.3011	0.0847435	28.2235	19.1319	22.151	78.7785	255	0	0	11.5644	2.02498	2.33416	11.82	98.9782	0	0	34618.3	43713.7	48224.9	52519.6	0	0	0	0	0	0	159
DATA	09:11:29:000	2023-12-05	1205040	12.4267	546.775	0.0914977	387.31	911.236	16.4022	0.0851067	28.401	19.2326	22.1752	78.7785	255	0	0	11.5651	2.02465	2.33466	11.82	98.9575	0	0	34620.8	43707.8	48181.4	52509.1	0	0	0	0	0	0	145
DATA	09:11:30:000	2023-12-05	1205340	12.4074	545.926	0.0913875	386.739	917.754	16.5196	0.0855246	28.6064	19.3483	22.1984	78.7785	255	0	0	11.5651	2.02503	2.33528	11.82	98.9645	0	0	34624.6	43707.1	48171.8	52510.2	0	0	0	0	0	0	 14
DATA	09:11:31:000	2023-12-05	1205640	12.3675	544.17	0.0911588	385.526	924.4	16.6392	0.0859503	28.8158	19.4657	22.2244	78.7792	255	0	0	11.5644	2.02498	2.33615	11.82	98.9602	0	0	34634.5	43705.7	48131.1	52504.8	0	0	0	0	0	0	108
DATA	09:11:32:000	2023-12-05	1205940	12.3971	545.472	0.0913274	386.487	919.593	16.5527	0.0856417	28.6688	19.3832	22.2491	78.778	255	0	0	11.5638	2.02497	2.33503	11.82	98.9498	0	0	34621.6	43701.2	48158.6	52503.2	0	0	0	0	0	0	238
DATA	09:11:33:000	2023-12-05	1206240	12.3835	544.874	0.0912528	386.089	924.035	16.6326	0.0859301	28.8093	19.4621	22.2751	78.7796	255	0	0	11.5638	2.02499	2.33665	11.82	98.9522	0	0	34625.2	43702.1	48146.2	52504	0	0	0	0	0	0	156
DATA	09:11:34:000	2023-12-05	1206540	12.3847	544.927	0.0912562	386.183	925.631	16.6614	0.0860271	28.8633	19.4913	22.302	78.7751	255	0	0	11.5658	2.02501	2.33428	11.82	98.9485	0	0	34623.7	43700.2	48136.3	52500.1	0	0	0	0	0	0	177
DATA	09:11:35:000	2023-12-05	1206840	12.364	544.016	0.0911365	385.575	929.121	16.7242	0.0862485	28.9749	19.5532	22.3254	78.7737	255	0	0	11.5644	2.02505	2.33603	11.82	98.9422	0	0	34626.2	43697.1	48121.5	52496.4	0	0	0	0	0	0	200
DATA	09:11:36:000	2023-12-05	1207140	12.3623	543.941	0.0911317	385.527	929.826	16.7369	0.0862999	28.9973	19.5667	22.3491	78.779	255	0	0	11.5638	2.02496	2.33678	11.82	98.9399	0	0	34629.4	43696.9	48108.6	52494.6	0	0	0	0	0	0	 37
DATA	09:11:37:000	2023-12-05	1207440	12.3232	542.221	0.090903	384.397	940.035	16.9206	0.0869439	29.3225	19.7438	22.3721	78.7668	255	0	0	11.5638	2.02494	2.33715	11.82	98.9359	0	0	34632.2	43695.4	48074.5	52490.7	0	0	0	0	0	0	212
DATA	09:11:38:000	2023-12-05	1207740	12.3094	541.614	0.0908263	383.963	940.689	16.9324	0.0869888	29.3426	19.7562	22.3948	78.7736	255	0	0	11.5644	2.02512	2.3369	11.82	98.9342	0	0	34634	43692.8	48066.1	52487	0	0	0	0	0	0	 55
DATA	09:11:39:000	2023-12-05	1208040	12.2939	540.932	0.090737	383.492	944.245	16.9964	0.0872143	29.4545	19.8182	22.4154	78.7766	255	0	0	11.5644	2.02518	2.33802	11.82	98.9317	0	0	34634.2	43691.1	48061.2	52485.6	0	0	0	0	0	0	214
DATA	09:11:40:000	2023-12-05	1208340	12.2959	541.02	0.0907515	383.572	943.264	16.9788	0.0871559	29.4252	19.8027	22.4389	78.7793	255	0	0	11.5638	2.02514	2.3384	11.82	98.9245	0	0	34632.3	43688.3	48058.5	52483.1	0	0	0	0	0	0	179
DATA	09:11:41:000	2023-12-05	1208640	12.2633	539.585	0.0905613	382.588	953.262	17.1587	0.0877853	29.7397	19.9741	22.4616	78.7785	255	0	0	11.5624	2.02504	2.33877	11.82	98.9183	0	0	34638.3	43686.6	48018.8	52477.4	0	0	0	0	0	0	 58
DATA	09:11:42:000	2023-12-05	1208940	12.2635	539.594	0.090563	382.613	954.908	17.1883	0.0878898	29.7925	20.0032	22.4851	78.7808	255	0	0	11.5638	2.02509	2.33815	11.82	98.9259	0	0	34638	43689.5	48027	52481.8	0	0	0	0	0	0	 55
DATA	09:11:43:000	2023-12-05	1209240	12.2575	539.33	0.0905313	382.478	955.363	17.1965	0.0879219	29.8107	20.0122	22.5096	78.7767	255	0	0	11.5624	2.02524	2.33815	11.82	98.9193	0	0	34640.2	43685	48009	52475.9	0	0	0	0	0	0	 11
DATA	09:11:44:000	2023-12-05	1209540	12.2071	537.112	0.0902407	380.905	961.785	17.3121	0.0883273	30.0111	20.1218	22.533	78.7829	255	0	0	11.5638	2.02524	2.33927	11.82	98.9165	0	0	34647.6	43683.8	47977.7	52470.8	0	0	0	0	0	0	185
DATA	09:11:45:000	2023-12-05	1209840	12.1768	535.779	0.0900645	380.019	971.523	17.4874	0.0889366	30.3197	20.2858	22.5535	78.7761	255	0	0	11.5631	2.02524	2.33902	11.82	98.9023	0	0	34657.5	43677.5	47921.4	52461.6	0	0	0	0	0	0	 17
DATA	09:11:46:000	2023-12-05	1210140	12.1311	533.768	0.0898	378.628	979.925	17.6386	0.0894613	30.5848	20.4266	22.5787	78.7754	255	0	0	11.5631	2.02529	2.33989	11.82	98.9026	0	0	34652.6	43677.1	47932.4	52462.3	0	0	0	0	0	0	140
DATA	09:11:47:000	2023-12-05	1210440	12.1656	535.286	0.0900003	379.729	974.128	17.5343	0.0891004	30.4058	20.3319	22.603	78.777	255	0	0	11.561	2.02548	2.33927	11.82	98.9029	0	0	34651	43675.3	47931.2	52459.8	0	0	0	0	0	0	242
DATA	09:11:48:000	2023-12-05	1210740	12.1688	535.427	0.0900186	379.885	973.928	17.5307	0.0890874	30.404	20.3297	22.6237	78.7708	255	0	0	11.5603	2.02544	2.34126	11.82	98.901	0	0	34650.4	43675	47937	52460.3	0	0	0	0	0	0	215
DATA	09:11:49:000	2023-12-05	1211040	12.1698	535.471	0.0900233	379.909	974.048	17.5329	0.0890939	30.4072	20.3329	22.6464	78.7784	255	0	0	11.5617	2.02526	2.34014	11.82	98.9113	0	0	34657.9	43681.2	47930.3	52466.1	0	0	0	0	0	0	251
DATA	09:11:50:000	2023-12-05	1211340	12.136	533.984	0.0898307	378.891	984.531	17.7216	0.0897523	30.7375	20.5076	22.669	78.7766	255	0	0	11.5624	2.02544	2.34064	11.82	98.9708	0	0	34680.9	43705.8	47928.4	52494.1	0	0	0	0	0	0	183
DATA	09:11:51:000	2023-12-05	1211640	12.1261	533.548	0.0897715	378.609	983.505	17.7031	0.0896854	30.7076	20.4918	22.6904	78.7767	255	0	0	11.5624	2.02559	2.34126	11.82	98.9924	0	0	34693.8	43713.8	47940.1	52502.5	0	0	0	0	0	0	 16
DATA	09:11:52:000	2023-12-05	1211940	12.1066	532.69	0.0896603	378.023	985.313	17.7356	0.0898006	30.766	20.5225	22.7072	78.7763	255	0	0	11.5624	2.02559	2.34164	11.82	98.9896	0	0	34692.6	43712.6	47933.8	52500.2	0	0	0	0	0	0	157
DATA	09:11:53:000	2023-12-05	1212240	12.097	532.268	0.0896036	377.745	992.277	17.861	0.0902326	30.9852	20.6379	22.727	78.7771	255	0	0	11.561	2.02548	2.34164	11.82	98.9873	0	0	34696.6	43712.7	47906	52500	0	0	0	0	0	0	128
DATA	09:11:54:000	2023-12-05	1212540	12.0861	531.788	0.0895383	377.441	995.069	17.9112	0.0904029	31.0753	20.6846	22.7472	78.775	255	0	0	11.5617	2.02543	2.34151	11.82	98.9793	0	0	34699.2	43709.6	47895.5	52495.2	0	0	0	0	0	0	234
DATA	09:11:55:000	2023-12-05	1212840	12.027	529.188	0.0892012	375.585	1001.56	18.0281	0.0908136	31.2772	20.7913	22.768	78.7826	255	0	0	11.5631	2.02537	2.34201	11.82	98.971	0	0	34707.2	43706.5	47857.7	52488.2	0	0	0	0	0	0	 83
DATA	09:11:56:000	2023-12-05	1213140	12.0212	528.933	0.0891638	375.451	1003.91	18.0704	0.090954	31.3545	20.8304	22.7858	78.7775	255	0	0	11.5624	2.02555	2.34201	11.82	98.9692	0	0	34703.4	43704	47862.8	52488.4	0	0	0	0	0	0	 84
DATA	09:11:57:000	2023-12-05	1213440	12.0347	529.527	0.0892456	375.885	1006.97	18.1255	0.0911479	31.4511	20.881	22.8073	78.7807	255	0	0	11.5624	2.02552	2.34301	11.82	98.9676	0	0	34703	43703.5	47857	52488	0	0	0	0	0	0	164
DATA	09:11:58:000	2023-12-05	1213740	12.0423	529.861	0.089288	376.168	1004.75	18.0855	0.0910074	31.3856	20.8463	22.8288	78.7767	255	0	0	11.5617	2.02557	2.34314	11.82	98.9673	0	0	34700.9	43703	47853.3	52487	0	0	0	0	0	0	 22
DATA	09:11:59:000	2023-12-05	1214040	12.0327	529.439	0.0892335	375.874	1008.5	18.153	0.0912412	31.5032	20.9079	22.848	78.7807	255	0	0	11.5617	2.02584	2.34326	11.82	98.9731	0	0	34703.8	43702.8	47838.8	52485.5	0	0	0	0	0	0	 96
DATA	09:12:00:000	2023-12-05	1214340	12.0242	529.065	0.0891849	375.604	1011.07	18.1993	0.091401	31.5831	20.9503	22.8653	78.7863	255	0	0	11.5631	2.02562	2.34363	11.82	98.9656	0	0	34705.2	43701.7	47829.7	52484.9	0	0	0	0	0	0	176
DATA	09:12:01:000	2023-12-05	1214640	12.0195	528.858	0.0891583	375.509	1013.1	18.2358	0.0915281	31.6509	20.9838	22.8816	78.7796	255	0	0	11.561	2.02593	2.34239	11.82	98.9753	0	0	34706.1	43702.8	47821	52484.4	0	0	0	0	0	0	 59
DATA	09:12:02:000	2023-12-05	1214940	11.9993	527.969	0.0890389	374.944	1015.91	18.2864	0.0916977	31.7443	21.0297	22.8968	78.7698	255	0	0	11.5617	2.02587	2.34388	11.82	98.9674	0	0	34707.1	43699.9	47807.7	52481.4	0	0	0	0	0	0	 84
DATA	09:12:03:000	2023-12-05	1215240	12.0101	528.444	0.0891023	375.265	1018.11	18.326	0.0918339	31.8117	21.0658	22.9135	78.7777	255	0	0	11.5603	2.02555	2.34326	11.82	98.9533	0	0	34703.6	43696.9	47798.7	52477.4	0	0	0	0	0	0	185
DATA	09:12:04:000	2023-12-05	1215540	11.9986	527.938	0.089035	374.941	1020.28	18.365	0.0919675	31.8825	21.1013	22.9274	78.7739	255	0	0	11.5617	2.02608	2.34376	11.82	98.9633	0	0	34703.6	43696.1	47785.4	52475.3	0	0	0	0	0	0	173
DATA	09:12:05:000	2023-12-05	1215840	11.9847	527.327	0.0889554	374.521	1022.48	18.4046	0.0921039	31.9524	21.1372	22.9436	78.7753	255	0	0	11.561	2.0258	2.34301	11.82	98.9421	0	0	34702.1	43689.4	47769.2	52468.2	0	0	0	0	0	0	140
DATA	09:12:06:000	2023-12-05	1216140	11.9706	526.706	0.0888743	374.098	1028.9	18.5202	0.0924994	32.1546	21.2401	22.959	78.7757	255	0	0	11.561	2.02596	2.34351	11.82	98.918	0	0	34697.4	43677.2	47730.7	52452.7	0	0	0	0	0	0	 64
DATA	09:12:07:000	2023-12-05	1216440	11.9711	526.728	0.0888761	374.127	1032.62	18.5872	0.0927256	32.272	21.2999	22.9759	78.7773	255	0	0	11.561	2.02604	2.34376	11.82	98.9327	0	0	34699.9	43682.9	47739.7	52458.5	0	0	0	0	0	0	203
DATA	09:12:08:000	2023-12-05	1216740	11.9681	526.596	0.0888556	374.096	1031.09	18.5596	0.0926277	32.2296	21.2767	22.9935	78.7688	255	0	0	11.5617	2.02587	2.34575	11.82	98.9313	0	0	34701.8	43684.1	47738.2	52460.8	0	0	0	0	0	0	 50
DATA	09:12:09:000	2023-12-05	1217040	11.9663	526.517	0.0888496	374.002	1036.73	18.6611	0.0929787	32.4026	21.3664	23.0077	78.7806	255	0	0	11.561	2.02606	2.34476	11.82	98.9337	0	0	34703.2	43683.2	47716.8	52458.3	0	0	0	0	0	0	202
DATA	09:12:10:000	2023-12-05	1217340	11.9628	526.363	0.0888253	373.976	1038.34	18.6901	0.0930713	32.4601	21.3926	23.0239	78.7673	255	0	0	11.5603	2.02606	2.34513	11.82	98.9177	0	0	34695.6	43676.1	47710.3	52449.9	0	0	0	0	0	0	245
DATA	09:12:11:000	2023-12-05	1217640	11.9349	525.136	0.0886659	373.073	1043.26	18.7787	0.0933761	32.6112	21.4707	23.0401	78.7782	255	0	0	11.5603	2.02617	2.34525	11.82	98.9209	0	0	34701.1	43676.3	47688.5	52449	0	0	0	0	0	0	146
DATA	09:12:12:000	2023-12-05	1217940	11.9387	525.303	0.0886886	373.208	1044.45	18.8001	0.093449	32.6499	21.4902	23.0564	78.779	255	0	0	11.5603	2.02603	2.34613	11.82	98.9124	0	0	34701.6	43674	47692	52447	0	0	0	0	0	0	105
DATA	09:12:13:000	2023-12-05	1218240	11.9289	524.872	0.0886325	372.943	1045.7	18.8226	0.0935273	32.6926	21.5107	23.074	78.775	255	0	0	11.5603	2.0263	2.34613	11.82	98.9082	0	0	34696.8	43669.5	47674.9	52441.4	0	0	0	0	0	0	 61
DATA	09:12:14:000	2023-12-05	1218540	11.929	524.876	0.0886351	372.913	1046.97	18.8455	0.0936069	32.7294	21.5315	23.09	78.7862	255	0	0	11.561	2.02609	2.34625	11.82	98.8924	0	0	34692.2	43664.6	47659.6	52434.2	0	0	0	0	0	0	 74
DATA	09:12:15:000	2023-12-05	1218840	11.9405	525.382	0.0886987	373.324	1050.96	18.9173	0.0938452	32.8586	21.5944	23.1044	78.7792	255	0	0	11.5596	2.0266	2.34575	11.82	98.8931	0	0	34690.9	43659.8	47647.2	52428.9	0	0	0	0	0	0	  0
DATA	09:12:16:000	2023-12-05	1219140	11.9013	523.657	0.0884718	372.152	1052.31	18.9416	0.093929	32.9055	21.6162	23.1182	78.7716	255	0	0	11.5596	2.02636	2.34638	11.82	98.853	0	0	34682.8	43644.6	47630.5	52410.1	0	0	0	0	0	0	133
DATA	09:12:17:000	2023-12-05	1219440	11.9039	523.772	0.088488	372.236	1056.1	19.0098	0.0941608	33.0243	21.6758	23.1339	78.7752	255	0	0	11.5603	2.02647	2.3465	11.82	98.8197	0	0	34677.3	43628.8	47577.8	52390.9	0	0	0	0	0	0	124
DATA	09:12:18:000	2023-12-05	1219740	11.8938	523.327	0.0884292	371.926	1058	19.044	0.0942761	33.0843	21.7061	23.1498	78.7781	255	0	0	11.5603	2.02652	2.348	11.82	98.8153	0	0	34669.4	43626.2	47593.8	52389.9	0	0	0	0	0	0	227
DATA	09:12:19:000	2023-12-05	1220040	11.8969	523.464	0.0884447	372.033	1061.78	19.112	0.0945012	33.2034	21.7652	23.1631	78.7795	255	0	0	11.5589	2.02661	2.34775	11.82	98.8112	0	0	34668.7	43623.5	47574.4	52385	0	0	0	0	0	0	 93
DATA	09:12:20:000	2023-12-05	1220340	11.9022	523.697	0.0884765	372.241	1060.1	19.0818	0.0944009	33.1546	21.7401	23.1786	78.7746	255	0	0	11.5596	2.02651	2.34775	11.82	98.8089	0	0	34672.3	43623.5	47561.1	52383.3	0	0	0	0	0	0	179
DATA	09:12:21:000	2023-12-05	1220640	11.8803	522.733	0.0883508	371.565	1066.29	19.1932	0.0947785	33.349	21.8363	23.1941	78.7768	255	0	0	11.5603	2.02669	2.34912	11.82	98.8082	0	0	34677.3	43621.4	47537.6	52380.1	0	0	0	0	0	0	203
DATA	09:12:22:000	2023-12-05	1220940	11.8648	522.051	0.0882594	371.13	1071.54	19.2877	0.095094	33.5177	21.9176	23.21	78.7706	255	0	0	11.5596	2.02661	2.34999	11.82	98.7859	0	0	34667.9	43612.3	47532.9	52372.3	0	0	0	0	0	0	 66
DATA	09:12:23:000	2023-12-05	1221240	11.8857	522.971	0.088382	371.763	1070.22	19.264	0.0950156	33.4745	21.8983	23.2265	78.7794	255	0	0	11.5589	2.02672	2.34925	11.82	98.7843	0	0	34663.8	43610.6	47534.4	52371.5	0	0	0	0	0	0	160
DATA	09:12:24:000	2023-12-05	1221540	11.8709	522.32	0.0882928	371.356	1073.64	19.3255	0.0952174	33.5866	21.9515	23.2412	78.7713	255	0	0	11.5589	2.0268	2.34987	11.82	98.7828	0	0	34665.7	43609.1	47517.3	52368.4	0	0	0	0	0	0	169
DATA	09:12:25:000	2023-12-05	1221840	11.8186	520.018	0.087995	369.697	1081.93	19.4747	0.0957292	33.8438	22.0784	23.2565	78.7804	255	0	0	11.5583	2.02687	2.35012	11.82	98.7823	0	0	34684.6	43608.2	47457.7	52362	0	0	0	0	0	0	139
DATA	09:12:26:000	2023-12-05	1222140	11.7886	518.698	0.0878142	368.786	1085.28	19.535	0.0959213	33.9511	22.13	23.2719	78.7786	255	0	0	11.5596	2.02691	2.35024	11.82	98.771	0	0	34674.1	43602.8	47473.1	52359.1	0	0	0	0	0	0	 67
DATA	09:12:27:000	2023-12-05	1222440	11.8261	520.348	0.0880324	369.987	1080.72	19.453	0.0956463	33.811	22.0619	23.2892	78.7773	255	0	0	11.5596	2.027	2.35062	11.82	98.7913	0	0	34675	43610.9	47497.3	52371.6	0	0	0	0	0	0	211
DATA	09:12:28:000	2023-12-05	1222740	11.8094	519.614	0.0879389	369.474	1084.32	19.5178	0.095869	33.9245	22.1173	23.3041	78.7792	255	0	0	11.5589	2.027	2.35087	11.82	98.7665	0	0	34672.3	43599.9	47475	52357.6	0	0	0	0	0	0	 58
DATA	09:12:29:000	2023-12-05	1223040	11.7552	517.229	0.087622	367.816	1090.03	19.6205	0.0962127	34.1066	22.2043	23.319	78.7751	255	0	0	11.5583	2.02726	2.35211	11.82	98.7537	0	0	34666.9	43591.6	47465.5	52348.9	0	0	0	0	0	0	134
DATA	09:12:30:000	2023-12-05	1223340	11.7875	518.65	0.0878088	368.86	1088.11	19.586	0.0960934	34.0497	22.1763	23.3352	78.7722	255	0	0	11.5596	2.02719	2.35249	11.82	98.7514	0	0	34671.1	43591.3	47442.2	52347.8	0	0	0	0	0	0	118
DATA	09:12:31:000	2023-12-05	1223640	11.7854	518.558	0.0877974	368.823	1089.28	19.607	0.0961648	34.0889	22.1949	23.3523	78.7707	255	0	0	11.5589	2.02704	2.35186	11.82	98.7648	0	0	34677.2	43598.7	47457.9	52356.2	0	0	0	0	0	0	 17
DATA	09:12:32:000	2023-12-05	1223940	11.7575	517.33	0.0876333	367.967	1091.57	19.6483	0.0963011	34.1622	22.2303	23.3693	78.7715	255	0	0	11.5583	2.02739	2.35149	11.82	98.7635	0	0	34674.3	43594.6	47444.3	52350.8	0	0	0	0	0	0	207
DATA	09:12:33:000	2023-12-05	1224240	11.7644	517.634	0.0876743	368.19	1093.92	19.6906	0.0964426	34.2364	22.2664	23.383	78.7736	255	0	0	11.5576	2.02727	2.35274	11.82	98.7399	0	0	34670.1	43585.5	47425.8	52341.9	0	0	0	0	0	0	177
DATA	09:12:34:000	2023-12-05	1224540	11.7512	517.053	0.0875961	367.779	1096.19	19.7314	0.0965773	34.3076	22.3012	23.3974	78.777	255	0	0	11.5583	2.02737	2.35286	11.82	98.6959	0	0	34653.4	43565	47409.5	52319.2	0	0	0	0	0	0	132
DATA	09:12:35:000	2023-12-05	1224840	11.7348	516.331	0.0875013	367.276	1098.69	19.7764	0.0967291	34.3868	22.3396	23.4144	78.7793	255	0	0	11.5569	2.02744	2.35299	11.82	98.6956	0	0	34654.3	43564.2	47392.3	52319.4	0	0	0	0	0	0	 44
DATA	09:12:36:000	2023-12-05	1225140	11.7411	516.608	0.0875378	367.51	1100.85	19.8153	0.0968563	34.4579	22.3728	23.4306	78.7757	255	0	0	11.5576	2.02745	2.35373	11.82	98.6866	0	0	34658.6	43560.1	47365	52313.2	0	0	0	0	0	0	116
DATA	09:12:37:000	2023-12-05	1225440	11.6615	513.106	0.087073	365.057	1116.24	20.0923	0.0977778	34.9433	22.6022	23.4462	78.7715	255	0	0	11.5576	2.0276	2.35348	11.82	98.6713	0	0	34662.1	43551.8	47326.6	52299.2	0	0	0	0	0	0	133
DATA	09:12:38:000	2023-12-05	1225740	11.6703	513.493	0.0871234	365.341	1113.82	20.0488	0.0976314	34.8683	22.5672	23.4605	78.7736	255	0	0	11.5576	2.02741	2.35373	11.82	98.6364	0	0	34655.2	43538.3	47306.8	52286.2	0	0	0	0	0	0	244
DATA	09:12:39:000	2023-12-05	1226040	11.6822	514.017	0.0871932	365.741	1110.71	19.9928	0.0974465	34.7736	22.5221	23.4778	78.7721	255	0	0	11.5583	2.02771	2.35473	11.82	98.6099	0	0	34639.2	43523.7	47310	52274	0	0	0	0	0	0	 53
DATA	09:12:40:000	2023-12-05	1226340	11.6747	513.687	0.0871468	365.535	1110.91	19.9964	0.0974551	34.7826	22.5261	23.4953	78.7707	255	0	0	11.5583	2.0277	2.35536	11.82	98.5967	0	0	34634	43517.9	47313.7	52269.1	0	0	0	0	0	0	133
DATA	09:12:41:000	2023-12-05	1226640	11.6702	513.489	0.0871227	365.413	1111.05	19.9989	0.0974674	34.7888	22.5292	23.5139	78.7714	255	0	0	11.5576	2.02778	2.35548	11.82	98.5972	0	0	34634.6	43517.3	47308.4	52269.1	0	0	0	0	0	0	 28
DATA	09:12:42:000	2023-12-05	1226940	11.6677	513.379	0.0871065	365.365	1111.93	20.0147	0.0975167	34.8193	22.5433	23.534	78.7702	255	0	0	11.5576	2.02779	2.35585	11.82	98.5897	0	0	34633.6	43513.9	47302.4	52264.6	0	0	0	0	0	0	210
DATA	09:12:43:000	2023-12-05	1227240	11.7122	515.337	0.0873695	366.786	1111.11	20	0.0974703	34.7962	22.5321	23.5502	78.7687	255	0	0	11.5576	2.02798	2.3556	11.82	98.5986	0	0	34626.5	43515.9	47301.2	52267.7	0	0	0	0	0	0	205
DATA	09:12:44:000	2023-12-05	1227540	11.6622	513.137	0.0870732	365.193	1114.81	20.0666	0.0976864	34.9094	22.5878	23.5676	78.7792	255	0	0	11.5576	2.02785	2.35598	11.82	98.5937	0	0	34636.9	43515.1	47298.9	52266	0	0	0	0	0	0	201
DATA	09:12:45:000	2023-12-05	1227840	11.6544	512.794	0.0870305	365.011	1118.28	20.129	0.0978973	35.024	22.64	23.5854	78.7705	255	0	0	11.5569	2.02822	2.35723	11.82	98.5815	0	0	34631.3	43506	47274	52254.6	0	0	0	0	0	0	 87
DATA	09:12:46:000	2023-12-05	1228140	11.6508	512.635	0.0870054	364.93	1121.08	20.1794	0.0980569	35.1148	22.6823	23.6046	78.7688	255	0	0	11.5562	2.02821	2.35747	11.82	98.5695	0	0	34623	43500.8	47260.2	52248.3	0	0	0	0	0	0	 85
DATA	09:12:47:000	2023-12-05	1228440	11.6325	511.83	0.0869015	364.36	1122.02	20.1964	0.0981185	35.1446	22.697	23.6211	78.7724	255	0	0	11.5569	2.02822	2.35747	11.82	98.5594	0	0	34625.3	43496.2	47258.3	52243.2	0	0	0	0	0	0	 81
DATA	09:12:48:000	2023-12-05	1228740	11.6397	512.147	0.0869448	364.609	1121.95	20.1951	0.0981163	35.1446	22.697	23.6401	78.7724	255	0	0	11.5548	2.02844	2.3571	11.82	98.5476	0	0	34620.2	43488.8	47241.8	52235.5	0	0	0	0	0	0	156
DATA	09:12:49:000	2023-12-05	1229040	11.6219	511.364	0.0868401	364.053	1123.43	20.2217	0.098204	35.1912	22.7198	23.6581	78.7768	255	0	0	11.5555	2.02816	2.3586	11.82	98.5181	0	0	34614.7	43478.6	47226.8	52223.6	0	0	0	0	0	0	131
DATA	09:12:50:000	2023-12-05	1229340	11.6359	511.98	0.08692	364.553	1124.01	20.2322	0.0982342	35.2153	22.7293	23.6763	78.7683	255	0	0	11.5562	2.02847	2.3576	11.82	98.5166	0	0	34609.8	43474.9	47221	52219.2	0	0	0	0	0	0	189
DATA	09:12:51:000	2023-12-05	1229640	11.6097	510.827	0.0867664	363.74	1125.58	20.2604	0.0983282	35.2652	22.7533	23.6937	78.7712	255	0	0	11.5562	2.02871	2.35735	11.82	98.5072	0	0	34609.5	43468.2	47214.8	52213.5	0	0	0	0	0	0	194
DATA	09:12:52:000	2023-12-05	1229940	11.5823	509.621	0.0866059	362.881	1126.67	20.2801	0.0983952	35.2993	22.7701	23.7098	78.7757	255	0	0	11.5569	2.02871	2.35972	11.82	98.4876	0	0	34610.9	43459.7	47192	52202	0	0	0	0	0	0	 85
DATA	09:12:53:000	2023-12-05	1230240	11.5908	509.995	0.0866565	363.189	1130.81	20.3546	0.09864	35.4331	22.8315	23.7265	78.771	255	0	0	11.5562	2.02865	2.35984	11.82	98.4589	0	0	34597.8	43447.6	47169.3	52188.4	0	0	0	0	0	0	134
DATA	09:12:54:000	2023-12-05	1230540	11.5854	509.758	0.0866236	363.051	1129.64	20.3335	0.0985694	35.3995	22.8154	23.7428	78.7686	255	0	0	11.5562	2.02862	2.35897	11.82	98.4401	0	0	34592.4	43439.6	47170.4	52182.5	0	0	0	0	0	0	 17
DATA	09:12:55:000	2023-12-05	1230840	11.5814	509.582	0.0866019	362.912	1128.99	20.3218	0.0985338	35.3778	22.8069	23.7604	78.7762	255	0	0	11.5555	2.02884	2.35897	11.82	98.4307	0	0	34590.1	43433.3	47161.9	52175.1	0	0	0	0	0	0	 13
DATA	09:12:56:000	2023-12-05	1231140	11.5508	508.235	0.0864223	361.981	1137.64	20.4775	0.0990468	35.6516	22.9336	23.774	78.7737	255	0	0	11.5534	2.02883	2.36009	11.82	98.4018	0	0	34583.3	43420.6	47130.1	52158.9	0	0	0	0	0	0	186
DATA	09:12:57:000	2023-12-05	1231440	11.5307	507.351	0.0863041	361.364	1139.94	20.5189	0.099182	35.725	22.9679	23.7911	78.7754	255	0	0	11.5562	2.02877	2.36147	11.82	98.3821	0	0	34581.4	43412.5	47108.3	52150.2	0	0	0	0	0	0	131
DATA	09:12:58:000	2023-12-05	1231740	11.5494	508.174	0.086414	361.991	1138.03	20.4845	0.0990689	35.6691	22.9412	23.809	78.7713	255	0	0	11.5555	2.02902	2.36072	11.82	98.3718	0	0	34575.5	43405.4	47106.7	52142.2	0	0	0	0	0	0	140
DATA	09:12:59:000	2023-12-05	1232040	11.5281	507.236	0.0862849	361.343	1140.05	20.5209	0.0991822	35.7343	22.9714	23.826	78.7716	255	0	0	11.5555	2.02888	2.36109	11.82	98.3263	0	0	34561	43386.8	47076.5	52120.8	0	0	0	0	0	0	 85
DATA	09:13:00:000	2023-12-05	1232340	11.5419	507.844	0.0863716	361.769	1144.96	20.6093	0.099481	35.8876	23.0434	23.8436	78.7776	255	0	0	11.5562	2.02914	2.36047	11.82	98.2521	0	0	34532.3	43351.4	47023.2	52075.3	0	0	0	0	0	0	180
DATA	09:13:01:000	2023-12-05	1232640	11.5597	508.627	0.0864748	362.381	1145.43	20.6177	0.0995042	35.9077	23.051	23.8585	78.7699	255	0	0	11.5555	2.0295	2.36122	11.82	98.1933	0	0	34505.2	43321.8	47000.8	52044.1	0	0	0	0	0	0	129
DATA	09:13:02:000	2023-12-05	1232940	11.5295	507.298	0.0862939	361.454	1139.08	20.5034	0.0991263	35.7106	22.9602	23.8761	78.7702	255	0	0	11.5555	2.02918	2.36109	11.82	98.1319	0	0	34492.3	43298	46985.7	52018.4	0	0	0	0	0	0	153
DATA	09:13:03:000	2023-12-05	1233240	11.4976	505.894	0.0861076	360.483	1144.34	20.5981	0.0994396	35.8783	23.0372	23.8921	78.7682	255	0	0	11.5548	2.02933	2.36221	11.82	98.0744	0	0	34476.5	43271.1	46941.9	51984.9	0	0	0	0	0	0	 13
DATA	09:13:04:000	2023-12-05	1233540	11.511	506.484	0.0861867	360.916	1140.59	20.5306	0.0992193	35.762	22.9839	23.9092	78.7699	255	0	0	11.5548	2.02944	2.36184	11.82	98.0177	0	0	34456.8	43244.9	46929.8	51955.2	0	0	0	0	0	0	178
DATA	09:13:05:000	2023-12-05	1233840	11.4989	505.952	0.0861155	360.552	1144.39	20.599	0.0994434	35.8827	23.0397	23.9245	78.7706	255	0	0	11.5534	2.02946	2.36296	11.82	97.9753	0	0	34443.6	43226.1	46888.2	51933.7	0	0	0	0	0	0	233
DATA	09:13:06:000	2023-12-05	1234140	11.4638	504.407	0.085908	359.484	1146.45	20.6361	0.0995652	35.9506	23.0702	23.9389	78.7672	255	0	0	11.5562	2.02966	2.36408	11.82	97.8621	0	0	34410.4	43174.1	46826.3	51867.2	0	0	0	0	0	0	199
DATA	09:13:07:000	2023-12-05	1234440	11.4719	504.764	0.0859546	359.726	1142.06	20.5571	0.099305	35.8118	23.0079	23.9585	78.775	255	0	0	11.5541	2.02959	2.36421	11.82	97.7843	0	0	34378	43140.6	46816.8	51830.8	0	0	0	0	0	0	 64
DATA	09:13:08:000	2023-12-05	1234740	11.4901	505.564	0.0860651	360.312	1144.16	20.5949	0.0994327	35.8791	23.0393	23.9771	78.7766	255	0	0	11.5541	2.02997	2.36458	11.82	97.7407	0	0	34357.3	43117.5	46788.5	51805.8	0	0	0	0	0	0	 14
DATA	09:13:09:000	2023-12-05	1235040	11.4825	505.23	0.0860165	360.136	1143.76	20.5877	0.0994028	35.8728	23.0345	23.9954	78.7678	255	0	0	11.5548	2.03001	2.36383	11.82	97.6864	0	0	34340.1	43093.1	46757.6	51778.6	0	0	0	0	0	0	201
DATA	09:13:10:000	2023-12-05	1235340	11.4582	504.161	0.0858752	359.35	1146.44	20.6359	0.0995648	35.9544	23.0741	24.0107	78.7772	255	0	0	11.5555	2.02998	2.36521	11.82	97.6027	0	0	34318.8	43056.5	46706.2	51728.8	0	0	0	0	0	0	199
DATA	09:13:11:000	2023-12-05	1235640	11.4473	503.681	0.0858103	359.049	1144.06	20.5931	0.0994248	35.8839	23.0408	24.0297	78.7731	255	0	0	11.5541	2.03007	2.3657	11.82	97.5239	0	0	34289	43020.9	46677.6	51687.8	0	0	0	0	0	0	100
DATA	09:13:12:000	2023-12-05	1235940	11.4788	505.067	0.0859953	360.082	1140.67	20.5321	0.0992218	35.7821	22.9928	24.0482	78.7682	255	0	0	11.5541	2.03005	2.36508	11.82	97.4702	0	0	34263.5	42997.4	46663.5	51662.4	0	0	0	0	0	0	245
DATA	09:13:13:000	2023-12-05	1236240	11.4508	503.835	0.0858309	359.194	1144	20.592	0.0994211	35.8856	23.042	24.0675	78.7754	255	0	0	11.5548	2.0304	2.3662	11.82	97.4308	0	0	34253.1	42976.5	46633.6	51631.9	0	0	0	0	0	0	137
DATA	09:13:14:000	2023-12-05	1236540	11.4534	503.95	0.0858445	359.311	1140.45	20.5281	0.0992085	35.7777	22.9916	24.0842	78.7721	255	0	0	11.5541	2.0301	2.36533	11.82	97.3528	0	0	34226.2	42945.1	46603.2	51595.5	0	0	0	0	0	0	120
DATA	09:13:15:000	2023-12-05	1236840	11.4179	502.388	0.0856351	358.225	1146.42	20.6356	0.0995617	35.9678	23.0788	24.1011	78.7705	255	0	0	11.5528	2.03051	2.36683	11.82	97.3129	0	0	34221.4	42923.4	46563.4	51571.1	0	0	0	0	0	0	235
DATA	09:13:16:000	2023-12-05	1237140	11.4125	502.15	0.0856036	358.085	1143.58	20.5844	0.099396	35.8816	23.0387	24.1178	78.7686	255	0	0	11.5534	2.03048	2.36683	11.82	97.1892	0	0	34173.1	42869.2	46515.3	51499.3	0	0	0	0	0	0	155
DATA	09:13:17:000	2023-12-05	1237440	11.4313	502.977	0.0857151	358.686	1137.87	20.4817	0.0990596	35.7036	22.9568	24.1323	78.7698	255	0	0	11.5541	2.03053	2.36733	11.82	97.1402	0	0	34155.2	42847	46509	51476.6	0	0	0	0	0	0	 62
DATA	09:13:18:000	2023-12-05	1237740	11.4731	504.816	0.0859597	360.017	1136.88	20.4638	0.0989955	35.6744	22.9433	24.1469	78.7695	255	0	0	11.5541	2.03066	2.36695	11.82	97.1143	0	0	34132.5	42834.3	46509.2	51469.8	0	0	0	0	0	0	 21
DATA	09:13:19:000	2023-12-05	1238040	11.4641	504.42	0.0859085	359.737	1140.44	20.5279	0.0992089	35.7864	22.9956	24.1593	78.7723	255	0	0	11.5534	2.03073	2.36795	11.82	97.0896	0	0	34128.9	42822.8	46484.5	51457.9	0	0	0	0	0	0	238
DATA	09:13:20:000	2023-12-05	1238340	11.4905	505.582	0.0860636	360.606	1142.68	20.5682	0.0993389	35.8607	23.0285	24.1669	78.7654	255	0	0	11.5534	2.03085	2.36845	11.82	97.0674	0	0	34120	42811.8	46473.8	51449.4	0	0	0	0	0	0	152
DATA	09:13:21:000	2023-12-05	1238640	11.4551	504.024	0.0858537	359.501	1143.5	20.583	0.0993865	35.8871	23.0408	24.1763	78.7665	255	0	0	11.5528	2.03074	2.36733	11.82	97.0434	0	0	34115.9	42802.3	46465.6	51441	0	0	0	0	0	0	 25
DATA	09:13:22:000	2023-12-05	1238940	11.4432	503.501	0.0857833	359.131	1140.01	20.5202	0.0991817	35.7778	22.9909	24.186	78.7684	255	0	0	11.5534	2.03095	2.36708	11.82	97.022	0	0	34109.1	42790.8	46463	51429	0	0	0	0	0	0	183
DATA	09:13:23:000	2023-12-05	1239240	11.4458	503.615	0.0858013	359.204	1139.35	20.5083	0.0991466	35.7563	22.9818	24.1948	78.7726	255	0	0	11.5534	2.03078	2.36845	11.82	97.0041	0	0	34098.3	42784.6	46456.8	51425.8	0	0	0	0	0	0	  1
DATA	09:13:24:000	2023-12-05	1239540	11.4787	505.063	0.0859941	360.263	1138.92	20.5006	0.0991179	35.7454	22.9761	24.2041	78.7693	255	0	0	11.5528	2.03087	2.3682	11.82	97.0086	0	0	34095.3	42785.6	46470.8	51435	0	0	0	0	0	0	105
DATA	09:13:25:000	2023-12-05	1239840	11.4709	504.72	0.0859499	360.008	1142.78	20.57	0.0993483	35.8656	23.0325	24.2142	78.7741	255	0	0	11.5521	2.03116	2.3687	11.82	97.0107	0	0	34096.4	42783.7	46450.8	51433.3	0	0	0	0	0	0	 31
DATA	09:13:26:000	2023-12-05	1240140	11.4583	504.165	0.0858781	359.613	1141.53	20.5475	0.0992799	35.8264	23.0149	24.2224	78.7762	255	0	0	11.5528	2.03129	2.36907	11.82	96.9706	0	0	34083.8	42764.7	46430.6	51408.1	0	0	0	0	0	0	248
DATA	09:13:27:000	2023-12-05	1240440	11.4451	503.584	0.0857951	359.25	1144.98	20.6096	0.0994742	35.9398	23.0653	24.2318	78.7675	255	0	0	11.5528	2.03125	2.36857	11.82	96.9366	0	0	34071.9	42750.1	46408	51390.6	0	0	0	0	0	0	114
DATA	09:13:28:000	2023-12-05	1240740	11.4273	502.801	0.0856907	358.686	1149.09	20.6836	0.0997181	36.0682	23.125	24.2406	78.7711	255	0	0	11.5528	2.03163	2.36945	11.82	96.9013	0	0	34065.8	42730.8	46375.9	51366.2	0	0	0	0	0	0	194
DATA	09:13:29:000	2023-12-05	1241040	11.4177	502.379	0.0856325	358.419	1146.37	20.6347	0.0995552	35.9863	23.0863	24.2486	78.7656	255	0	0	11.5521	2.03147	2.36969	11.82	96.785	0	0	34023.5	42681	46318.7	51299.8	0	0	0	0	0	0	127
DATA	09:13:30:000	2023-12-05	1241340	11.4095	502.018	0.0855845	358.163	1147.59	20.6566	0.0996285	36.0247	23.1045	24.2596	78.7683	254	0	0	11.5528	2.03166	2.37057	11.82	96.7034	0	0	33998.5	42643.2	46277.3	51251.7	0	0	0	0	0	0	247
DATA	09:13:31:000	2023-12-05	1241640	11.4069	501.904	0.0855713	358.086	1145.78	20.624	0.0995269	35.9684	23.0791	24.2716	78.7704	254	0	0	11.5534	2.03167	2.37094	11.82	96.6243	0	0	33970.1	42608.2	46240.2	51206	0	0	0	0	0	0	 77
DATA	09:13:32:000	2023-12-05	1241940	11.4129	502.168	0.0856063	358.262	1147.67	20.6581	0.0996366	36.0265	23.107	24.2841	78.7763	254	0	0	11.5528	2.0319	2.37157	11.82	96.5825	0	0	33953.6	42587.5	46218.3	51183.4	0	0	0	0	0	0	144
