Model:	 LI-7500
SN:	75D-4923
Timestamp:	Dec 9 2023 at 13:27:54
DATAH	Time	Date	Sequence Number	CO2 (mmol/m^3)	CO2 (mg/m^3)	CO2 Absorptance	CO2 (umol/mol)	H2O (mmol/m^3)	H2O (g/m^3)	H2O Absorptance	H2O (mmol/mol)	Dew Point (C)	Temperature (C)	Pressure (kPa)	Diagnostic Value	Diagnostic Value 2	Diagnostic Word	DSI Vin (v)	Cooler Voltage (v)	Chopper Cooler Voltage (v)	Smart Flux Vin (v)	CO2 Signal Strength	Integral	Peak Height	CO2 Sample	CO2 Reference	H2O Sample	H2O Reference	CH4 Seconds	CH4 Nano Seconds	CH4 (umol/mol)	CH4 (mmol/m^3)	CH4 Signal Strength (RSSI)	CH4 Diagnostic Value	CHK
DATA	21:27:51:000	2023-12-09	675420	14.3656	632.086	0.102143	436.358	686.032	12.3486	0.0697481	20.8383	14.2837	13.3404	78.4154	255	0	0	13.057	1.9248	2.0415	13.22	98.9974	0	0	34911.3	44619.9	50936	54647.6	0	0	0	0	0	0	162
DATA	21:27:52:000	2023-12-09	675720	14.3793	632.689	0.102213	436.792	685.044	12.3308	0.0696745	20.8092	14.2615	13.3418	78.4125	255	0	0	13.0563	1.92483	2.04163	13.22	99.0275	0	0	34925.3	44633.2	50945.7	54656.6	0	0	0	0	0	0	146
DATA	21:27:53:000	2023-12-09	676020	14.3497	631.387	0.102057	435.917	684.68	12.3242	0.0696509	20.7993	14.2534	13.3437	78.4086	255	0	0	13.057	1.92474	2.04063	13.22	99.1316	0	0	34968.2	44680.8	50985.8	54697.3	0	0	0	0	0	0	 75
DATA	21:27:54:000	2023-12-09	676320	14.3412	631.013	0.102014	435.606	684.895	12.3281	0.0696688	20.8033	14.2583	13.3452	78.4186	255	0	0	13.057	1.92465	2.041	13.22	99.1693	0	0	34982.2	44698.6	51000.9	54716.8	0	0	0	0	0	0	235
DATA	21:27:55:000	2023-12-09	676620	14.3529	631.528	0.102075	435.948	686.237	12.3523	0.0697635	20.8434	14.2886	13.3469	78.4214	255	0	0	13.0563	1.92462	2.0415	13.22	99.2423	0	0	34999.9	44731.7	51027	54741.3	0	0	0	0	0	0	  9
DATA	21:27:56:000	2023-12-09	676920	14.3517	631.475	0.102067	435.946	685.461	12.3383	0.0697068	20.8215	14.2713	13.349	78.4159	255	0	0	13.057	1.92466	2.04212	13.22	99.2177	0	0	34990.2	44720.2	51010.5	54737.9	0	0	0	0	0	0	 38
DATA	21:27:57:000	2023-12-09	677220	14.3641	632.02	0.102132	436.349	685.95	12.3471	0.0697401	20.8376	14.2824	13.351	78.4117	255	0	0	13.057	1.92458	2.04237	13.22	99.2362	0	0	35001.8	44729.2	51023.2	54743.3	0	0	0	0	0	0	154
DATA	21:27:58:000	2023-12-09	677520	14.3485	631.334	0.10205	435.866	686.007	12.3481	0.0697453	20.8389	14.2838	13.3538	78.414	255	0	0	13.0563	1.92452	2.0415	13.22	99.3019	0	0	35027.4	44759.3	51050.7	54769.6	0	0	0	0	0	0	252
DATA	21:27:59:000	2023-12-09	677820	14.3389	630.912	0.101999	435.571	685.835	12.345	0.0697343	20.8335	14.2801	13.3564	78.4154	255	0	0	13.0563	1.92465	2.04138	13.22	99.3307	0	0	35035.1	44771.3	51059.3	54780.2	0	0	0	0	0	0	 95
DATA	21:28:00:000	2023-12-09	678120	14.3502	631.409	0.10206	435.908	686.297	12.3533	0.0697672	20.8473	14.2907	13.3593	78.4173	255	0	0	13.057	1.92458	2.0415	13.22	99.3804	0	0	35054.4	44794.2	51077.6	54800.3	0	0	0	0	0	0	233
DATA	21:28:01:000	2023-12-09	678420	14.3403	630.973	0.102004	435.656	685.566	12.3402	0.0697128	20.8274	14.2744	13.3622	78.4093	255	0	0	13.057	1.92463	2.04187	13.22	99.385	0	0	35054.1	44796	51080.3	54801.3	0	0	0	0	0	0	171
DATA	21:28:02:000	2023-12-09	678720	14.3602	631.849	0.102112	436.232	684.702	12.3246	0.0696516	20.7998	14.255	13.365	78.4153	255	0	0	13.0563	1.92487	2.04163	13.22	99.4361	0	0	35069.4	44817.1	51093	54819	0	0	0	0	0	0	 89
DATA	21:28:03:000	2023-12-09	679020	14.3498	631.391	0.102061	435.895	684.812	12.3266	0.0696632	20.8021	14.2577	13.368	78.4198	255	0	0	13.057	1.92458	2.0425	13.22	99.4676	0	0	35079.4	44833.5	51109.9	54833.9	0	0	0	0	0	0	  9
DATA	21:28:04:000	2023-12-09	679320	14.3354	630.758	0.10198	435.47	685.493	12.3389	0.0697092	20.8234	14.2732	13.3714	78.4186	255	0	0	13.057	1.92468	2.04212	13.22	99.4744	0	0	35088	44835.8	51111.2	54836.3	0	0	0	0	0	0	156
DATA	21:28:05:000	2023-12-09	679620	14.355	631.62	0.102088	436.036	686.572	12.3583	0.0697884	20.8548	14.2977	13.3746	78.4246	255	0	0	13.057	1.92453	2.04187	13.22	99.5005	0	0	35093.5	44848.7	51119.6	54845.2	0	0	0	0	0	0	 20
DATA	21:28:06:000	2023-12-09	679920	14.3555	631.642	0.102092	436.056	685.693	12.3425	0.0697265	20.8283	14.2781	13.3777	78.4246	255	0	0	13.057	1.9247	2.0415	13.22	99.534	0	0	35108.7	44862.5	51136.2	54860.7	0	0	0	0	0	0	203
DATA	21:28:07:000	2023-12-09	680220	14.3429	631.088	0.102023	435.715	685.774	12.3439	0.0697319	20.8327	14.28	13.3807	78.418	255	0	0	13.057	1.92489	2.04275	13.22	99.5464	0	0	35108.9	44866.6	51135.4	54860.9	0	0	0	0	0	0	210
DATA	21:28:08:000	2023-12-09	680520	14.3434	631.11	0.102021	435.736	684.495	12.3209	0.0696364	20.7942	14.2514	13.3838	78.4178	255	0	0	13.0563	1.92456	2.04088	13.22	99.5463	0	0	35113.6	44869.2	51140.2	54860.1	0	0	0	0	0	0	 68
DATA	21:28:09:000	2023-12-09	680820	14.336	630.784	0.101984	435.515	684.181	12.3153	0.0696161	20.7848	14.2444	13.3867	78.4179	255	0	0	13.057	1.92451	2.04187	13.22	99.5829	0	0	35124.8	44886	51153.5	54875.1	0	0	0	0	0	0	220
DATA	21:28:10:000	2023-12-09	681120	14.3353	630.753	0.10198	435.483	684.283	12.3171	0.0696228	20.7874	14.2468	13.3879	78.4201	255	0	0	13.057	1.92467	2.04212	13.22	99.5947	0	0	35128.1	44890.1	51157.9	54878.9	0	0	0	0	0	0	 52
DATA	21:28:11:000	2023-12-09	681420	14.3546	631.602	0.102085	436.048	684.75	12.3255	0.0696578	20.8006	14.2575	13.3904	78.4247	255	0	0	13.057	1.92472	2.04212	13.22	99.6336	0	0	35137.8	44907.2	51166.2	54891.2	0	0	0	0	0	0	 22
DATA	21:28:12:000	2023-12-09	681720	14.3574	631.726	0.102101	436.153	683.943	12.311	0.0696007	20.777	14.2394	13.3931	78.4219	255	0	0	13.0563	1.92447	2.04175	13.22	99.6234	0	0	35137.6	44904.7	51166.8	54890.2	0	0	0	0	0	0	 19
DATA	21:28:13:000	2023-12-09	682020	14.3518	631.479	0.102069	436.013	684.326	12.3179	0.0696267	20.7901	14.2482	13.3965	78.4173	255	0	0	13.0556	1.92466	2.041	13.22	99.6489	0	0	35145.7	44914.6	51174.9	54899.2	0	0	0	0	0	0	 56
DATA	21:28:14:000	2023-12-09	682320	14.357	631.708	0.102098	436.179	685.231	12.3342	0.0696918	20.8179	14.2688	13.3994	78.4167	255	0	0	13.0563	1.92455	2.04237	13.22	99.6556	0	0	35149.5	44918.5	51171.4	54900.9	0	0	0	0	0	0	117
DATA	21:28:15:000	2023-12-09	682620	14.3561	631.668	0.102092	436.145	684.279	12.317	0.069623	20.7887	14.2475	13.4026	78.4188	255	0	0	13.0563	1.92481	2.043	13.22	99.6779	0	0	35155.8	44926.5	51185.7	54910.6	0	0	0	0	0	0	213
DATA	21:28:16:000	2023-12-09	682920	14.3612	631.893	0.102119	436.323	683.904	12.3103	0.0695958	20.7784	14.2392	13.4056	78.4154	255	0	0	13.0563	1.92458	2.0415	13.22	99.682	0	0	35158.3	44930.2	51188.2	54912.2	0	0	0	0	0	0	 28
DATA	21:28:17:000	2023-12-09	683220	14.3589	631.792	0.102103	436.301	684.527	12.3215	0.0696376	20.7996	14.2534	13.4088	78.4077	255	0	0	13.057	1.92453	2.04237	13.22	99.6869	0	0	35158.5	44932.7	51186.3	54912.7	0	0	0	0	0	0	109
DATA	21:28:18:000	2023-12-09	683520	14.3563	631.677	0.102093	436.205	684.884	12.3279	0.0696661	20.8097	14.2617	13.4118	78.4115	255	0	0	13.057	1.92449	2.04237	13.22	99.7152	0	0	35169.9	44945.8	51204.5	54929.1	0	0	0	0	0	0	110
DATA	21:28:19:000	2023-12-09	683820	14.3589	631.792	0.102106	436.278	683.111	12.296	0.0695384	20.7555	14.2218	13.4146	78.4134	255	0	0	13.057	1.92449	2.041	13.22	99.7239	0	0	35170.6	44949.8	51206.6	54931.2	0	0	0	0	0	0	198
DATA	21:28:20:000	2023-12-09	684120	14.3683	632.205	0.102157	436.581	683.516	12.3033	0.069568	20.7687	14.2311	13.418	78.4112	255	0	0	13.0577	1.92452	2.04175	13.22	99.7284	0	0	35170.5	44951.6	51208.8	54935.7	0	0	0	0	0	0	 22
DATA	21:28:21:000	2023-12-09	684420	14.3699	632.276	0.102164	436.619	683.494	12.3029	0.0695648	20.7675	14.2308	13.4208	78.4139	255	0	0	13.0577	1.92453	2.0425	13.22	99.7399	0	0	35177.2	44956.7	51215.8	54938.7	0	0	0	0	0	0	129
DATA	21:28:22:000	2023-12-09	684720	14.3567	631.695	0.102095	436.195	683.616	12.3051	0.0695752	20.7701	14.2337	13.4233	78.4187	255	0	0	13.0584	1.92472	2.04125	13.22	99.7521	0	0	35180.3	44960.7	51217.8	54940.2	0	0	0	0	0	0	128
DATA	21:28:23:000	2023-12-09	685020	14.372	632.368	0.102176	436.686	682.426	12.2837	0.0694888	20.7352	14.2069	13.4261	78.4148	255	0	0	13.0584	1.92449	2.04187	13.22	99.7558	0	0	35180.4	44964.1	51222.9	54943.6	0	0	0	0	0	0	114
DATA	21:28:24:000	2023-12-09	685320	14.3697	632.267	0.102161	436.663	683.067	12.2952	0.0695323	20.7569	14.2215	13.4286	78.4071	255	0	0	13.0584	1.92458	2.04287	13.22	99.7696	0	0	35186	44969.7	51226	54948	0	0	0	0	0	0	141
DATA	21:28:25:000	2023-12-09	685620	14.369	632.236	0.102158	436.614	683.135	12.2964	0.0695384	20.7576	14.2232	13.4311	78.4127	255	0	0	13.0584	1.92423	2.04262	13.22	99.7645	0	0	35185.6	44970.2	51227.4	54948.3	0	0	0	0	0	0	 87
DATA	21:28:26:000	2023-12-09	685920	14.379	632.676	0.10221	436.94	683.87	12.3097	0.0695887	20.781	14.2399	13.4334	78.4094	255	0	0	13.0584	1.92474	2.04287	13.22	99.7875	0	0	35190.2	44976.4	51232.7	54953.2	0	0	0	0	0	0	192
DATA	21:28:27:000	2023-12-09	686220	14.3796	632.702	0.102214	436.99	683.29	12.2992	0.0695484	20.7649	14.227	13.4359	78.4043	255	0	0	13.0591	1.92443	2.04287	13.22	99.7835	0	0	35191.1	44977.1	51233.1	54953.1	0	0	0	0	0	0	  5
DATA	21:28:28:000	2023-12-09	686520	14.3847	632.927	0.102241	437.118	683.41	12.3014	0.0695565	20.7673	14.2298	13.438	78.4098	255	0	0	13.0584	1.92454	2.04275	13.22	99.7771	0	0	35184.5	44973.3	51225.2	54947.7	0	0	0	0	0	0	 62
DATA	21:28:29:000	2023-12-09	686820	14.3944	633.354	0.102297	437.381	682.518	12.2853	0.069496	20.7387	14.2098	13.4404	78.4161	255	0	0	13.0584	1.92456	2.04163	13.22	99.7984	0	0	35191.2	44982.8	51235.2	54954.4	0	0	0	0	0	0	124
DATA	21:28:30:000	2023-12-09	687120	14.3891	633.12	0.102267	437.234	682.758	12.2896	0.0695119	20.7466	14.2153	13.4426	78.4142	255	0	0	13.057	1.92458	2.0425	13.22	99.8036	0	0	35192.6	44984.9	51233.3	54955.7	0	0	0	0	0	0	253
DATA	21:28:31:000	2023-12-09	687420	14.396	633.424	0.102307	437.451	682.722	12.289	0.0695116	20.7458	14.2146	13.4439	78.4133	255	0	0	13.057	1.92444	2.04163	13.22	99.8117	0	0	35197.2	44989.8	51235.7	54959.2	0	0	0	0	0	0	254
DATA	21:28:32:000	2023-12-09	687720	14.3993	633.569	0.102319	437.575	682.571	12.2863	0.0694958	20.7424	14.2112	13.4443	78.4091	255	0	0	13.057	1.92455	2.0435	13.22	99.8143	0	0	35195	44990.1	51239.5	54959.6	0	0	0	0	0	0	223
DATA	21:28:33:000	2023-12-09	688020	14.3966	633.45	0.102307	437.508	682.038	12.2767	0.0694594	20.7269	14.1992	13.4463	78.407	255	0	0	13.057	1.92449	2.04287	13.22	99.8204	0	0	35198.3	44993.2	51241.3	54961.9	0	0	0	0	0	0	 15
DATA	21:28:34:000	2023-12-09	688320	14.4122	634.137	0.102395	437.931	682.259	12.2807	0.0694794	20.7312	14.2043	13.4482	78.4166	255	0	0	13.0563	1.92471	2.04275	13.22	99.8312	0	0	35197.9	44996.4	51246.1	54962.8	0	0	0	0	0	0	151
DATA	21:28:35:000	2023-12-09	688620	14.4189	634.432	0.102429	438.176	682.81	12.2906	0.0695167	20.7499	14.2169	13.4502	78.4097	255	0	0	13.057	1.92443	2.04362	13.22	99.838	0	0	35203.1	45001.7	51249.3	54970.2	0	0	0	0	0	0	245
DATA	21:28:36:000	2023-12-09	688920	14.435	635.14	0.102513	438.678	683.468	12.3024	0.0695617	20.7705	14.2319	13.452	78.4079	255	0	0	13.057	1.92463	2.04275	13.22	99.8393	0	0	35196.8	45000.7	51247.8	54970.3	0	0	0	0	0	0	208
DATA	21:28:37:000	2023-12-09	689220	14.4086	633.978	0.102371	437.879	682.743	12.2894	0.0695105	20.7486	14.2156	13.454	78.408	255	0	0	13.0556	1.92472	2.04262	13.22	99.8504	0	0	35204	45005	51254	54973.5	0	0	0	0	0	0	 13
DATA	21:28:38:000	2023-12-09	689520	14.4144	634.234	0.102408	438.037	682.762	12.2897	0.0695162	20.7484	14.2161	13.4556	78.4116	255	0	0	13.0556	1.92465	2.04225	13.22	99.8474	0	0	35201.2	45004.2	51250.7	54970.9	0	0	0	0	0	0	127
DATA	21:28:39:000	2023-12-09	689820	14.434	635.096	0.10251	438.674	682.462	12.2843	0.0694921	20.7412	14.2094	13.4572	78.4046	255	0	0	13.057	1.92455	2.04437	13.22	99.8473	0	0	35201.8	45004.9	51249.2	54972.8	0	0	0	0	0	0	251
DATA	21:28:40:000	2023-12-09	690120	14.4293	634.889	0.102482	438.48	682.448	12.2841	0.0694888	20.7384	14.2092	13.4588	78.4142	255	0	0	13.057	1.9245	2.04375	13.22	99.8577	0	0	35205.7	45010	51258.9	54977.5	0	0	0	0	0	0	178
DATA	21:28:41:000	2023-12-09	690420	14.4281	634.836	0.102475	438.472	681.67	12.2701	0.0694324	20.7161	14.1916	13.4605	78.4096	255	0	0	13.057	1.92475	2.04262	13.22	99.8568	0	0	35202.8	45007.7	51255.2	54975.9	0	0	0	0	0	0	 36
DATA	21:28:42:000	2023-12-09	690720	14.4328	635.043	0.102502	438.589	681.783	12.2721	0.0694414	20.7182	14.1943	13.4619	78.4147	255	0	0	13.0563	1.92438	2.04412	13.22	99.8627	0	0	35206.3	45013.2	51260.8	54979.7	0	0	0	0	0	0	130
DATA	21:28:43:000	2023-12-09	691020	14.4467	635.655	0.102575	439.076	682.981	12.2937	0.0695267	20.7577	14.2215	13.4633	78.4035	255	0	0	13.0543	1.92451	2.04337	13.22	99.8619	0	0	35202.8	45011.8	51253.5	54977.7	0	0	0	0	0	0	152
DATA	21:28:44:000	2023-12-09	691320	14.4567	636.095	0.10263	439.38	683.547	12.3038	0.0695672	20.7749	14.2343	13.4649	78.4039	255	0	0	13.0563	1.92465	2.0425	13.22	99.8705	0	0	35200.9	45014.6	51256.1	54981.9	0	0	0	0	0	0	  1
DATA	21:28:45:000	2023-12-09	691620	14.4452	635.589	0.10257	438.971	683.804	12.3085	0.0695876	20.7799	14.2402	13.4663	78.4149	255	0	0	13.0563	1.92449	2.04287	13.22	99.8612	0	0	35204.5	45011.6	51257	54980.6	0	0	0	0	0	0	 20
DATA	21:28:46:000	2023-12-09	691920	14.4502	635.809	0.102596	439.13	683.612	12.305	0.0695731	20.7744	14.236	13.468	78.4142	255	0	0	13.057	1.92448	2.04312	13.22	99.8692	0	0	35200.7	45015.3	51262.5	54984.8	0	0	0	0	0	0	133
DATA	21:28:47:000	2023-12-09	692220	14.4553	636.033	0.102622	439.282	682.421	12.2836	0.0694869	20.7381	14.2091	13.4696	78.4151	255	0	0	13.0563	1.9246	2.0435	13.22	99.8717	0	0	35204.7	45015.5	51262.6	54985.1	0	0	0	0	0	0	 31
DATA	21:28:48:000	2023-12-09	692520	14.4615	636.306	0.102654	439.492	683.408	12.3013	0.0695564	20.7691	14.2315	13.4708	78.4116	255	0	0	13.057	1.92443	2.04337	13.22	99.8695	0	0	35205.1	45015.8	51258.6	54983	0	0	0	0	0	0	249
DATA	21:28:49:000	2023-12-09	692820	14.4552	636.029	0.102623	439.313	682.841	12.2911	0.0695181	20.7525	14.2188	13.4723	78.4097	255	0	0	13.0577	1.92489	2.04387	13.22	99.8865	0	0	35205.9	45019.9	51264.3	54985.8	0	0	0	0	0	0	177
DATA	21:28:50:000	2023-12-09	693120	14.4549	636.016	0.102618	439.331	682.843	12.2912	0.0695156	20.7538	14.2189	13.474	78.4053	255	0	0	13.057	1.92435	2.04362	13.22	99.8753	0	0	35202.8	45019.1	51263.2	54985	0	0	0	0	0	0	187
DATA	21:28:51:000	2023-12-09	693420	14.4626	636.354	0.102659	439.564	683.123	12.2962	0.0695355	20.7623	14.2253	13.4752	78.4059	255	0	0	13.0563	1.92439	2.0435	13.22	99.872	0	0	35203.5	45017.3	51260	54984.8	0	0	0	0	0	0	196
DATA	21:28:52:000	2023-12-09	693720	14.4763	636.957	0.102735	439.984	683.337	12.3001	0.0695526	20.7689	14.2302	13.4763	78.4056	255	0	0	13.0563	1.92453	2.04399	13.22	99.8765	0	0	35201.3	45018.3	51259.3	54984.9	0	0	0	0	0	0	171
DATA	21:28:53:000	2023-12-09	694020	14.4824	637.226	0.102769	440.153	683.365	12.3006	0.0695558	20.769	14.2309	13.4777	78.4089	255	0	0	13.0563	1.92434	2.0435	13.22	99.8811	0	0	35205.3	45021.8	51269.7	54991.2	0	0	0	0	0	0	 43
DATA	21:28:54:000	2023-12-09	694320	14.4761	636.948	0.102734	439.981	682.395	12.2831	0.0694852	20.7404	14.209	13.4787	78.4057	255	0	0	13.0563	1.9245	2.04462	13.22	99.8822	0	0	35204.7	45021	51266.7	54989.1	0	0	0	0	0	0	219
DATA	21:28:55:000	2023-12-09	694620	14.4757	636.931	0.102733	439.952	682.892	12.2921	0.0695218	20.7548	14.2204	13.4802	78.4091	255	0	0	13.0563	1.92459	2.043	13.22	99.8904	0	0	35206	45024	51267.7	54992.5	0	0	0	0	0	0	112
DATA	21:28:56:000	2023-12-09	694920	14.4907	637.591	0.102813	440.41	683.683	12.3063	0.0695779	20.7789	14.2383	13.4815	78.409	255	0	0	13.057	1.92452	2.0435	13.22	99.8879	0	0	35200.1	45023.5	51266.4	54993.6	0	0	0	0	0	0	219
DATA	21:28:57:000	2023-12-09	695220	14.5046	638.202	0.102888	440.806	683.482	12.3027	0.0695642	20.7716	14.2338	13.4827	78.414	255	0	0	13.057	1.92433	2.04312	13.22	99.8858	0	0	35202.2	45024	51267.9	54994.2	0	0	0	0	0	0	193
DATA	21:28:58:000	2023-12-09	695520	14.4833	637.265	0.102774	440.171	683.375	12.3008	0.0695564	20.7689	14.2315	13.484	78.4122	255	0	0	13.0563	1.92443	2.04337	13.22	99.8898	0	0	35204.9	45025	51269.7	54994.8	0	0	0	0	0	0	 21
DATA	21:28:59:000	2023-12-09	695820	14.4944	637.754	0.102833	440.53	683.281	12.2991	0.0695494	20.767	14.2294	13.4853	78.4087	255	0	0	13.057	1.92455	2.0435	13.22	99.8983	0	0	35203.6	45027.9	51275.1	54997.6	0	0	0	0	0	0	240
DATA	21:29:00:000	2023-12-09	696120	14.4958	637.815	0.102839	440.592	683.391	12.301	0.0695558	20.7713	14.232	13.4865	78.4056	255	0	0	13.0563	1.92405	2.04312	13.22	99.8897	0	0	35205.7	45027.9	51272.1	54998.1	0	0	0	0	0	0	 46
DATA	21:29:01:000	2023-12-09	696420	14.5005	638.022	0.102864	440.747	682.624	12.2872	0.0695009	20.7486	14.2147	13.4877	78.4038	255	0	0	13.057	1.92425	2.04399	13.22	99.8896	0	0	35203	45026.4	51272.6	54998.4	0	0	0	0	0	0	  7
DATA	21:29:02:000	2023-12-09	696720	14.4946	637.762	0.102833	440.535	683.279	12.299	0.0695479	20.7669	14.2296	13.489	78.4099	255	0	0	13.057	1.9244	2.04487	13.22	99.8924	0	0	35203.4	45026.4	51270.8	54995.8	0	0	0	0	0	0	252
DATA	21:29:03:000	2023-12-09	697020	14.5007	638.031	0.102863	440.807	682.351	12.2823	0.0694798	20.7428	14.2086	13.4899	78.3947	255	0	0	13.0563	1.92433	2.04399	13.22	99.8959	0	0	35204.3	45028.5	51275.2	54996.7	0	0	0	0	0	0	171
DATA	21:29:04:000	2023-12-09	697320	14.5056	638.246	0.10289	440.913	682.39	12.283	0.0694828	20.742	14.2096	13.4912	78.4028	255	0	0	13.057	1.92431	2.04399	13.22	99.8996	0	0	35204.9	45030.4	51274.5	54998	0	0	0	0	0	0	 64
DATA	21:29:05:000	2023-12-09	697620	14.5016	638.07	0.10287	440.797	682.69	12.2884	0.0695056	20.7513	14.2164	13.4919	78.402	255	0	0	13.057	1.92445	2.04487	13.22	99.8968	0	0	35203.2	45028	51271.5	54994.8	0	0	0	0	0	0	 69
DATA	21:29:06:000	2023-12-09	697920	14.5009	638.04	0.102864	440.792	682.624	12.2872	0.0694994	20.7501	14.215	13.4928	78.3994	255	0	0	13.057	1.92428	2.04512	13.22	99.8909	0	0	35203	45026.7	51270.8	54993.6	0	0	0	0	0	0	168
DATA	21:29:07:000	2023-12-09	698220	14.5096	638.422	0.10291	441.019	682.605	12.2869	0.0694975	20.7478	14.2146	13.4939	78.4063	255	0	0	13.057	1.92431	2.04462	13.22	99.9014	0	0	35203.7	45031.2	51276	54997.1	0	0	0	0	0	0	199
DATA	21:29:08:000	2023-12-09	698520	14.5083	638.365	0.102903	441.013	683.306	12.2995	0.0695477	20.7706	14.2305	13.4946	78.4006	255	0	0	13.057	1.92426	2.04449	13.22	99.9001	0	0	35203.8	45031	51272.8	54994.6	0	0	0	0	0	0	242
DATA	21:29:09:000	2023-12-09	698820	14.5211	638.928	0.102973	441.393	683.048	12.2949	0.0695303	20.7624	14.2247	13.4953	78.4024	255	0	0	13.057	1.92432	2.04437	13.22	99.9067	0	0	35204.6	45033.5	51277.7	54999.4	0	0	0	0	0	0	111
DATA	21:29:10:000	2023-12-09	699120	14.5212	638.933	0.102973	441.418	682.642	12.2876	0.0695009	20.7511	14.2155	13.4956	78.3985	255	0	0	13.057	1.92422	2.04487	13.22	99.9015	0	0	35204.2	45032	51274.2	54996.7	0	0	0	0	0	0	245
DATA	21:29:11:000	2023-12-09	699420	14.5299	639.316	0.103021	441.666	682.871	12.2917	0.0695183	20.7573	14.2207	13.4962	78.4016	255	0	0	13.057	1.92446	2.04499	13.22	99.9062	0	0	35203.4	45032.2	51273	54996.1	0	0	0	0	0	0	247
DATA	21:29:12:000	2023-12-09	699720	14.5183	638.805	0.10296	441.293	682.522	12.2854	0.069494	20.7457	14.2129	13.4968	78.4053	255	0	0	13.0563	1.92453	2.04512	13.22	99.9055	0	0	35205.1	45031.3	51274.8	54993.3	0	0	0	0	0	0	 41
DATA	21:29:13:000	2023-12-09	700020	14.5232	639.021	0.102985	441.436	682.894	12.2921	0.0695201	20.7567	14.2214	13.4978	78.4067	255	0	0	13.057	1.92447	2.04362	13.22	99.9101	0	0	35203.4	45033.9	51272.7	54997.2	0	0	0	0	0	0	 64
DATA	21:29:14:000	2023-12-09	700320	14.525	639.1	0.102996	441.508	682.239	12.2803	0.0694737	20.7376	14.2066	13.4982	78.4038	255	0	0	13.057	1.9245	2.04387	13.22	99.913	0	0	35202.1	45034.9	51273.4	54998.4	0	0	0	0	0	0	 86
DATA	21:29:15:000	2023-12-09	700620	14.5209	638.92	0.102975	441.39	682.696	12.2885	0.0695069	20.7518	14.2169	13.4988	78.4028	255	0	0	13.057	1.92453	2.04375	13.22	99.9126	0	0	35204.8	45034.6	51277.9	54998.2	0	0	0	0	0	0	 28
DATA	21:29:16:000	2023-12-09	700920	14.5226	638.994	0.102985	441.428	682.492	12.2849	0.0694935	20.745	14.2123	13.4991	78.4053	255	0	0	13.0563	1.92442	2.04399	13.22	99.9117	0	0	35204.8	45034.9	51273.6	54997.3	0	0	0	0	0	0	115
DATA	21:29:17:000	2023-12-09	701220	14.5208	638.915	0.102975	441.368	682.337	12.2821	0.0694819	20.74	14.2088	13.4991	78.4062	255	0	0	13.0563	1.92422	2.04512	13.22	99.9049	0	0	35205.7	45033.5	51269.7	54993.7	0	0	0	0	0	0	 41
DATA	21:29:18:000	2023-12-09	701520	14.5356	639.566	0.103051	441.855	682.671	12.2881	0.0695031	20.7519	14.2164	13.4991	78.3996	255	0	0	13.057	1.92458	2.04375	13.22	99.9181	0	0	35203.9	45036.6	51273.2	54997.2	0	0	0	0	0	0	106
DATA	21:29:19:000	2023-12-09	701820	14.5413	639.817	0.103083	442.003	683.046	12.2948	0.0695307	20.7621	14.2249	13.499	78.404	255	0	0	13.0577	1.92444	2.04437	13.22	99.9199	0	0	35205.4	45038.5	51278.1	55000.9	0	0	0	0	0	0	 26
DATA	21:29:20:000	2023-12-09	702120	14.5375	639.65	0.103062	441.884	682.918	12.2925	0.0695217	20.7581	14.222	13.4994	78.4047	255	0	0	13.057	1.92429	2.04412	13.22	99.9094	0	0	35201	45035	51274.9	54997.1	0	0	0	0	0	0	 41
DATA	21:29:21:000	2023-12-09	702420	14.537	639.628	0.103058	441.867	682.533	12.2856	0.0694928	20.7463	14.2133	13.4997	78.4051	255	0	0	13.057	1.92429	2.04499	13.22	99.9104	0	0	35203.4	45035.4	51272	54996.4	0	0	0	0	0	0	205
DATA	21:29:22:000	2023-12-09	702720	14.5339	639.492	0.103041	441.781	682.156	12.2788	0.0694659	20.7352	14.2048	13.5003	78.4039	255	0	0	13.057	1.92419	2.04399	13.22	99.9187	0	0	35205.8	45039.9	51276.6	54998.9	0	0	0	0	0	0	120
DATA	21:29:23:000	2023-12-09	703020	14.5345	639.518	0.103046	441.801	682.749	12.2895	0.0695098	20.7533	14.2182	13.5007	78.4037	255	0	0	13.057	1.92424	2.04424	13.22	99.9154	0	0	35204.8	45038.1	51274.5	54997.9	0	0	0	0	0	0	 81
DATA	21:29:24:000	2023-12-09	703320	14.5282	639.241	0.103013	441.601	682.868	12.2916	0.0695184	20.7565	14.2209	13.5012	78.4053	255	0	0	13.0563	1.92427	2.04487	13.22	99.918	0	0	35205.9	45039	51274	54999.1	0	0	0	0	0	0	133
DATA	21:29:25:000	2023-12-09	703620	14.5415	639.826	0.103088	441.967	683.091	12.2956	0.0695371	20.7615	14.226	13.5019	78.4123	255	0	0	13.0563	1.92431	2.04499	13.22	99.9268	0	0	35205.7	45042.7	51278.7	55003.4	0	0	0	0	0	0	 87
DATA	21:29:26:000	2023-12-09	703920	14.5455	640.002	0.103103	442.159	683.117	12.2961	0.0695347	20.7656	14.2267	13.5026	78.4	255	0	0	13.0563	1.92444	2.04337	13.22	99.9279	0	0	35207.1	45042.1	51280.8	55002.8	0	0	0	0	0	0	201
DATA	21:29:27:000	2023-12-09	704220	14.5411	639.808	0.103078	442.042	683.272	12.2989	0.069544	20.7711	14.2302	13.5034	78.3972	255	0	0	13.057	1.92453	2.04449	13.22	99.9224	0	0	35205.5	45038.9	51275.3	54998.9	0	0	0	0	0	0	 38
DATA	21:29:28:000	2023-12-09	704520	14.5392	639.725	0.103071	441.977	682.632	12.2874	0.0695007	20.7513	14.2158	13.5042	78.3987	255	0	0	13.057	1.92434	2.04586	13.22	99.9211	0	0	35205.3	45039.8	51275.4	54998.2	0	0	0	0	0	0	 99
DATA	21:29:29:000	2023-12-09	704820	14.5432	639.901	0.103092	442.087	682.879	12.2918	0.0695181	20.7583	14.2214	13.5048	78.4009	255	0	0	13.0577	1.92434	2.04524	13.22	99.9234	0	0	35205.3	45040.8	51273	54998.2	0	0	0	0	0	0	 41
DATA	21:29:30:000	2023-12-09	705120	14.5444	639.954	0.103099	442.109	682.341	12.2821	0.0694803	20.7413	14.2093	13.5056	78.4037	255	0	0	13.057	1.92441	2.04487	13.22	99.9282	0	0	35205.2	45042.5	51276.7	54999	0	0	0	0	0	0	231
DATA	21:29:31:000	2023-12-09	705420	14.5387	639.703	0.103067	441.975	682.198	12.2796	0.0694693	20.7388	14.2061	13.5062	78.3969	255	0	0	13.057	1.92453	2.04574	13.22	99.934	0	0	35208.1	45044.2	51280.1	55001	0	0	0	0	0	0	194
DATA	21:29:32:000	2023-12-09	705720	14.5321	639.412	0.103033	441.764	683.325	12.2999	0.0695505	20.7725	14.2316	13.5069	78.3989	255	0	0	13.057	1.92453	2.04562	13.22	99.9352	0	0	35210.8	45044.7	51274.4	55001.3	0	0	0	0	0	0	 70
DATA	21:29:33:000	2023-12-09	706020	14.5408	639.795	0.10308	442.017	682.948	12.2931	0.0695241	20.7605	14.2231	13.5077	78.4013	255	0	0	13.0563	1.9245	2.04574	13.22	99.936	0	0	35208	45045.2	51279.4	54999.9	0	0	0	0	0	0	141
DATA	21:29:34:000	2023-12-09	706320	14.5471	640.072	0.103116	442.196	682.912	12.2924	0.069523	20.7588	14.2223	13.5084	78.4037	255	0	0	13.0563	1.92431	2.04636	13.22	99.9347	0	0	35210.2	45046.2	51274.3	55001.4	0	0	0	0	0	0	 36
DATA	21:29:35:000	2023-12-09	706620	14.5401	639.764	0.103075	441.982	683.387	12.301	0.0695539	20.7732	14.2331	13.5092	78.4041	255	0	0	13.057	1.92438	2.04487	13.22	99.9393	0	0	35209.6	45047.8	51277.6	55001.1	0	0	0	0	0	0	 30
DATA	21:29:36:000	2023-12-09	706920	14.5525	640.31	0.103141	442.348	682.862	12.2915	0.0695164	20.7568	14.2213	13.5099	78.4062	255	0	0	13.0563	1.92426	2.04586	13.22	99.9307	0	0	35203.6	45044.8	51274.1	54997.8	0	0	0	0	0	0	 86
DATA	21:29:37:000	2023-12-09	707220	14.5616	640.71	0.10319	442.686	682.628	12.2873	0.0694994	20.7525	14.216	13.511	78.3956	255	0	0	13.057	1.92436	2.04524	13.22	99.9362	0	0	35209.4	45046.5	51273.7	55000.5	0	0	0	0	0	0	134
DATA	21:29:38:000	2023-12-09	707520	14.55	640.2	0.103132	442.267	683.992	12.3119	0.0696008	20.7909	14.2469	13.5115	78.4075	255	0	0	13.0556	1.92454	2.04537	13.22	99.9398	0	0	35208.9	45046.7	51274.3	54998.9	0	0	0	0	0	0	215
DATA	21:29:39:000	2023-12-09	707820	14.5463	640.037	0.103109	442.185	682.765	12.2898	0.0695102	20.755	14.2192	13.5122	78.4023	255	0	0	13.057	1.92444	2.04562	13.22	99.9434	0	0	35210.5	45049.1	51276.5	55002.2	0	0	0	0	0	0	  2
DATA	21:29:40:000	2023-12-09	708120	14.543	639.892	0.103091	442.106	683.144	12.2966	0.069537	20.7675	14.2278	13.5128	78.3988	255	0	0	13.0563	1.92422	2.04437	13.22	99.9364	0	0	35210	45047.7	51274.2	54998.1	0	0	0	0	0	0	204
DATA	21:29:41:000	2023-12-09	708420	14.5627	640.759	0.103199	442.665	683.39	12.301	0.0695568	20.7731	14.2334	13.5131	78.4059	255	0	0	13.057	1.92434	2.04524	13.22	99.9452	0	0	35211.8	45050.7	51276.7	54999.2	0	0	0	0	0	0	246
DATA	21:29:42:000	2023-12-09	708720	14.5478	640.103	0.10312	442.219	682.822	12.2908	0.0695175	20.7562	14.2206	13.5135	78.4048	255	0	0	13.057	1.92456	2.04599	13.22	99.95	0	0	35212.6	45051.2	51277.3	55001.3	0	0	0	0	0	0	156
DATA	21:29:43:000	2023-12-09	709020	14.5519	640.284	0.103142	442.346	684.059	12.3131	0.0696053	20.7939	14.2485	13.5139	78.4045	255	0	0	13.0556	1.92461	2.04537	13.22	99.9473	0	0	35209.5	45049.5	51271.1	54998.7	0	0	0	0	0	0	141
DATA	21:29:44:000	2023-12-09	709320	14.5455	640.002	0.103105	442.144	683.323	12.2998	0.0695512	20.7712	14.2319	13.5143	78.4058	255	0	0	13.0563	1.92429	2.04512	13.22	99.9403	0	0	35210.5	45048.9	51269.6	54996.4	0	0	0	0	0	0	113
DATA	21:29:45:000	2023-12-09	709620	14.556	640.464	0.10316	442.539	682.741	12.2893	0.0695077	20.7571	14.2188	13.5154	78.3927	255	0	0	13.057	1.92457	2.04574	13.22	99.953	0	0	35212.3	45052.4	51273.2	54999.8	0	0	0	0	0	0	211
DATA	21:29:46:000	2023-12-09	709920	14.558	640.552	0.103172	442.537	683.084	12.2955	0.0695338	20.7645	14.2266	13.516	78.4041	255	0	0	13.0563	1.92447	2.04524	13.22	99.947	0	0	35210.4	45050.5	51273.9	54997.5	0	0	0	0	0	0	247
DATA	21:29:47:000	2023-12-09	710220	14.5459	640.02	0.10311	442.173	683.277	12.299	0.0695492	20.7706	14.231	13.5167	78.4035	255	0	0	13.0563	1.92468	2.04599	13.22	99.9502	0	0	35211.2	45050.3	51269.7	54996.3	0	0	0	0	0	0	178
DATA	21:29:48:000	2023-12-09	710520	14.5566	640.49	0.103165	442.512	683.765	12.3078	0.0695823	20.786	14.2421	13.5175	78.4014	255	0	0	13.0563	1.92431	2.04512	13.22	99.9399	0	0	35205.4	45048.5	51265.7	54995	0	0	0	0	0	0	194
DATA	21:29:49:000	2023-12-09	710820	14.561	640.684	0.10319	442.66	683.08	12.2954	0.0695347	20.7659	14.2267	13.5183	78.399	255	0	0	13.0577	1.92437	2.04636	13.22	99.9463	0	0	35208.1	45050.9	51274.5	54997.4	0	0	0	0	0	0	174
DATA	21:29:50:000	2023-12-09	711120	14.5553	640.433	0.103157	442.485	682.762	12.2897	0.0695099	20.7562	14.2195	13.5189	78.3994	255	0	0	13.0556	1.92421	2.04574	13.22	99.9415	0	0	35210.7	45050.1	51270	54995.2	0	0	0	0	0	0	 41
DATA	21:29:51:000	2023-12-09	711420	14.5509	640.24	0.103133	442.355	683.635	12.3054	0.069572	20.7829	14.2393	13.5196	78.399	255	0	0	13.0563	1.92444	2.04524	13.22	99.9537	0	0	35213.3	45053.8	51272.8	54999.2	0	0	0	0	0	0	241
DATA	21:29:52:000	2023-12-09	711720	14.5528	640.323	0.103141	442.418	683.735	12.3072	0.0695772	20.7862	14.2416	13.5201	78.3982	255	0	0	13.057	1.92437	2.04674	13.22	99.9501	0	0	35211.9	45052.7	51274	54997.2	0	0	0	0	0	0	229
