Model:	 LI-7500
SN:	75D-4923
Timestamp:	Dec 14 2023 at 6:55:51
DATAH	Time	Date	Sequence Number	CO2 (mmol/m^3)	CO2 (mg/m^3)	CO2 Absorptance	CO2 (umol/mol)	H2O (mmol/m^3)	H2O (g/m^3)	H2O Absorptance	H2O (mmol/mol)	Dew Point (C)	Temperature (C)	Pressure (kPa)	Diagnostic Value	Diagnostic Value 2	Diagnostic Word	DSI Vin (v)	Cooler Voltage (v)	Chopper Cooler Voltage (v)	Smart Flux Vin (v)	CO2 Signal Strength	Integral	Peak Height	CO2 Sample	CO2 Reference	H2O Sample	H2O Reference	CH4 Seconds	CH4 Nano Seconds	CH4 (umol/mol)	CH4 (mmol/m^3)	CH4 Signal Strength (RSSI)	CH4 Diagnostic Value	CHK
DATA	14:55:41:000	2023-12-14	1113000	13.0459	574.02	0.094284	420.619	690.178	12.4232	0.069465	22.2523	14.8679	22.5696	76.2563	255	0	0	13.0632	2.03472	2.36271	13.17	100.123	0	0	34834.8	44119.7	49571.9	53075.6	0	0	0	0	0	0	 58
DATA	14:55:42:000	2023-12-14	1113300	13.0477	574.099	0.094294	420.658	690.692	12.4325	0.0695017	22.2679	14.8793	22.5663	76.2589	255	0	0	13.0632	2.03507	2.36284	13.17	100.133	0	0	34834.4	44120.2	49570.1	53075.7	0	0	0	0	0	0	170
DATA	14:55:43:000	2023-12-14	1113600	13.0505	574.222	0.09431	420.731	692.965	12.4734	0.0696621	22.3403	14.9301	22.5621	76.2608	255	0	0	13.0632	2.03483	2.36358	13.17	100.123	0	0	34839	44118.5	49571.3	53075.5	0	0	0	0	0	0	234
DATA	14:55:44:000	2023-12-14	1113900	13.0457	574.011	0.094285	420.552	694.216	12.4959	0.0697518	22.3793	14.9579	22.5593	76.2645	255	0	0	13.0632	2.035	2.36346	13.17	100.133	0	0	34841.3	44121.3	49580.2	53079.1	0	0	0	0	0	0	 61
DATA	14:55:45:000	2023-12-14	1114200	13.0721	575.172	0.0944366	421.422	701.633	12.6294	0.0702781	22.6194	15.1229	22.5562	76.2604	255	0	0	13.0632	2.03505	2.36271	13.17	100.136	0	0	34837.2	44121.9	49550.5	53076.3	0	0	0	0	0	0	167
DATA	14:55:46:000	2023-12-14	1114500	13.064	574.816	0.0943858	421.139	698.676	12.5762	0.0700649	22.5229	15.0572	22.554	76.2637	255	0	0	13.0632	2.03509	2.36209	13.17	100.135	0	0	34836.6	44121.2	49550.5	53075	0	0	0	0	0	0	 13
DATA	14:55:47:000	2023-12-14	1114800	13.0564	574.482	0.0943446	420.902	699.435	12.5898	0.0701192	22.5479	15.0739	22.5521	76.2617	255	0	0	13.0632	2.03509	2.36259	13.17	100.136	0	0	34836.3	44121.7	49544.8	53076.2	0	0	0	0	0	0	225
DATA	14:55:48:000	2023-12-14	1115100	13.0866	575.81	0.0945116	421.875	704.925	12.6886	0.0705035	22.7248	15.1954	22.5494	76.2611	255	0	0	13.0632	2.03498	2.36358	13.17	100.132	0	0	34832.9	44120.8	49533.9	53077.1	0	0	0	0	0	0	171
DATA	14:55:49:000	2023-12-14	1115400	13.0834	575.67	0.0944965	421.722	704.869	12.6876	0.0705022	22.7203	15.194	22.5472	76.2696	255	0	0	13.0632	2.03516	2.36147	13.17	100.14	0	0	34827.5	44122.4	49500.5	53073.7	0	0	0	0	0	0	 53
DATA	14:55:50:000	2023-12-14	1115700	13.0897	575.947	0.0945276	421.965	706.399	12.7152	0.0706054	22.7718	15.2277	22.5464	76.2622	255	0	0	13.0632	2.03498	2.36259	13.17	100.134	0	0	34831.8	44121.7	49517.4	53075.4	0	0	0	0	0	0	234
DATA	14:55:51:000	2023-12-14	1116000	13.1131	576.976	0.0946601	422.76	712.458	12.8242	0.0710315	22.9693	15.3606	22.5444	76.2543	255	0	0	13.0632	2.03499	2.36147	13.17	100.13	0	0	34830.3	44119.8	49507.8	53071.7	0	0	0	0	0	0	 92
DATA	14:55:52:000	2023-12-14	1116300	13.0963	576.237	0.0945713	422.135	709.606	12.7729	0.0708364	22.8728	15.2981	22.5431	76.2691	255	0	0	13.0632	2.03499	2.36159	13.17	100.136	0	0	34828.1	44122.8	49498.8	53074.3	0	0	0	0	0	0	233
DATA	14:55:53:000	2023-12-14	1116600	13.1086	576.778	0.0946356	422.583	711.549	12.8079	0.0709685	22.9383	15.3405	22.5402	76.259	255	0	0	13.0632	2.03506	2.36196	13.17	100.139	0	0	34827.6	44123.3	49504.1	53075.3	0	0	0	0	0	0	173
DATA	14:55:54:000	2023-12-14	1116900	13.1153	577.073	0.0946737	422.79	712.48	12.8246	0.0710345	22.9678	15.3607	22.5364	76.2596	255	0	0	13.0625	2.03497	2.36271	13.17	100.13	0	0	34825.8	44120.2	49497.3	53072.8	0	0	0	0	0	0	 75
DATA	14:55:55:000	2023-12-14	1117200	13.1426	578.274	0.0948233	423.686	715.122	12.8722	0.0712171	23.0538	15.4181	22.5321	76.2557	255	0	0	13.0632	2.03489	2.36259	13.17	100.132	0	0	34823	44122	49490.8	53071.5	0	0	0	0	0	0	247
DATA	14:55:56:000	2023-12-14	1117500	13.1654	579.278	0.0949543	424.381	716.122	12.8902	0.0712915	23.0839	15.4396	22.527	76.2615	255	0	0	13.0632	2.03488	2.36196	13.17	100.135	0	0	34812.6	44123.4	49472.8	53075.2	0	0	0	0	0	0	170
DATA	14:55:57:000	2023-12-14	1117800	13.1583	578.965	0.0949092	424.155	715.922	12.8866	0.0712718	23.0776	15.4351	22.5225	76.2598	255	0	0	13.0632	2.0348	2.36184	13.17	100.131	0	0	34811.9	44122.2	49479.1	53072.5	0	0	0	0	0	0	177
DATA	14:55:58:000	2023-12-14	1118100	13.1963	580.637	0.0951232	425.348	714.332	12.858	0.071165	23.0246	15.4001	22.5173	76.2642	255	0	0	13.0632	2.03515	2.36184	13.17	100.142	0	0	34812.4	44123.6	49490.7	53075.2	0	0	0	0	0	0	 67
DATA	14:55:59:000	2023-12-14	1118400	13.1804	579.938	0.0950352	424.819	717.513	12.9152	0.0713865	23.1262	15.4691	22.5122	76.2659	255	0	0	13.057	2.03499	2.36171	13.17	100.134	0	0	34811.8	44121.7	49475.9	53072.3	0	0	0	0	0	0	169
DATA	14:56:00:000	2023-12-14	1118700	13.2054	581.038	0.0951684	425.61	721.385	12.9849	0.0716506	23.2502	15.5528	22.5078	76.2675	255	0	0	13.0632	2.03505	2.36109	13.17	100.138	0	0	34810.3	44122.8	49468.1	53072.8	0	0	0	0	0	0	143
DATA	14:56:01:000	2023-12-14	1119000	13.21	581.24	0.0951973	425.811	723.498	13.023	0.0718002	23.3212	15.5983	22.5042	76.257	255	0	0	13.0632	2.03496	2.36159	13.17	100.138	0	0	34808	44123.7	49458.8	53073.8	0	0	0	0	0	0	 89
DATA	14:56:02:000	2023-12-14	1119300	13.2171	581.552	0.0952336	426.033	722.117	12.9981	0.0717017	23.2763	15.5683	22.5005	76.2574	255	0	0	13.0625	2.03473	2.36047	13.17	100.135	0	0	34807.9	44124.8	49459.8	53074.9	0	0	0	0	0	0	202
DATA	14:56:03:000	2023-12-14	1119600	13.2072	581.117	0.0951827	425.71	724.429	13.0397	0.0718659	23.3507	15.618	22.4966	76.257	255	0	0	13.0639	2.03481	2.36072	13.17	100.139	0	0	34807.1	44125.6	49449.6	53074.2	0	0	0	0	0	0	 66
DATA	14:56:04:000	2023-12-14	1119900	13.2274	582.006	0.0952953	426.288	726.144	13.0706	0.0719855	23.4019	15.6547	22.4932	76.2692	255	0	0	13.0625	2.03462	2.36097	13.17	100.134	0	0	34806.5	44125.4	49450.6	53076.2	0	0	0	0	0	0	212
DATA	14:56:05:000	2023-12-14	1120200	13.229	582.076	0.0953008	426.387	726.84	13.0831	0.0720303	23.427	15.6695	22.4896	76.2598	255	0	0	13.0632	2.0351	2.36171	13.17	100.144	0	0	34806.5	44124.9	49447.4	53076.2	0	0	0	0	0	0	252
DATA	14:56:06:000	2023-12-14	1120500	13.2282	582.041	0.0952987	426.329	726.981	13.0857	0.0720423	23.4297	15.6723	22.4864	76.2648	255	0	0	13.0632	2.0349	2.36196	13.17	100.137	0	0	34805.1	44123.9	49441.1	53074.7	0	0	0	0	0	0	161
DATA	14:56:07:000	2023-12-14	1120800	13.2393	582.529	0.095354	426.75	729.061	13.1231	0.0721803	23.5002	15.7168	22.4834	76.2527	255	0	0	13.0618	2.03506	2.36072	13.17	100.144	0	0	34804.3	44125.1	49436.2	53074.6	0	0	0	0	0	0	 71
DATA	14:56:08:000	2023-12-14	1121100	13.2455	582.802	0.0953912	426.908	730.759	13.1537	0.0723008	23.5527	15.7529	22.4796	76.2592	255	0	0	13.0632	2.03465	2.36159	13.17	100.135	0	0	34801.6	44125.7	49433.4	53074.5	0	0	0	0	0	0	209
DATA	14:56:09:000	2023-12-14	1121400	13.249	582.956	0.0954117	427.035	731.925	13.1746	0.0723825	23.591	15.7777	22.4758	76.2557	255	0	0	13.0632	2.03506	2.36022	13.17	100.147	0	0	34801.9	44126.7	49425.8	53074.5	0	0	0	0	0	0	118
DATA	14:56:10:000	2023-12-14	1121700	13.2517	583.075	0.0954291	427.07	732.354	13.1824	0.0724146	23.602	15.7866	22.4718	76.2639	255	0	0	13.0632	2.03489	2.36122	13.17	100.142	0	0	34801.2	44126.2	49424.3	53075.5	0	0	0	0	0	0	 77
DATA	14:56:11:000	2023-12-14	1122000	13.2589	583.392	0.0954716	427.291	734.118	13.2141	0.0725386	23.6582	15.824	22.4679	76.2648	255	0	0	13.0632	2.03506	2.36047	13.17	100.142	0	0	34799.1	44124.4	49414.1	53072.8	0	0	0	0	0	0	152
DATA	14:56:12:000	2023-12-14	1122300	13.259	583.396	0.0954688	427.31	734.798	13.2264	0.0725823	23.681	15.8383	22.4643	76.2612	255	0	0	13.0625	2.03493	2.35922	13.17	100.141	0	0	34798.5	44125.3	49408	53072.7	0	0	0	0	0	0	229
DATA	14:56:13:000	2023-12-14	1122600	13.27	583.88	0.0955274	427.683	736.204	13.2517	0.072677	23.7274	15.868	22.4613	76.257	255	0	0	13.0632	2.03475	2.36072	13.17	100.135	0	0	34798	44124.6	49407.1	53070.8	0	0	0	0	0	0	 71
DATA	14:56:14:000	2023-12-14	1122900	13.2779	584.228	0.0955722	427.924	738.264	13.2888	0.0728201	23.793	15.9116	22.4581	76.2586	255	0	0	13.0632	2.03488	2.35959	13.17	100.144	0	0	34797.1	44127.4	49401.7	53074.6	0	0	0	0	0	0	197
DATA	14:56:15:000	2023-12-14	1123200	13.2879	584.668	0.0956301	428.196	739.315	13.3077	0.0728952	23.824	15.9337	22.4547	76.2668	255	0	0	13.0632	2.03492	2.36059	13.17	100.142	0	0	34795.4	44126.1	49397.2	53071.9	0	0	0	0	0	0	193
DATA	14:56:16:000	2023-12-14	1123500	13.2803	584.333	0.0955853	428.002	739.136	13.3044	0.07288	23.8211	15.9297	22.4511	76.2568	255	0	0	13.0625	2.03484	2.36034	13.17	100.138	0	0	34792.2	44124.8	49388.2	53071.4	0	0	0	0	0	0	 98
DATA	14:56:17:000	2023-12-14	1123800	13.2917	584.835	0.0956432	428.393	741.475	13.3465	0.073036	23.8978	15.9789	22.4476	76.2517	255	0	0	13.0625	2.03492	2.36022	13.17	100.138	0	0	34792.5	44123.9	49382.7	53070	0	0	0	0	0	0	 99
DATA	14:56:18:000	2023-12-14	1124100	13.283	584.452	0.0956011	428.053	740.583	13.3305	0.0729804	23.8658	15.9599	22.4441	76.2613	255	0	0	13.0625	2.03499	2.36034	13.17	100.14	0	0	34791.8	44124.1	49383.6	53070.4	0	0	0	0	0	0	103
DATA	14:56:19:000	2023-12-14	1124400	13.3012	585.253	0.0957031	428.587	744.277	13.397	0.0732359	23.9818	16.0376	22.4405	76.2698	255	0	0	13.0625	2.03497	2.36047	13.17	100.143	0	0	34791.1	44125.9	49377.7	53071.8	0	0	0	0	0	0	187
DATA	14:56:20:000	2023-12-14	1124700	13.3065	585.486	0.0957301	428.787	745.265	13.4148	0.0733014	24.0153	16.0582	22.437	76.2637	255	0	0	13.0625	2.03498	2.36097	13.17	100.146	0	0	34788.7	44127.2	49370.1	53072.8	0	0	0	0	0	0	166
DATA	14:56:21:000	2023-12-14	1125000	13.3062	585.473	0.0957297	428.779	744.182	13.3953	0.0732281	23.9805	16.0353	22.4334	76.2624	255	0	0	13.0632	2.03468	2.36022	13.17	100.141	0	0	34788.6	44128	49376.1	53073.6	0	0	0	0	0	0	113
DATA	14:56:22:000	2023-12-14	1125300	13.3137	585.803	0.0957712	429.029	744.713	13.4048	0.0732647	23.9981	16.0463	22.431	76.2603	255	0	0	13.0625	2.03481	2.35984	13.17	100.14	0	0	34789.6	44126.3	49372.3	53072.6	0	0	0	0	0	0	107
DATA	14:56:23:000	2023-12-14	1125600	13.3265	586.366	0.0958392	429.457	749.395	13.4891	0.0735829	24.1499	16.1444	22.4294	76.2571	255	0	0	13.0625	2.03495	2.36009	13.17	100.144	0	0	34782.9	44126.5	49351.5	53071.6	0	0	0	0	0	0	252
DATA	14:56:24:000	2023-12-14	1125900	13.3284	586.45	0.0958503	429.558	746.886	13.4439	0.0734119	24.0712	16.0918	22.4281	76.2497	255	0	0	13.0625	2.03495	2.35885	13.17	100.147	0	0	34785.2	44127.8	49366.9	53074.3	0	0	0	0	0	0	209
DATA	14:56:25:000	2023-12-14	1126200	13.3493	587.369	0.0959619	430.235	750.724	13.513	0.0736711	24.1951	16.172	22.4263	76.2487	255	0	0	13.0632	2.03508	2.35935	13.17	100.151	0	0	34781.6	44128.4	49348.8	53073.5	0	0	0	0	0	0	114
DATA	14:56:26:000	2023-12-14	1126500	13.3703	588.293	0.096077	430.919	753.798	13.5684	0.0738807	24.2946	16.236	22.424	76.2469	255	0	0	13.0632	2.03487	2.36047	13.17	100.148	0	0	34778.3	44128.9	49336.8	53072.2	0	0	0	0	0	0	105
DATA	14:56:27:000	2023-12-14	1126800	13.3713	588.337	0.0960876	430.923	756.7	13.6206	0.0740839	24.3865	16.2962	22.4219	76.2512	255	0	0	13.0625	2.03474	2.35947	13.17	100.145	0	0	34779	44129.1	49332.9	53072.2	0	0	0	0	0	0	 35
DATA	14:56:28:000	2023-12-14	1127100	13.3607	587.871	0.096027	430.56	753.289	13.5592	0.0738491	24.2754	16.2251	22.4187	76.2543	255	0	0	13.0625	2.03458	2.35872	13.17	100.142	0	0	34779.9	44129.2	49348.9	53073.5	0	0	0	0	0	0	142
DATA	14:56:29:000	2023-12-14	1127400	13.3439	587.132	0.0959361	430.016	748.876	13.4798	0.0735487	24.133	16.1328	22.4149	76.2538	255	0	0	13.0625	2.03484	2.35997	13.17	100.143	0	0	34783.8	44127.1	49358.8	53073.7	0	0	0	0	0	0	203
DATA	14:56:30:000	2023-12-14	1127700	13.3368	586.819	0.0958982	429.777	748.674	13.4761	0.073536	24.126	16.1283	22.4103	76.2543	255	0	0	13.0618	2.03472	2.35959	13.17	100.144	0	0	34784.1	44128.9	49357.3	53074	0	0	0	0	0	0	 51
DATA	14:56:31:000	2023-12-14	1128000	13.3547	587.607	0.0959927	430.38	750.257	13.5046	0.0736405	24.1784	16.1612	22.4059	76.2486	255	0	0	13.0632	2.03501	2.3586	13.17	100.156	0	0	34785.8	44131	49362.5	53076.5	0	0	0	0	0	0	 15
DATA	14:56:32:000	2023-12-14	1128300	13.3366	586.81	0.0958948	429.747	749.347	13.4882	0.0735798	24.1463	16.1419	22.401	76.2562	255	0	0	13.0625	2.03469	2.3586	13.17	100.143	0	0	34786.7	44128.7	49366.9	53074	0	0	0	0	0	0	 17
DATA	14:56:33:000	2023-12-14	1128600	13.3343	586.709	0.09588	429.727	748.531	13.4736	0.0735221	24.1231	16.1247	22.3981	76.2457	255	0	0	13.0632	2.03457	2.3586	13.17	100.141	0	0	34788.6	44129	49363.2	53075.2	0	0	0	0	0	0	229
DATA	14:56:34:000	2023-12-14	1128900	13.3577	587.739	0.0960126	430.425	751.262	13.5227	0.0737126	24.2079	16.1815	22.3939	76.2547	255	0	0	13.0611	2.03467	2.35984	13.17	100.143	0	0	34777.5	44128.9	49344.5	53072.3	0	0	0	0	0	0	233
DATA	14:56:35:000	2023-12-14	1129200	13.4053	589.833	0.0962746	431.92	758.994	13.6619	0.0742402	24.4549	16.342	22.3896	76.2603	255	0	0	13.0639	2.03462	2.35797	13.17	100.146	0	0	34768.9	44130.7	49314.5	53074	0	0	0	0	0	0	 48
DATA	14:56:36:000	2023-12-14	1129500	13.3783	588.645	0.0961257	431.063	753.583	13.5645	0.0738707	24.2813	16.2294	22.3849	76.2568	255	0	0	13.0625	2.03455	2.35885	13.17	100.142	0	0	34779.3	44129.9	49342.4	53074.7	0	0	0	0	0	0	  1
DATA	14:56:37:000	2023-12-14	1129800	13.3917	589.235	0.0962003	431.472	755.669	13.602	0.0740144	24.3472	16.2725	22.3796	76.2595	255	0	0	13.0625	2.03475	2.35984	13.17	100.154	0	0	34776.8	44133.2	49338.5	53077.2	0	0	0	0	0	0	186
DATA	14:56:38:000	2023-12-14	1130100	13.3892	589.125	0.0961833	431.428	754.873	13.5877	0.073957	24.3236	16.2558	22.3752	76.252	255	0	0	13.0625	2.03464	2.3586	13.17	100.146	0	0	34773.5	44130.6	49329.6	53074.7	0	0	0	0	0	0	 85
DATA	14:56:39:000	2023-12-14	1130400	13.4063	589.877	0.0962796	431.96	757.168	13.629	0.0741153	24.3965	16.3032	22.3708	76.2541	255	0	0	13.0632	2.03447	2.35785	13.17	100.148	0	0	34773.7	44133	49327.4	53077.8	0	0	0	0	0	0	 45
DATA	14:56:40:000	2023-12-14	1130700	13.388	589.072	0.0961789	431.354	756.469	13.6164	0.0740675	24.373	16.2884	22.3667	76.256	255	0	0	13.0632	2.03456	2.35847	13.17	100.15	0	0	34779.7	44133.1	49341.5	53079.2	0	0	0	0	0	0	 41
DATA	14:56:41:000	2023-12-14	1131000	13.3531	587.536	0.095986	430.234	750.28	13.505	0.0736442	24.1739	16.1594	22.3628	76.2541	255	0	0	13.0625	2.03457	2.35872	13.17	100.147	0	0	34784.9	44131.8	49357.1	53077.7	0	0	0	0	0	0	 64
DATA	14:56:42:000	2023-12-14	1131300	13.4095	590.018	0.0962948	432.087	760.29	13.6852	0.0743254	24.4984	16.3671	22.3584	76.2467	255	0	0	13.0625	2.03475	2.35685	13.17	100.157	0	0	34774.9	44134.5	49324.7	53078.6	0	0	0	0	0	0	193
DATA	14:56:43:000	2023-12-14	1131600	13.3675	588.17	0.0960632	430.728	752.332	13.542	0.0737823	24.2417	16.2017	22.354	76.2466	255	0	0	13.0625	2.03474	2.35797	13.17	100.154	0	0	34792.1	44133.3	49380.4	53081.2	0	0	0	0	0	0	 42
DATA	14:56:44:000	2023-12-14	1131900	13.3927	589.279	0.0962045	431.495	758.759	13.6577	0.0742235	24.4462	16.3349	22.3485	76.2531	255	0	0	13.0625	2.03451	2.35822	13.17	100.148	0	0	34777.5	44132.6	49325.2	53077.4	0	0	0	0	0	0	241
DATA	14:56:45:000	2023-12-14	1132200	13.3863	588.997	0.0961679	431.268	758.302	13.6494	0.0741908	24.4303	16.3252	22.3437	76.2556	255	0	0	13.0632	2.03434	2.35785	13.17	100.146	0	0	34777.8	44133.8	49331.7	53079.9	0	0	0	0	0	0	250
DATA	14:56:46:000	2023-12-14	1132500	13.4035	589.754	0.0962628	431.816	761.506	13.7071	0.0744093	24.5332	16.3912	22.339	76.2554	255	0	0	13.0625	2.03463	2.35747	13.17	100.152	0	0	34773.1	44133.4	49316.1	53076.2	0	0	0	0	0	0	147
DATA	14:56:47:000	2023-12-14	1132800	13.3915	589.226	0.0961962	431.436	758.995	13.6619	0.074238	24.4526	16.339	22.3342	76.2531	255	0	0	13.0625	2.03436	2.35698	13.17	100.147	0	0	34778.6	44134.1	49330.7	53081.3	0	0	0	0	0	0	135
DATA	14:56:48:000	2023-12-14	1133100	13.3624	587.946	0.0960363	430.49	755.471	13.5985	0.0739978	24.3386	16.2658	22.3295	76.2534	255	0	0	13.0625	2.03454	2.35847	13.17	100.152	0	0	34784.3	44134.2	49342.2	53080.3	0	0	0	0	0	0	188
DATA	14:56:49:000	2023-12-14	1133400	13.3656	588.086	0.0960546	430.582	756	13.608	0.0740341	24.355	16.2765	22.3255	76.2543	255	0	0	13.0632	2.03445	2.3566	13.17	100.154	0	0	34786.7	44136.3	49347.7	53083.2	0	0	0	0	0	0	122
DATA	14:56:50:000	2023-12-14	1133700	13.3528	587.523	0.0959893	430.124	753.866	13.5696	0.073894	24.2837	16.2321	22.3235	76.2619	255	0	0	13.0625	2.03449	2.35723	13.17	100.154	0	0	34784.8	44135.8	49346.5	53081	0	0	0	0	0	0	 91
DATA	14:56:51:000	2023-12-14	1134000	13.3466	587.25	0.0959509	429.937	751.94	13.5349	0.0737581	24.2224	16.1917	22.3193	76.2585	255	0	0	13.0618	2.03452	2.35635	13.17	100.156	0	0	34793.7	44136.3	49372.9	53085	0	0	0	0	0	0	 43
DATA	14:56:52:000	2023-12-14	1134300	13.3674	588.166	0.0960642	430.639	756.546	13.6178	0.0740711	24.3726	16.2872	22.314	76.2515	255	0	0	13.0618	2.03435	2.35635	13.17	100.152	0	0	34788.6	44136.1	49351.4	53083.5	0	0	0	0	0	0	162
DATA	14:56:53:000	2023-12-14	1134600	13.3707	588.311	0.096082	430.72	755.397	13.5971	0.0739929	24.3342	16.2632	22.3095	76.2547	255	0	0	13.0625	2.03444	2.35635	13.17	100.153	0	0	34783.2	44135.8	49339.4	53083	0	0	0	0	0	0	 23
DATA	14:56:54:000	2023-12-14	1134900	13.386	588.984	0.0961653	431.251	759.795	13.6763	0.0742915	24.478	16.3541	22.3057	76.247	255	0	0	13.0625	2.03432	2.35635	13.17	100.15	0	0	34780	44135.6	49325.2	53082.6	0	0	0	0	0	0	188
DATA	14:56:55:000	2023-12-14	1135200	13.3696	588.262	0.0960764	430.682	757.042	13.6268	0.074105	24.387	16.2969	22.3018	76.2533	255	0	0	13.0632	2.03434	2.3561	13.17	100.153	0	0	34785.8	44136.6	49342.7	53083	0	0	0	0	0	0	226
DATA	14:56:56:000	2023-12-14	1135500	13.3683	588.205	0.096068	430.668	758.399	13.6512	0.0741961	24.4323	16.3248	22.298	76.2474	255	0	0	13.0625	2.03426	2.35523	13.17	100.147	0	0	34783.2	44134.9	49330.7	53081.4	0	0	0	0	0	0	126
DATA	14:56:57:000	2023-12-14	1135800	13.3796	588.702	0.096129	431.01	760.04	13.6807	0.0743067	24.4839	16.3585	22.2934	76.2501	255	0	0	13.0625	2.03444	2.35436	13.17	100.156	0	0	34782.6	44137.1	49324.8	53082.2	0	0	0	0	0	0	 61
DATA	14:56:58:000	2023-12-14	1136100	13.3954	589.398	0.0962192	431.478	761.982	13.7157	0.0744425	24.5441	16.3984	22.2901	76.2565	255	0	0	13.0625	2.03448	2.35511	13.17	100.161	0	0	34781.2	44139.1	49319.7	53084	0	0	0	0	0	0	139
DATA	14:56:59:000	2023-12-14	1136400	13.3956	589.406	0.09622	431.47	764.105	13.7539	0.0745861	24.6117	16.4419	22.286	76.2579	255	0	0	13.0618	2.03426	2.35511	13.17	100.151	0	0	34783.1	44136.9	49320.9	53081.8	0	0	0	0	0	0	 24
DATA	14:57:00:000	2023-12-14	1136700	13.3683	588.205	0.0960691	430.614	760.278	13.685	0.0743254	24.4898	16.3628	22.2829	76.253	255	0	0	13.0625	2.03438	2.35436	13.17	100.153	0	0	34782.7	44136.2	49317.2	53082.1	0	0	0	0	0	0	117
DATA	14:57:01:000	2023-12-14	1137000	13.3688	588.227	0.096077	430.626	759.798	13.6764	0.0742975	24.474	16.3528	22.2798	76.253	255	0	0	13.0625	2.03421	2.35461	13.17	100.154	0	0	34788.3	44138.8	49329.9	53084	0	0	0	0	0	0	 10
DATA	14:57:02:000	2023-12-14	1137300	13.368	588.192	0.0960688	430.573	760.113	13.682	0.0743155	24.4827	16.3591	22.2764	76.2568	255	0	0	13.0625	2.03427	2.35436	13.17	100.152	0	0	34787.2	44137	49327.5	53084.1	0	0	0	0	0	0	 21
DATA	14:57:03:000	2023-12-14	1137600	13.3596	587.822	0.0960204	430.324	760.28	13.685	0.0743244	24.4892	16.3623	22.2729	76.2522	255	0	0	13.0625	2.03421	2.35473	13.17	100.152	0	0	34785.8	44137.7	49321.7	53084.1	0	0	0	0	0	0	100
DATA	14:57:04:000	2023-12-14	1137900	13.3752	588.509	0.0961102	430.797	762.189	13.7194	0.0744581	24.5491	16.4016	22.2698	76.2565	255	0	0	13.0625	2.03415	2.35386	13.17	100.151	0	0	34784.2	44137.7	49314.9	53083.8	0	0	0	0	0	0	239
DATA	14:57:05:000	2023-12-14	1138200	13.3676	588.174	0.0960662	430.545	761.022	13.6984	0.0743768	24.5111	16.3773	22.267	76.2571	255	0	0	13.0632	2.0341	2.35473	13.17	100.15	0	0	34787	44138	49326.6	53084.4	0	0	0	0	0	0	125
DATA	14:57:06:000	2023-12-14	1138500	13.3672	588.157	0.0960609	430.573	761.443	13.706	0.0744024	24.527	16.3859	22.2641	76.2491	255	0	0	13.0625	2.03421	2.35461	13.17	100.153	0	0	34788.4	44138.2	49324.5	53085.3	0	0	0	0	0	0	105
DATA	14:57:07:000	2023-12-14	1138800	13.3575	587.73	0.0960133	430.209	761.273	13.7029	0.0743963	24.5185	16.3822	22.2616	76.2577	255	0	0	13.0611	2.03422	2.35423	13.17	100.153	0	0	34786.7	44138.2	49322	53085.8	0	0	0	0	0	0	 61
DATA	14:57:08:000	2023-12-14	1139100	13.3741	588.46	0.0961039	430.708	762.079	13.7174	0.0744506	24.5425	16.3987	22.2586	76.2631	255	0	0	13.0611	2.03406	2.35423	13.17	100.15	0	0	34786.6	44138.2	49319.8	53084.3	0	0	0	0	0	0	120
DATA	14:57:09:000	2023-12-14	1139400	13.3599	587.836	0.0960257	430.281	760.198	13.6836	0.0743225	24.4836	16.3597	22.2549	76.2568	255	0	0	13.0618	2.03416	2.35436	13.17	100.16	0	0	34787	44141.6	49326.9	53088.4	0	0	0	0	0	0	113
DATA	14:57:10:000	2023-12-14	1139700	13.3751	588.504	0.0961069	430.816	762.675	13.7281	0.0744884	24.566	16.4106	22.2521	76.248	255	0	0	13.0625	2.03405	2.35336	13.17	100.152	0	0	34787.4	44139.3	49324.2	53087.1	0	0	0	0	0	0	109
DATA	14:57:11:000	2023-12-14	1140000	13.3958	589.415	0.0962185	431.473	764.365	13.7586	0.074601	24.6199	16.4453	22.25	76.2492	255	0	0	13.0625	2.0342	2.35373	13.17	100.16	0	0	34783.4	44141.5	49317.3	53087.7	0	0	0	0	0	0	217
DATA	14:57:12:000	2023-12-14	1140300	13.3724	588.386	0.0960887	430.745	763.026	13.7345	0.0745089	24.5782	16.4177	22.2498	76.2447	255	0	0	13.0632	2.03423	2.35436	13.17	100.162	0	0	34789	44141.9	49323.3	53088.8	0	0	0	0	0	0	141
DATA	14:57:13:000	2023-12-14	1140600	13.3599	587.836	0.0960235	430.27	760.672	13.6921	0.0743524	24.4983	16.3691	22.2482	76.257	255	0	0	13.0625	2.0339	2.35411	13.17	100.148	0	0	34789.6	44139.2	49327.8	53085.2	0	0	0	0	0	0	 79
DATA	14:57:14:000	2023-12-14	1140900	13.3543	587.589	0.0959939	430.12	758.504	13.6531	0.0742062	24.4301	16.3242	22.2457	76.2511	255	0	0	13.0639	2.03394	2.35311	13.17	100.149	0	0	34790.2	44138.9	49334.7	53085.6	0	0	0	0	0	0	157
DATA	14:57:15:000	2023-12-14	1141200	13.3659	588.1	0.0960566	430.501	759.814	13.6767	0.0742946	24.4728	16.3512	22.2443	76.2493	255	0	0	13.0639	2.03415	2.35324	13.17	100.158	0	0	34788.1	44140.9	49330.8	53087.2	0	0	0	0	0	0	119
DATA	14:57:16:000	2023-12-14	1141500	13.3828	588.843	0.0961459	431.066	762.509	13.7252	0.0744742	24.5608	16.4067	22.2425	76.2452	255	0	0	13.0639	2.03385	2.35299	13.17	100.15	0	0	34784.6	44140.6	49318.2	53087.8	0	0	0	0	0	0	185
DATA	14:57:17:000	2023-12-14	1141800	13.3564	587.682	0.0959991	430.251	761.103	13.6999	0.0743766	24.5175	16.3776	22.2408	76.2385	255	0	0	13.0639	2.03387	2.35249	13.17	100.15	0	0	34791.4	44140.3	49331.2	53086.8	0	0	0	0	0	0	195
DATA	14:57:18:000	2023-12-14	1142100	13.3573	587.721	0.0960069	430.261	760.483	13.6887	0.0743373	24.4965	16.3647	22.2388	76.2413	255	0	0	13.0639	2.03379	2.35348	13.17	100.144	0	0	34788.7	44138.7	49321.3	53085.1	0	0	0	0	0	0	239
DATA	14:57:19:000	2023-12-14	1142400	13.3578	587.743	0.0960084	430.274	759.185	13.6653	0.074248	24.4545	16.3378	22.2369	76.2414	255	0	0	13.0639	2.03385	2.35324	13.17	100.15	0	0	34789.5	44140.4	49328.9	53086.2	0	0	0	0	0	0	140
DATA	14:57:20:000	2023-12-14	1142700	13.3374	586.846	0.0959004	429.576	754.863	13.5875	0.0739577	24.3129	16.2481	22.2348	76.2481	255	0	0	13.0632	2.03377	2.35224	13.17	100.148	0	0	34792	44140.5	49337.8	53088.2	0	0	0	0	0	0	146
DATA	14:57:21:000	2023-12-14	1143000	13.3557	587.651	0.0959982	430.173	759.457	13.6702	0.0742678	24.4613	16.3432	22.2323	76.2461	255	0	0	13.0632	2.03393	2.35324	13.17	100.152	0	0	34790	44140.7	49334.5	53087.8	0	0	0	0	0	0	109
DATA	14:57:22:000	2023-12-14	1143300	13.3291	586.48	0.0958489	429.356	755.442	13.598	0.0739914	24.3342	16.2599	22.2304	76.2386	255	0	0	13.0632	2.03376	2.35136	13.17	100.141	0	0	34792.2	44137.7	49332.7	53086.3	0	0	0	0	0	0	133
DATA	14:57:23:000	2023-12-14	1143600	13.338	586.872	0.0959003	429.594	758.955	13.6612	0.074233	24.4446	16.3326	22.2286	76.2468	255	0	0	13.0618	2.0336	2.35236	13.17	100.143	0	0	34791.5	44140.2	49323.3	53087.6	0	0	0	0	0	0	 67
DATA	14:57:24:000	2023-12-14	1143900	13.3446	587.162	0.0959408	429.695	758.84	13.6591	0.0742291	24.4346	16.3302	22.2273	76.2663	255	0	0	13.0618	2.03376	2.35136	13.17	100.149	0	0	34795.3	44140.9	49338.2	53087.8	0	0	0	0	0	0	193
DATA	14:57:25:000	2023-12-14	1144200	13.3708	588.315	0.0960814	430.656	765.093	13.7717	0.0746507	24.6427	16.459	22.2266	76.2452	255	0	0	13.0625	2.03367	2.35174	13.17	100.144	0	0	34792.4	44139.8	49336.2	53086.1	0	0	0	0	0	0	175
DATA	14:57:26:000	2023-12-14	1144500	13.3382	586.881	0.0959034	429.575	759.265	13.6668	0.0742557	24.4532	16.3389	22.2258	76.2505	255	0	0	13.0618	2.03382	2.35211	13.17	100.158	0	0	34800.1	44144.1	49351.3	53092.6	0	0	0	0	0	0	222
DATA	14:57:27:000	2023-12-14	1144800	13.3608	587.875	0.0960258	430.355	763.486	13.7427	0.0745407	24.5921	16.4259	22.2258	76.2413	255	0	0	13.0625	2.03359	2.35261	13.17	100.144	0	0	34788	44140.6	49315.7	53087.8	0	0	0	0	0	0	141
DATA	14:57:28:000	2023-12-14	1145100	13.3482	587.321	0.0959575	429.905	761.835	13.713	0.07443	24.5364	16.3919	22.2253	76.2491	255	0	0	13.0618	2.0336	2.35149	13.17	100.145	0	0	34794.3	44140.8	49324.8	53088.2	0	0	0	0	0	0	 23
DATA	14:57:29:000	2023-12-14	1145400	13.3272	586.397	0.0958419	429.26	760.053	13.681	0.0743087	24.4808	16.3551	22.2249	76.2433	255	0	0	13.0618	2.03359	2.35286	13.17	100.142	0	0	34792.6	44139.8	49322	53084.3	0	0	0	0	0	0	 32
DATA	14:57:30:000	2023-12-14	1145700	13.3489	587.352	0.095961	429.988	762.328	13.7219	0.074463	24.5557	16.4021	22.2259	76.2385	255	0	0	13.0611	2.03358	2.35099	13.17	100.145	0	0	34792.3	44141.2	49319.7	53088.5	0	0	0	0	0	0	142
DATA	14:57:31:000	2023-12-14	1146000	13.3433	587.105	0.0959296	429.795	762.472	13.7245	0.0744722	24.5596	16.4051	22.2258	76.2407	255	0	0	13.0625	2.03351	2.35224	13.17	100.142	0	0	34790.6	44140.6	49317.1	53086.8	0	0	0	0	0	0	207
DATA	14:57:32:000	2023-12-14	1146300	13.3369	586.824	0.0958929	429.586	762.032	13.7166	0.0744406	24.5453	16.396	22.2264	76.2413	255	0	0	13.0625	2.0335	2.35249	13.17	100.14	0	0	34794.5	44139.7	49323.4	53086.9	0	0	0	0	0	0	 86
DATA	14:57:33:000	2023-12-14	1146600	13.3405	586.982	0.0959129	429.698	763.339	13.7401	0.0745296	24.5872	16.423	22.2278	76.2424	255	0	0	13.0611	2.03349	2.35236	13.17	100.144	0	0	34798.6	44141.4	49342.6	53088.6	0	0	0	0	0	0	193
DATA	14:57:34:000	2023-12-14	1146900	13.3493	587.369	0.0959629	429.994	765.475	13.7785	0.0746763	24.6567	16.467	22.2289	76.2404	255	0	0	13.0618	2.03355	2.35224	13.17	100.145	0	0	34793.1	44141.4	49312.2	53086.5	0	0	0	0	0	0	218
DATA	14:57:35:000	2023-12-14	1147200	13.3396	586.942	0.0959071	429.698	764.69	13.7644	0.0746205	24.6323	16.4509	22.2308	76.2381	255	0	0	13.0611	2.03348	2.35211	13.17	100.145	0	0	34795.6	44142.3	49320.6	53088.7	0	0	0	0	0	0	178
DATA	14:57:36:000	2023-12-14	1147500	13.331	586.564	0.0958595	429.388	762.094	13.7177	0.0744438	24.5468	16.3976	22.233	76.2445	255	0	0	13.0618	2.03313	2.35174	13.17	100.136	0	0	34795.8	44142	49321.2	53087.7	0	0	0	0	0	0	 49
DATA	14:57:37:000	2023-12-14	1147800	13.3239	586.252	0.0958262	429.139	761.633	13.7094	0.0744184	24.5309	16.3882	22.2349	76.2485	255	0	0	13.0625	2.03353	2.35149	13.17	100.145	0	0	34796	44141.7	49320.4	53087.8	0	0	0	0	0	0	141
DATA	14:57:38:000	2023-12-14	1148100	13.321	586.124	0.0958086	429.071	761.615	13.7091	0.0744153	24.5317	16.388	22.2368	76.2446	255	0	0	13.0618	2.03341	2.35037	13.17	100.141	0	0	34797	44141	49318.8	53088.3	0	0	0	0	0	0	168
DATA	14:57:39:000	2023-12-14	1148400	13.3278	586.423	0.0958478	429.27	763.368	13.7406	0.0745362	24.587	16.4242	22.2389	76.2487	255	0	0	13.0618	2.0335	2.35236	13.17	100.15	0	0	34800.9	44143.9	49325.8	53089.9	0	0	0	0	0	0	 56
DATA	14:57:40:000	2023-12-14	1148700	13.3286	586.458	0.0958521	429.272	763.257	13.7386	0.0745289	24.5821	16.422	22.2415	76.2536	255	0	0	13.0618	2.03347	2.35186	13.17	100.149	0	0	34798.9	44144.1	49318.3	53090.5	0	0	0	0	0	0	194
DATA	14:57:41:000	2023-12-14	1149000	13.3364	586.802	0.0958916	429.551	765.812	13.7846	0.0746988	24.6659	16.4747	22.2435	76.2492	255	0	0	13.0618	2.03328	2.35224	13.17	100.143	0	0	34797.9	44143.2	49313.2	53088.4	0	0	0	0	0	0	254
DATA	14:57:42:000	2023-12-14	1149300	13.3235	586.234	0.0958193	429.178	763.67	13.7461	0.0745516	24.5994	16.4307	22.245	76.2419	255	0	0	13.0618	2.03348	2.35174	13.17	100.148	0	0	34801	44143.3	49318.2	53089.5	0	0	0	0	0	0	 30
DATA	14:57:43:000	2023-12-14	1149600	13.313	585.772	0.0957635	428.841	763.746	13.7474	0.0745589	24.6019	16.4324	22.2466	76.2422	255	0	0	13.0625	2.03303	2.35136	13.17	100.136	0	0	34800.7	44142.7	49313.6	53088.4	0	0	0	0	0	0	169
DATA	14:57:44:000	2023-12-14	1149900	13.3254	586.318	0.0958307	429.242	765.407	13.7773	0.0746709	24.6555	16.4666	22.2487	76.2425	255	0	0	13.0618	2.0333	2.35199	13.17	100.142	0	0	34799.6	44142.8	49310.8	53089.7	0	0	0	0	0	0	211
DATA	14:57:45:000	2023-12-14	1150200	13.3069	585.504	0.0957313	428.648	763.65	13.7457	0.0745538	24.5991	16.4306	22.2497	76.2423	255	0	0	13.0625	2.03311	2.35136	13.17	100.139	0	0	34802.8	44143.5	49322.2	53090	0	0	0	0	0	0	 58
DATA	14:57:46:000	2023-12-14	1150500	13.3222	586.177	0.0958149	429.12	766.033	13.7886	0.0747151	24.6746	16.4796	22.251	76.2464	255	0	0	13.0618	2.03323	2.35161	13.17	100.143	0	0	34801.3	44143.9	49310.5	53089.8	0	0	0	0	0	0	112
DATA	14:57:47:000	2023-12-14	1150800	13.309	585.596	0.0957394	428.733	765.682	13.7823	0.0746881	24.6655	16.4725	22.2529	76.2401	255	0	0	13.0611	2.03308	2.35136	13.17	100.139	0	0	34804.9	44143.4	49319.8	53090.4	0	0	0	0	0	0	189
