Model:	 LI-7500
SN:	75D-4923
Timestamp:	Dec 9 2023 at 4:35:31
DATAH	Time	Date	Sequence Number	CO2 (mmol/m^3)	CO2 (mg/m^3)	CO2 Absorptance	CO2 (umol/mol)	H2O (mmol/m^3)	H2O (g/m^3)	H2O Absorptance	H2O (mmol/mol)	Dew Point (C)	Temperature (C)	Pressure (kPa)	Diagnostic Value	Diagnostic Value 2	Diagnostic Word	DSI Vin (v)	Cooler Voltage (v)	Chopper Cooler Voltage (v)	Smart Flux Vin (v)	CO2 Signal Strength	Integral	Peak Height	CO2 Sample	CO2 Reference	H2O Sample	H2O Reference	CH4 Seconds	CH4 Nano Seconds	CH4 (umol/mol)	CH4 (mmol/m^3)	CH4 Signal Strength (RSSI)	CH4 Diagnostic Value	CHK
DATA	12:35:28:000	2023-12-09	1619925	13.526	595.144	0.0969443	439.259	808.172	14.5471	0.0775539	26.2455	17.4595	24.7928	76.2766	255	0	0	13.0728	2.06978	2.43591	13.21	99.1719	0	0	34122.9	43331.1	48556.7	52405.3	0	0	0	0	0	0	249
DATA	12:35:29:000	2023-12-09	1620225	13.5263	595.157	0.0969489	439.316	811.622	14.6092	0.0777859	26.3604	17.5282	24.8158	76.2743	255	0	0	13.0721	2.06949	2.43603	13.21	99.1697	0	0	34124.6	43333.4	48546.5	52407.5	0	0	0	0	0	0	 16
DATA	12:35:30:000	2023-12-09	1620525	13.5364	595.602	0.097004	439.684	815.258	14.6746	0.0780263	26.4809	17.6005	24.8419	76.2741	255	0	0	13.0728	2.06987	2.43628	13.21	99.1767	0	0	34119.1	43332.3	48522.6	52405.5	0	0	0	0	0	0	201
DATA	12:35:31:000	2023-12-09	1620825	13.5443	595.949	0.0970475	439.966	820.797	14.7743	0.0783929	26.6624	17.7092	24.8676	76.2762	255	0	0	13.0742	2.06957	2.43591	13.21	99.1736	0	0	34122.9	43334.2	48515.8	52405.6	0	0	0	0	0	0	 46
DATA	12:35:32:000	2023-12-09	1621125	13.5494	596.174	0.0970753	440.191	819.501	14.751	0.0783074	26.6238	17.6854	24.8907	76.2719	255	0	0	13.0728	2.0697	2.43553	13.21	99.179	0	0	34120.4	43335.1	48514.5	52406.2	0	0	0	0	0	0	 93
DATA	12:35:33:000	2023-12-09	1621425	13.5408	595.795	0.0970308	439.905	819.651	14.7537	0.07832	26.6283	17.6897	24.9167	76.2796	255	0	0	13.0735	2.06952	2.4379	13.21	99.1669	0	0	34120.6	43331.8	48511.6	52404.6	0	0	0	0	0	0	135
DATA	12:35:34:000	2023-12-09	1621725	13.5965	598.246	0.0973344	441.773	842.222	15.16	0.0798023	27.3652	18.1227	24.9424	76.2762	255	0	0	13.068	2.0696	2.43678	13.21	99.1756	0	0	34105.8	43334.7	48412.8	52399.6	0	0	0	0	0	0	 69
DATA	12:35:35:000	2023-12-09	1622025	13.5491	596.16	0.0970757	440.261	828.728	14.9171	0.0789176	26.9285	17.8672	24.9681	76.2779	255	0	0	13.0728	2.06987	2.43653	13.21	99.1766	0	0	34117.2	43332.2	48479.9	52401.5	0	0	0	0	0	0	248
DATA	12:35:36:000	2023-12-09	1622325	13.564	596.816	0.0971579	440.771	831.078	14.9594	0.0790728	27.0064	17.9136	24.9938	76.28	255	0	0	13.0735	2.06956	2.43641	13.21	99.162	0	0	34112.8	43329.2	48467	52399.7	0	0	0	0	0	0	245
DATA	12:35:37:000	2023-12-09	1622625	13.5797	597.507	0.09724	441.323	832.761	14.9897	0.0791799	27.0636	17.9471	25.0195	76.2794	255	0	0	13.0728	2.06971	2.4374	13.21	99.1716	0	0	34111.9	43331.8	48463.8	52400.4	0	0	0	0	0	0	133
DATA	12:35:38:000	2023-12-09	1622925	13.5746	597.282	0.0972153	441.22	837.294	15.0713	0.0794801	27.2149	18.0347	25.0431	76.2745	255	0	0	13.0735	2.06972	2.43728	13.21	99.1656	0	0	34110.7	43329	48448.3	52398.2	0	0	0	0	0	0	106
DATA	12:35:39:000	2023-12-09	1623225	13.5969	598.264	0.0973371	441.966	836.731	15.0612	0.0794433	27.1979	18.0252	25.0662	76.2767	255	0	0	13.068	2.06953	2.43803	13.21	99.1617	0	0	34106.2	43329.4	48447	52397.4	0	0	0	0	0	0	128
DATA	12:35:40:000	2023-12-09	1623525	13.6301	599.724	0.0975195	443.091	843.483	15.1827	0.0798867	27.4201	18.1544	25.091	76.2753	255	0	0	13.0735	2.06944	2.43753	13.21	99.1561	0	0	34098.3	43328	48418.2	52395.3	0	0	0	0	0	0	112
DATA	12:35:41:000	2023-12-09	1623825	13.6282	599.641	0.0975128	443.035	844.606	15.2029	0.0799643	27.4571	18.177	25.1162	76.2806	255	0	0	13.0735	2.06961	2.4394	13.21	99.1646	0	0	34099.4	43329.8	48416.2	52396	0	0	0	0	0	0	 72
DATA	12:35:42:000	2023-12-09	1624125	13.6256	599.526	0.0974956	442.98	844.523	15.2014	0.0799555	27.4562	18.1765	25.1372	76.2809	255	0	0	13.0728	2.06933	2.4379	13.21	99.1531	0	0	34097.5	43327.8	48409.3	52393.7	0	0	0	0	0	0	185
DATA	12:35:43:000	2023-12-09	1624425	13.6432	600.301	0.0975927	443.646	851.176	15.3212	0.0803903	27.6783	18.3029	25.162	76.2712	255	0	0	13.0742	2.06952	2.43778	13.21	99.1541	0	0	34093	43326.2	48388.6	52391.3	0	0	0	0	0	0	 80
DATA	12:35:44:000	2023-12-09	1624725	13.623	599.412	0.0974818	442.971	848.128	15.2663	0.0801907	27.578	18.247	25.186	76.2805	255	0	0	13.0735	2.0693	2.43715	13.21	99.1555	0	0	34099.4	43329.2	48397.8	52394.7	0	0	0	0	0	0	 34
DATA	12:35:45:000	2023-12-09	1625025	13.6323	599.821	0.0975308	443.334	850.618	15.3111	0.0803515	27.6628	18.2949	25.2088	76.2759	255	0	0	13.0742	2.06946	2.43828	13.21	99.1595	0	0	34097.7	43329.2	48389.3	52392.9	0	0	0	0	0	0	 27
DATA	12:35:46:000	2023-12-09	1625325	13.653	600.732	0.0976439	444.03	853.779	15.368	0.0805573	27.7671	18.3552	25.2313	76.2776	255	0	0	13.0735	2.06922	2.43778	13.21	99.1535	0	0	34094.9	43329.2	48381.7	52393.9	0	0	0	0	0	0	125
DATA	12:35:47:000	2023-12-09	1625625	13.6735	601.634	0.097758	444.715	858.263	15.4487	0.0808515	27.914	18.4401	25.2551	76.2807	255	0	0	13.0735	2.06959	2.4379	13.21	99.1608	0	0	34091.7	43328.3	48368.8	52390.9	0	0	0	0	0	0	133
DATA	12:35:48:000	2023-12-09	1625925	13.6831	602.056	0.097809	445.07	861.472	15.5065	0.081058	28.0211	18.5009	25.2788	76.2793	255	0	0	13.0728	2.06901	2.43815	13.21	99.1445	0	0	34086.3	43327.6	48348	52388.2	0	0	0	0	0	0	  5
DATA	12:35:49:000	2023-12-09	1626225	13.6825	602.03	0.0978072	445.073	862.097	15.5177	0.0811	28.0428	18.5136	25.2989	76.2806	255	0	0	13.0735	2.06949	2.43853	13.21	99.1541	0	0	34087.1	43326.5	48348.6	52387.5	0	0	0	0	0	0	 63
DATA	12:35:50:000	2023-12-09	1626525	13.7044	602.994	0.0979247	445.864	864.52	15.5614	0.0812555	28.1266	18.5596	25.3226	76.2732	255	0	0	13.0728	2.06942	2.4394	13.21	99.156	0	0	34083.6	43328.1	48340.6	52389.5	0	0	0	0	0	0	117
DATA	12:35:51:000	2023-12-09	1626825	13.7137	603.403	0.0979765	446.183	865.419	15.5775	0.0813151	28.1569	18.5775	25.3465	76.2765	255	0	0	13.0735	2.06923	2.4394	13.21	99.1484	0	0	34078.7	43326.8	48333.1	52388.3	0	0	0	0	0	0	237
DATA	12:35:52:000	2023-12-09	1627125	13.7361	604.388	0.0980994	446.936	867.841	15.6211	0.0814729	28.2372	18.6234	25.3702	76.2785	255	0	0	13.0735	2.06921	2.4399	13.21	99.1393	0	0	34073.7	43323.1	48324.3	52384	0	0	0	0	0	0	113
DATA	12:35:53:000	2023-12-09	1627425	13.7776	606.214	0.0983238	448.296	870.903	15.6763	0.0816694	28.3375	18.6809	25.392	76.2823	255	0	0	13.0742	2.06943	2.44002	13.21	99.1528	0	0	34072.1	43326.5	48313.7	52385.2	0	0	0	0	0	0	213
DATA	12:35:54:000	2023-12-09	1627725	13.7579	605.348	0.0982159	447.725	872.925	15.7126	0.081799	28.4077	18.7193	25.4163	76.2766	255	0	0	13.0735	2.06918	2.4394	13.21	99.1415	0	0	34069.3	43324.3	48306.5	52383.9	0	0	0	0	0	0	195
DATA	12:35:55:000	2023-12-09	1628025	13.7771	606.192	0.0983201	448.387	875.216	15.7539	0.0819467	28.4846	18.7625	25.4412	76.2767	255	0	0	13.0735	2.06939	2.4409	13.21	99.1481	0	0	34065.9	43325	48297.3	52382.5	0	0	0	0	0	0	142
DATA	12:35:56:000	2023-12-09	1628325	13.7943	606.949	0.0984152	448.98	877.101	15.7878	0.0820698	28.5481	18.7981	25.4628	76.2766	255	0	0	13.0735	2.06935	2.43952	13.21	99.145	0	0	34062.7	43324	48288.9	52381.6	0	0	0	0	0	0	120
DATA	12:35:57:000	2023-12-09	1628625	13.773	606.012	0.0982992	448.322	875.8	15.7644	0.0819858	28.508	18.7756	25.4864	76.2766	255	0	0	13.0728	2.06914	2.44027	13.21	99.1381	0	0	34063.2	43323.3	48285.2	52380.1	0	0	0	0	0	0	 73
DATA	12:35:58:000	2023-12-09	1628925	13.786	606.584	0.0983719	448.797	878.118	15.8061	0.0821374	28.5867	18.8192	25.5111	76.2741	255	0	0	13.0728	2.06916	2.43977	13.21	99.1394	0	0	34055.9	43323.7	48279	52380.3	0	0	0	0	0	0	165
DATA	12:35:59:000	2023-12-09	1629225	13.8633	609.985	0.0987903	451.363	883.435	15.9018	0.0824786	28.763	18.9172	25.536	76.2721	255	0	0	13.0721	2.06923	2.44027	13.21	99.1329	0	0	34041.5	43320.1	48262.5	52375.9	0	0	0	0	0	0	164
DATA	12:36:00:000	2023-12-09	1629525	13.974	614.856	0.099386	455.011	883.607	15.9049	0.0824873	28.7714	18.9215	25.5586	76.2705	255	0	0	13.0721	2.06938	2.44102	13.21	99.1389	0	0	34029.7	43321.1	48264	52376.1	0	0	0	0	0	0	 66
DATA	12:36:01:000	2023-12-09	1629825	13.8868	611.019	0.0989182	452.147	886.124	15.9502	0.0826523	28.8517	18.9684	25.5829	76.2809	255	0	0	13.0728	2.06927	2.44077	13.21	99.1302	0	0	34040.2	43318.4	48250.1	52373.2	0	0	0	0	0	0	  5
DATA	12:36:02:000	2023-12-09	1630125	13.9034	611.75	0.0990038	452.763	890.789	16.0342	0.0829462	29.0084	19.0539	25.6076	76.2745	255	0	0	13.0728	2.06916	2.44164	13.21	99.127	0	0	34033.3	43318.2	48240.1	52371.9	0	0	0	0	0	0	127
DATA	12:36:03:000	2023-12-09	1630425	13.9103	612.053	0.0990429	453.026	892.166	16.059	0.0830365	29.0558	19.0799	25.6312	76.274	255	0	0	13.0714	2.06922	2.44114	13.21	99.1226	0	0	34031.7	43315.7	48228.1	52370.4	0	0	0	0	0	0	106
DATA	12:36:04:000	2023-12-09	1630725	13.9191	612.44	0.0990931	453.329	889.445	16.01	0.0828651	28.9682	19.0321	25.6538	76.2771	255	0	0	13.0735	2.0693	2.44177	13.21	99.1344	0	0	34034	43319.9	48237.9	52372.2	0	0	0	0	0	0	208
DATA	12:36:05:000	2023-12-09	1631025	13.9394	613.334	0.0991997	454.045	895.711	16.1228	0.0832623	29.1758	19.146	25.6782	76.2741	255	0	0	13.0735	2.06931	2.44177	13.21	99.1334	0	0	34029.8	43319.4	48217.3	52372.7	0	0	0	0	0	0	205
DATA	12:36:06:000	2023-12-09	1631325	13.9585	614.174	0.099306	454.672	897.889	16.162	0.0834048	29.2471	19.1863	25.7022	76.2793	255	0	0	13.0735	2.0691	2.44227	13.21	99.1233	0	0	34022.6	43317.3	48209.4	52370.2	0	0	0	0	0	0	 93
DATA	12:36:07:000	2023-12-09	1631625	13.9703	614.693	0.0993663	455.107	899.654	16.1938	0.0835136	29.3078	19.2188	25.721	76.2756	255	0	0	13.0735	2.06925	2.44376	13.21	99.1319	0	0	34024.8	43319.4	48207.2	52370.2	0	0	0	0	0	0	219
DATA	12:36:08:000	2023-12-09	1631925	13.9449	613.576	0.0992299	454.302	896.603	16.1389	0.0833197	29.2098	19.1655	25.7439	76.2778	255	0	0	13.0735	2.06905	2.44239	13.21	99.1215	0	0	34022.8	43317	48205.1	52367.8	0	0	0	0	0	0	187
DATA	12:36:09:000	2023-12-09	1632225	13.974	614.856	0.0993887	455.289	901.559	16.2281	0.0836375	29.3739	19.2552	25.7668	76.277	255	0	0	13.0673	2.06936	2.44401	13.21	99.1222	0	0	34017.3	43313.9	48190.4	52364.1	0	0	0	0	0	0	175
DATA	12:36:10:000	2023-12-09	1632525	13.9945	615.758	0.0994987	455.991	905.497	16.2989	0.0838877	29.5044	19.3264	25.7887	76.2769	255	0	0	13.0735	2.06916	2.44202	13.21	99.1167	0	0	34015.4	43313.8	48179.3	52365.3	0	0	0	0	0	0	 64
DATA	12:36:11:000	2023-12-09	1632825	14.0013	616.057	0.0995352	456.271	906.194	16.3115	0.0839318	29.5308	19.34	25.8107	76.2728	255	0	0	13.0728	2.06907	2.44389	13.21	99.1179	0	0	34011.7	43315.2	48170.3	52363.8	0	0	0	0	0	0	132
DATA	12:36:12:000	2023-12-09	1633125	13.9787	615.063	0.0994168	455.523	903.398	16.2612	0.0837576	29.439	19.2915	25.832	76.2801	255	0	0	13.0728	2.06892	2.44414	13.21	99.1128	0	0	34014.2	43314.6	48174.7	52363.8	0	0	0	0	0	0	154
DATA	12:36:13:000	2023-12-09	1633425	14.0083	616.365	0.099571	456.576	909.687	16.3744	0.0841517	29.6497	19.4041	25.8534	76.2708	255	0	0	13.0735	2.06914	2.44314	13.21	99.1153	0	0	34008.8	43313.4	48156.1	52361.9	0	0	0	0	0	0	204
DATA	12:36:14:000	2023-12-09	1633725	13.995	615.78	0.0995009	456.141	909.01	16.3622	0.0841104	29.6275	19.3931	25.8724	76.2759	255	0	0	13.0728	2.06922	2.44401	13.21	99.1124	0	0	34010.6	43311.2	48157.9	52360.6	0	0	0	0	0	0	 75
DATA	12:36:15:000	2023-12-09	1634025	14.0038	616.167	0.0995516	456.468	909.814	16.3767	0.0841649	29.6563	19.4083	25.8911	76.274	255	0	0	13.0687	2.06894	2.44401	13.21	99.1074	0	0	34011.4	43312.1	48158	52359.1	0	0	0	0	0	0	109
DATA	12:36:16:000	2023-12-09	1634325	14.103	620.532	0.100082	459.735	917.535	16.5156	0.0846511	29.9102	19.5454	25.9126	76.2739	255	0	0	13.0728	2.06921	2.44439	13.21	99.1169	0	0	33988.8	43313.2	48123.1	52360.2	0	0	0	0	0	0	124
DATA	12:36:17:000	2023-12-09	1634625	14.0813	619.577	0.0999676	459.058	919.181	16.5453	0.0847573	29.9658	19.5754	25.9338	76.2742	255	0	0	13.0728	2.06921	2.44476	13.21	99.1149	0	0	33994.8	43312.4	48123.3	52357.4	0	0	0	0	0	0	 59
DATA	12:36:18:000	2023-12-09	1634925	14.0897	619.947	0.100013	459.35	920.336	16.566	0.0848304	30.0046	19.5967	25.9536	76.2763	255	0	0	13.0735	2.06946	2.44464	13.21	99.1182	0	0	33993.8	43311.2	48117.8	52356.2	0	0	0	0	0	0	112
DATA	12:36:19:000	2023-12-09	1635225	14.1148	621.051	0.100149	460.214	922.998	16.614	0.085	30.0944	19.644	25.9687	76.2726	255	0	0	13.0742	2.06932	2.44489	13.21	99.1113	0	0	33994.7	43309.6	48112	52354.4	0	0	0	0	0	0	 35
DATA	12:36:20:000	2023-12-09	1635525	14.0691	619.04	0.0998991	458.762	921.707	16.5907	0.0849134	30.0548	19.6225	25.9878	76.2712	255	0	0	13.0728	2.06937	2.44501	13.21	99.1142	0	0	33996	43310.3	48114.2	52355.7	0	0	0	0	0	0	113
DATA	12:36:21:000	2023-12-09	1635825	14.0583	618.565	0.0998428	458.443	921.607	16.5889	0.0849088	30.0537	19.6219	26.0083	76.2709	255	0	0	13.0735	2.06941	2.44638	13.21	99.1197	0	0	33999	43312.3	48114	52356.6	0	0	0	0	0	0	 93
DATA	12:36:22:000	2023-12-09	1636125	14.0991	620.36	0.100063	459.777	926.089	16.6696	0.0851921	30.2001	19.7012	26.0299	76.2757	255	0	0	13.0728	2.0694	2.44613	13.21	99.1109	0	0	33990.3	43308.6	48094	52350.5	0	0	0	0	0	0	240
DATA	12:36:23:000	2023-12-09	1636425	14.1435	622.314	0.100301	461.279	931.787	16.7722	0.0855511	30.3895	19.801	26.0481	76.2714	255	0	0	13.0735	2.06949	2.44676	13.21	99.1129	0	0	33978.2	43308.5	48071.9	52348.7	0	0	0	0	0	0	143
DATA	12:36:24:000	2023-12-09	1636725	14.1371	622.032	0.10027	461.059	931.061	16.7591	0.0855096	30.3651	19.7896	26.069	76.2786	255	0	0	13.0728	2.06935	2.44576	13.21	99.1026	0	0	33978.1	43305.5	48075.3	52347.1	0	0	0	0	0	0	 94
DATA	12:36:25:000	2023-12-09	1637025	14.156	622.864	0.100371	461.681	933.567	16.8042	0.0856662	30.4472	19.8339	26.0882	76.2826	255	0	0	13.0735	2.06931	2.44638	13.21	99.1022	0	0	33974.5	43305.8	48062.2	52345.7	0	0	0	0	0	0	142
DATA	12:36:26:000	2023-12-09	1637325	14.153	622.732	0.100353	461.661	934.082	16.8135	0.0856963	30.4691	19.8438	26.1068	76.2745	255	0	0	13.0735	2.06957	2.44701	13.21	99.111	0	0	33971.6	43306.9	48056.9	52347.5	0	0	0	0	0	0	 94
DATA	12:36:27:000	2023-12-09	1637625	14.1801	623.924	0.100502	462.559	937.745	16.8794	0.0859306	30.5895	19.9079	26.1245	76.2767	255	0	0	13.0742	2.06935	2.44775	13.21	99.1012	0	0	33967.1	43304.9	48044	52344.5	0	0	0	0	0	0	121
DATA	12:36:28:000	2023-12-09	1637925	14.1904	624.378	0.100555	462.923	940.879	16.9358	0.0861248	30.6936	19.9626	26.1405	76.2762	255	0	0	13.0735	2.06943	2.4475	13.21	99.1007	0	0	33968.8	43303.8	48028.7	52341.5	0	0	0	0	0	0	177
DATA	12:36:29:000	2023-12-09	1638225	14.2176	625.574	0.100701	463.883	944.681	17.0043	0.0863629	30.8224	20.0288	26.1598	76.2692	255	0	0	13.0735	2.06957	2.448	13.21	99.1068	0	0	33961.8	43304.9	48024.9	52341.7	0	0	0	0	0	0	104
DATA	12:36:30:000	2023-12-09	1638525	14.2178	625.583	0.100702	463.911	944.475	17.0005	0.0863503	30.8172	20.0263	26.1778	76.2702	255	0	0	13.0735	2.06919	2.44788	13.21	99.0913	0	0	33964.3	43302.4	48027.2	52339.4	0	0	0	0	0	0	169
DATA	12:36:31:000	2023-12-09	1638825	14.1988	624.747	0.100599	463.313	944.694	17.0045	0.0863617	30.8258	20.031	26.1955	76.2711	255	0	0	13.0721	2.06947	2.44863	13.21	99.1012	0	0	33962.6	43303.7	48017.7	52340.2	0	0	0	0	0	0	132
DATA	12:36:32:000	2023-12-09	1639125	14.238	626.472	0.100809	464.611	951.898	17.1342	0.0868125	31.0621	20.1546	26.212	76.2722	255	0	0	13.0721	2.06954	2.44925	13.21	99.0975	0	0	33955.2	43301.2	47995.2	52335.5	0	0	0	0	0	0	 70
DATA	12:36:33:000	2023-12-09	1639425	14.2392	626.525	0.100815	464.692	955.068	17.1912	0.0870086	31.1683	20.2094	26.231	76.2702	255	0	0	13.0735	2.06953	2.44888	13.21	99.0986	0	0	33958.9	43301.8	47994.8	52335.9	0	0	0	0	0	0	171
DATA	12:36:34:000	2023-12-09	1639725	14.2064	625.082	0.100639	463.67	951.215	17.1219	0.086769	31.0459	20.145	26.2494	76.2669	255	0	0	13.0673	2.0698	2.45025	13.21	99.104	0	0	33961.2	43301.2	48001.2	52335.1	0	0	0	0	0	0	162
DATA	12:36:35:000	2023-12-09	1640025	14.2202	625.689	0.100715	464.146	949.789	17.0962	0.0866816	31.001	20.1218	26.2683	76.2675	255	0	0	13.0742	2.06953	2.4495	13.21	99.0955	0	0	33957.2	43300.5	47995.2	52334.7	0	0	0	0	0	0	 95
DATA	12:36:36:000	2023-12-09	1640325	14.2372	626.437	0.100803	464.726	952.275	17.141	0.0868343	31.0839	20.1651	26.2876	76.2682	255	0	0	13.0735	2.06956	2.44888	13.21	99.089	0	0	33955.4	43297.3	47992.2	52330.3	0	0	0	0	0	0	108
DATA	12:36:37:000	2023-12-09	1640625	14.2227	625.799	0.100727	464.307	955.934	17.2068	0.0870633	31.2069	20.2282	26.3071	76.2643	255	0	0	13.0735	2.06976	2.44825	13.21	99.0992	0	0	33956.8	43299.6	47977.1	52332.5	0	0	0	0	0	0	222
DATA	12:36:38:000	2023-12-09	1640925	14.2519	627.084	0.100886	465.237	958.443	17.252	0.087223	31.2872	20.2716	26.3251	76.2728	255	0	0	13.0735	2.06965	2.44987	13.21	99.0952	0	0	33949.2	43299	47967	52331.4	0	0	0	0	0	0	183
DATA	12:36:39:000	2023-12-09	1641225	14.2604	627.458	0.100933	465.55	962.71	17.3288	0.087489	31.429	20.3444	26.3426	76.2714	255	0	0	13.068	2.06972	2.4495	13.21	99.0902	0	0	33948.2	43296.1	47951.3	52327.3	0	0	0	0	0	0	156
DATA	12:36:40:000	2023-12-09	1641525	14.2615	627.506	0.100936	465.633	961.576	17.3084	0.0874155	31.3951	20.3262	26.3594	76.268	255	0	0	13.0735	2.06958	2.45149	13.21	99.0931	0	0	33946.3	43298.9	47956	52328.4	0	0	0	0	0	0	 69
DATA	12:36:41:000	2023-12-09	1641825	14.2653	627.673	0.100957	465.786	962.507	17.3251	0.0874748	31.4275	20.3428	26.3758	76.2674	255	0	0	13.0735	2.0698	2.45137	13.21	99.0933	0	0	33945.6	43296.6	47941.9	52326.6	0	0	0	0	0	0	188
DATA	12:36:42:000	2023-12-09	1642125	14.2717	627.955	0.100992	465.975	965.612	17.381	0.0876682	31.5275	20.3956	26.3886	76.2739	255	0	0	13.0728	2.07001	2.45137	13.21	99.099	0	0	33945.4	43296.8	47942.7	52325.9	0	0	0	0	0	0	140
DATA	12:36:43:000	2023-12-09	1642425	14.2783	628.245	0.101026	466.261	964.424	17.3596	0.0875923	31.4935	20.3766	26.4063	76.2669	255	0	0	13.0728	2.06963	2.45112	13.21	99.0859	0	0	33941.9	43295.2	47941.6	52324.9	0	0	0	0	0	0	217
DATA	12:36:44:000	2023-12-09	1642725	14.3071	629.512	0.10118	467.207	969.851	17.4573	0.0879302	31.6711	20.4685	26.4244	76.2706	255	0	0	13.0735	2.06996	2.45187	13.21	99.0897	0	0	33935	43293.2	47923.2	52320.5	0	0	0	0	0	0	 56
DATA	12:36:45:000	2023-12-09	1643025	14.3052	629.429	0.101173	467.143	970.053	17.461	0.0879459	31.6775	20.4729	26.4419	76.2754	255	0	0	13.0735	2.06992	2.45112	13.21	99.0872	0	0	33932.1	43292.7	47916	52319.7	0	0	0	0	0	0	 54
DATA	12:36:46:000	2023-12-09	1643325	14.3302	630.529	0.101302	468.005	974.39	17.539	0.088209	31.8223	20.5461	26.4584	76.2721	255	0	0	13.0735	2.06983	2.45124	13.21	99.0824	0	0	33925.6	43291.6	47897.4	52318.1	0	0	0	0	0	0	 29
DATA	12:36:47:000	2023-12-09	1643625	14.3141	629.82	0.101219	467.52	974.353	17.5384	0.0882099	31.8238	20.5462	26.4718	76.2689	255	0	0	13.0735	2.06987	2.45287	13.21	99.0846	0	0	33932.8	43292.1	47905.3	52317.8	0	0	0	0	0	0	131
DATA	12:36:48:000	2023-12-09	1643925	14.318	629.992	0.101241	467.657	973.668	17.526	0.0881691	31.8021	20.5357	26.4888	76.2717	255	0	0	13.0742	2.06986	2.45361	13.21	99.0805	0	0	33927.2	43290.4	47896.3	52316.3	0	0	0	0	0	0	132
DATA	12:36:49:000	2023-12-09	1644225	14.3239	630.252	0.101272	467.856	974.545	17.5418	0.088222	31.8312	20.5513	26.5073	76.2753	255	0	0	13.0742	2.07014	2.45224	13.21	99.0814	0	0	33929.9	43287.7	47901	52313.2	0	0	0	0	0	0	 24
DATA	12:36:50:000	2023-12-09	1644525	14.3205	630.102	0.101258	467.739	979.91	17.6384	0.0885578	32.006	20.6414	26.526	76.2811	255	0	0	13.0728	2.0701	2.45311	13.21	99.0786	0	0	33926.5	43286.9	47877.8	52311.4	0	0	0	0	0	0	245
DATA	12:36:51:000	2023-12-09	1644825	14.3551	631.624	0.101439	468.95	978.005	17.6041	0.0884367	31.9493	20.6108	26.5438	76.2724	255	0	0	13.0735	2.07019	2.45336	13.21	99.0881	0	0	33922.4	43290.2	47883.7	52314.2	0	0	0	0	0	0	145
DATA	12:36:52:000	2023-12-09	1645125	14.3667	632.135	0.101504	469.348	982.066	17.6772	0.0886901	32.0833	20.6787	26.5574	76.2728	255	0	0	13.0735	2.07013	2.45424	13.21	99.0851	0	0	33920	43289.5	47873.3	52312.5	0	0	0	0	0	0	102
DATA	12:36:53:000	2023-12-09	1645425	14.361	631.884	0.101471	469.181	985.131	17.7324	0.0888767	32.1847	20.7302	26.5731	76.2737	255	0	0	13.0721	2.07022	2.45411	13.21	99.084	0	0	33921.2	43288	47861.7	52310.1	0	0	0	0	0	0	230
DATA	12:36:54:000	2023-12-09	1645725	14.3379	630.868	0.101351	468.422	982.177	17.6792	0.0886979	32.0879	20.6823	26.5894	76.2785	255	0	0	13.0735	2.07027	2.45436	13.21	99.0792	0	0	33922.9	43285.4	47868.4	52307	0	0	0	0	0	0	164
DATA	12:36:55:000	2023-12-09	1646025	14.3766	632.57	0.101555	469.753	988.164	17.787	0.089064	32.2881	20.7819	26.6055	76.2717	255	0	0	13.0735	2.07016	2.45461	13.21	99.0792	0	0	33913	43286.5	47835.2	52306.8	0	0	0	0	0	0	231
DATA	12:36:56:000	2023-12-09	1646325	14.366	632.104	0.101499	469.427	987.823	17.7808	0.089043	32.2784	20.7772	26.6227	76.2728	255	0	0	13.0735	2.07014	2.45399	13.21	99.0781	0	0	33918.2	43286.2	47848.9	52307.6	0	0	0	0	0	0	134
DATA	12:36:57:000	2023-12-09	1646625	14.3678	632.183	0.10151	469.455	988.728	17.7971	0.0891009	32.3058	20.7928	26.6368	76.2814	255	0	0	13.0735	2.07017	2.45486	13.21	99.0719	0	0	33917.4	43283.2	47845.8	52303.2	0	0	0	0	0	0	183
DATA	12:36:58:000	2023-12-09	1646925	14.3668	632.139	0.101503	469.487	988.795	17.7983	0.0891024	32.3124	20.7946	26.6484	76.2739	255	0	0	13.0728	2.07038	2.45548	13.21	99.0777	0	0	33914.8	43283.5	47839.9	52303	0	0	0	0	0	0	165
DATA	12:36:59:000	2023-12-09	1647225	14.3641	632.02	0.101487	469.441	988.616	17.7951	0.0890903	32.3095	20.7924	26.6625	76.2706	255	0	0	13.0735	2.07052	2.45611	13.21	99.0825	0	0	33914.2	43284.1	47840.6	52303.7	0	0	0	0	0	0	139
DATA	12:37:00:000	2023-12-09	1647525	14.3753	632.513	0.101548	469.82	989.869	17.8176	0.0891685	32.3514	20.8137	26.6766	76.272	255	0	0	13.0735	2.07041	2.45573	13.21	99.0726	0	0	33912.7	43281	47835.8	52300.5	0	0	0	0	0	0	 16
DATA	12:37:01:000	2023-12-09	1647825	14.3607	631.871	0.101469	469.351	990.201	17.8236	0.0891877	32.3627	20.8199	26.6893	76.274	255	0	0	13.0735	2.07049	2.45586	13.21	99.0754	0	0	33914.9	43281.3	47834.9	52298.8	0	0	0	0	0	0	194
DATA	12:37:02:000	2023-12-09	1648125	14.3849	632.936	0.1016	470.163	993.485	17.8827	0.0893911	32.4715	20.8745	26.7044	76.2744	255	0	0	13.0735	2.07047	2.4576	13.21	99.0708	0	0	33908.9	43279.5	47821.5	52298.3	0	0	0	0	0	0	 77
DATA	12:37:03:000	2023-12-09	1648425	14.3783	632.645	0.101567	469.967	993.828	17.8889	0.0894153	32.4841	20.8809	26.7192	76.2749	255	0	0	13.0735	2.07073	2.45698	13.21	99.0775	0	0	33908.3	43279.6	47820.8	52297	0	0	0	0	0	0	181
DATA	12:37:04:000	2023-12-09	1648725	14.3704	632.298	0.101525	469.707	993.587	17.8846	0.0894	32.4761	20.8775	26.7297	76.2779	255	0	0	13.0735	2.07037	2.45561	13.21	99.0765	0	0	33915	43283.1	47825.8	52300.8	0	0	0	0	0	0	249
DATA	12:37:05:000	2023-12-09	1649025	14.3782	632.641	0.101568	469.995	994.919	17.9085	0.089484	32.5219	20.9001	26.7439	76.2762	255	0	0	13.0735	2.07058	2.45711	13.21	99.0756	0	0	33909.1	43280.4	47813.3	52297.2	0	0	0	0	0	0	177
DATA	12:37:06:000	2023-12-09	1649325	14.3875	633.05	0.101619	470.299	1001.39	18.025	0.0898808	32.7335	21.0064	26.7586	76.2799	255	0	0	13.0735	2.07066	2.45711	13.21	99.0726	0	0	33907.9	43278.2	47793.2	52294	0	0	0	0	0	0	 13
DATA	12:37:07:000	2023-12-09	1649625	14.3953	633.393	0.101658	470.596	1002.35	18.0423	0.0899368	32.7678	21.0227	26.7723	76.2766	255	0	0	13.0735	2.07071	2.45673	13.21	99.0765	0	0	33907.4	43279.4	47796.2	52294.1	0	0	0	0	0	0	224
DATA	12:37:08:000	2023-12-09	1649925	14.4076	633.934	0.101722	471.016	995.554	17.92	0.0895194	32.5468	20.9127	26.7856	76.2771	255	0	0	13.0728	2.0709	2.45835	13.21	99.0752	0	0	33901.6	43276.8	47812.4	52293.7	0	0	0	0	0	0	 79
DATA	12:37:09:000	2023-12-09	1650225	14.416	634.304	0.101769	471.286	996.311	17.9336	0.0895687	32.5713	20.9258	26.798	76.2809	255	0	0	13.068	2.0706	2.4591	13.21	99.0673	0	0	33899.5	43276.6	47806.2	52293.2	0	0	0	0	0	0	237
DATA	12:37:10:000	2023-12-09	1650525	14.4591	636.2	0.101998	472.725	998.701	17.9766	0.0897145	32.6515	20.9654	26.8103	76.2792	255	0	0	13.0728	2.07088	2.45898	13.21	99.0727	0	0	33891.9	43276	47803.1	52291.1	0	0	0	0	0	0	 38
DATA	12:37:11:000	2023-12-09	1650825	14.4505	635.822	0.101947	472.496	998.332	17.97	0.0896863	32.643	20.96	26.8218	76.2738	255	0	0	13.0742	2.07095	2.45798	13.21	99.076	0	0	33896.7	43276.6	47800.3	52290.9	0	0	0	0	0	0	196
DATA	12:37:12:000	2023-12-09	1651125	14.4794	637.094	0.102105	473.414	998.33	17.9699	0.0896918	32.6411	20.9608	26.8372	76.2821	255	0	0	13.0728	2.07079	2.45873	13.21	99.067	0	0	33883.7	43274.4	47795.8	52289.3	0	0	0	0	0	0	147
DATA	12:37:13:000	2023-12-09	1651425	14.4816	637.19	0.102118	473.546	999.351	17.9883	0.0897553	32.6786	20.9782	26.8519	76.2761	255	0	0	13.0735	2.07088	2.45898	13.21	99.0699	0	0	33885.1	43274.7	47794.9	52288.7	0	0	0	0	0	0	238
DATA	12:37:14:000	2023-12-09	1651725	14.5001	638.004	0.102213	474.145	1000.97	18.0175	0.089851	32.7311	21.0053	26.8656	76.2806	255	0	0	13.0728	2.07095	2.4586	13.21	99.0648	0	0	33878.9	43271.8	47784.2	52285.4	0	0	0	0	0	0	 76
DATA	12:37:15:000	2023-12-09	1652025	14.505	638.22	0.102241	474.337	1006.5	18.117	0.0901906	32.9142	21.0957	26.878	76.2785	255	0	0	13.0735	2.07111	2.45947	13.21	99.0735	0	0	33880.3	43273.8	47772.5	52284.9	0	0	0	0	0	0	180
DATA	12:37:16:000	2023-12-09	1652325	14.4979	637.908	0.102204	474.129	1005.55	18.0999	0.0901328	32.8848	21.081	26.8904	76.2779	255	0	0	13.0728	2.07128	2.4596	13.21	99.0748	0	0	33877.8	43272.5	47742	52283.7	0	0	0	0	0	0	 33
DATA	12:37:17:000	2023-12-09	1652625	14.4717	636.755	0.102065	473.247	1006.61	18.119	0.0901988	32.9177	21.0986	26.8996	76.2842	255	0	0	13.0742	2.07139	2.45935	13.21	99.072	0	0	33881	43270.1	47768.6	52280.9	0	0	0	0	0	0	 21
DATA	12:37:18:000	2023-12-09	1652925	14.4768	636.979	0.102092	473.458	1004.81	18.0866	0.0900882	32.8619	21.0702	26.9119	76.2803	255	0	0	13.0749	2.07134	2.45985	13.21	99.0732	0	0	33882.6	43271.1	47768.2	52280.5	0	0	0	0	0	0	215
DATA	12:37:19:000	2023-12-09	1653225	14.5257	639.131	0.102352	475.104	1007.54	18.1357	0.0902552	32.9544	21.1151	26.9252	76.2761	255	0	0	13.0742	2.07153	2.46047	13.21	99.0742	0	0	33872.1	43269.5	47759.1	52280.3	0	0	0	0	0	0	156
DATA	12:37:20:000	2023-12-09	1653525	14.5297	639.307	0.102371	475.266	1008.66	18.1559	0.0903213	32.9932	21.1339	26.9393	76.2747	255	0	0	13.0756	2.0714	2.46047	13.21	99.0658	0	0	33867.5	43267.2	47748.2	52276.9	0	0	0	0	0	0	164
DATA	12:37:21:000	2023-12-09	1653825	14.5432	639.901	0.102444	475.701	1011	18.198	0.0904659	33.0693	21.1724	26.953	76.2792	255	0	0	13.0749	2.07163	2.46022	13.21	99.0689	0	0	33865.1	43266.1	47738.1	52275.7	0	0	0	0	0	0	193
DATA	12:37:22:000	2023-12-09	1654125	14.5406	639.786	0.10243	475.666	1011.47	18.2065	0.0904938	33.0881	21.1807	26.9653	76.2744	255	0	0	13.0735	2.07162	2.46147	13.21	99.071	0	0	33866.3	43267.1	47740.7	52274.7	0	0	0	0	0	0	 90
DATA	12:37:23:000	2023-12-09	1654425	14.5216	638.95	0.102328	475.051	1010.75	18.1935	0.0904489	33.0651	21.1698	26.9787	76.2766	255	0	0	13.0756	2.07147	2.46085	13.21	99.0572	0	0	33868.2	43262.7	47740.5	52271.3	0	0	0	0	0	0	154
DATA	12:37:24:000	2023-12-09	1654725	14.5302	639.329	0.102379	475.334	1012.56	18.2261	0.0905648	33.1244	21.1997	26.993	76.2801	255	0	0	13.0749	2.07177	2.46247	13.21	99.068	0	0	33864.6	43264.2	47723.2	52270.3	0	0	0	0	0	0	 89
DATA	12:37:25:000	2023-12-09	1655025	14.5152	638.669	0.102298	474.852	1013.1	18.2358	0.0905965	33.1427	21.2093	27.0092	76.2828	255	0	0	13.0749	2.07172	2.46172	13.21	99.0674	0	0	33871.7	43264.5	47735.8	52270.9	0	0	0	0	0	0	148
DATA	12:37:26:000	2023-12-09	1655325	14.5387	639.703	0.102422	475.638	1016.22	18.292	0.090785	33.2459	21.2604	27.0279	76.2848	255	0	0	13.0749	2.07164	2.46234	13.21	99.0541	0	0	33859.5	43259.5	47710.7	52264.8	0	0	0	0	0	0	100
DATA	12:37:27:000	2023-12-09	1655625	14.5576	640.534	0.102523	476.298	1020.71	18.3728	0.0910592	33.3958	21.3334	27.0469	76.2829	255	0	0	13.0749	2.07172	2.46309	13.21	99.0581	0	0	33860.2	43260.4	47707.3	52264.4	0	0	0	0	0	0	192
DATA	12:37:28:000	2023-12-09	1655925	14.5653	640.873	0.102561	476.603	1023.72	18.427	0.0912393	33.498	21.3824	27.0652	76.2791	255	0	0	13.0728	2.07182	2.46346	13.21	99.058	0	0	33858.2	43259.3	47697.1	52263.1	0	0	0	0	0	0	 50
DATA	12:37:29:000	2023-12-09	1656225	14.5707	641.111	0.102596	476.759	1022.82	18.4108	0.0911917	33.467	21.3688	27.0784	76.2858	255	0	0	13.0735	2.07198	2.46409	13.21	99.0618	0	0	33855.4	43259.2	47695.1	52263.5	0	0	0	0	0	0	169
