Model:	 LI-7500
SN:	75D-4923
Timestamp:	Dec 3 2023 at 6:55:46
DATAH	Time	Date	Sequence Number	CO2 (mmol/m^3)	CO2 (mg/m^3)	CO2 Absorptance	CO2 (umol/mol)	H2O (mmol/m^3)	H2O (g/m^3)	H2O Absorptance	H2O (mmol/mol)	Dew Point (C)	Temperature (C)	Pressure (kPa)	Diagnostic Value	Diagnostic Value 2	Diagnostic Word	DSI Vin (v)	Cooler Voltage (v)	Chopper Cooler Voltage (v)	Smart Flux Vin (v)	CO2 Signal Strength	Integral	Peak Height	CO2 Sample	CO2 Reference	H2O Sample	H2O Reference	CH4 Seconds	CH4 Nano Seconds	CH4 (umol/mol)	CH4 (mmol/m^3)	CH4 Signal Strength (RSSI)	CH4 Diagnostic Value	CHK
DATA	12:55:47:000	2023-12-03	836190	13.479	593.076	0.0977872	423.56	480.549	8.64988	0.0543923	15.1006	9.73464	29.8999	80.1801	255	0	0	11.3156	2.13444	2.62794	11.59	98.2057	0	0	33201.9	42188.9	48286.4	50778.5	0	0	0	0	0	0	166
DATA	12:55:48:000	2023-12-03	836490	13.4707	592.711	0.0977365	423.373	481.896	8.67413	0.0545003	15.1456	9.77697	29.9121	80.1694	255	0	0	11.3149	2.1344	2.62731	11.59	98.1812	0	0	33196.8	42178.8	48285.5	50768.3	0	0	0	0	0	0	196
DATA	12:55:49:000	2023-12-03	836790	13.4697	592.667	0.0977331	423.298	483.332	8.69998	0.05462	15.1892	9.82194	29.9244	80.1809	255	0	0	11.3108	2.13439	2.62781	11.59	98.1959	0	0	33198.8	42185.2	48269.1	50774.3	0	0	0	0	0	0	181
DATA	12:55:50:000	2023-12-03	837090	13.4702	592.689	0.0977407	423.306	494.148	8.89466	0.0555097	15.5288	10.153	29.9362	80.1854	255	0	0	11.3128	2.13428	2.62831	11.59	98.1966	0	0	33199	42186.8	48206.7	50771.9	0	0	0	0	0	0	 94
DATA	12:55:51:000	2023-12-03	837390	13.4508	591.835	0.0976273	422.782	502.793	9.05027	0.0562097	15.8036	10.4132	29.9474	80.1723	255	0	0	11.3149	2.13407	2.62918	11.59	98.1921	0	0	33202.4	42187.2	48161.6	50769.8	0	0	0	0	0	0	199
DATA	12:55:52:000	2023-12-03	837690	13.4398	591.351	0.0975685	422.414	495.355	8.91639	0.0556066	15.569	10.1907	29.9598	80.1797	255	0	0	11.3128	2.1343	2.62968	11.59	98.1978	0	0	33205.8	42187	48239.9	50773.7	0	0	0	0	0	0	 74
DATA	12:55:53:000	2023-12-03	837990	13.4525	591.91	0.0976408	422.767	492.904	8.87227	0.0554076	15.4903	10.1171	29.972	80.1917	255	0	0	11.3121	2.13433	2.62856	11.59	98.2015	0	0	33204.6	42188.2	48244.1	50776.4	0	0	0	0	0	0	 97
DATA	12:55:54:000	2023-12-03	838290	13.4487	591.743	0.0976191	422.727	497.361	8.9525	0.0557708	15.6333	10.2523	29.9833	80.1796	255	0	0	11.3108	2.13424	2.62856	11.59	98.1938	0	0	33204.9	42186.1	48215.3	50772.5	0	0	0	0	0	0	174
DATA	12:55:55:000	2023-12-03	838590	13.4569	592.104	0.0976629	423.009	497.721	8.95898	0.0557988	15.6455	10.2637	29.995	80.1781	255	0	0	11.3135	2.13418	2.62744	11.59	98.194	0	0	33202.4	42186.8	48238.6	50774.9	0	0	0	0	0	0	162
DATA	12:55:56:000	2023-12-03	838890	13.4453	591.593	0.0976012	422.675	498.376	8.97077	0.0558542	15.6673	10.2839	30.0059	80.1752	255	0	0	11.3135	2.13428	2.62893	11.59	98.1942	0	0	33204.4	42185.8	48216.5	50772.9	0	0	0	0	0	0	233
DATA	12:55:57:000	2023-12-03	839190	13.4305	590.942	0.0975133	422.202	500.451	9.00812	0.0560194	15.7322	10.3467	30.0173	80.1796	255	0	0	11.3114	2.13392	2.62943	11.59	98.1777	0	0	33205.8	42182.7	48206.4	50768.4	0	0	0	0	0	0	159
DATA	12:55:58:000	2023-12-03	839490	13.4394	591.334	0.0975684	422.484	506.433	9.11579	0.0565079	15.9203	10.5253	30.0292	80.1824	255	0	0	11.3114	2.13373	2.62843	11.59	98.1755	0	0	33204.2	42184.1	48165.6	50767.8	0	0	0	0	0	0	196
DATA	12:55:59:000	2023-12-03	839790	13.446	591.624	0.0976031	422.725	510.811	9.1946	0.0568596	16.0592	10.6549	30.0364	80.178	255	0	0	11.3121	2.13364	2.63006	11.59	98.1705	0	0	33201.6	42182.9	48161	50766	0	0	0	0	0	0	 90
DATA	12:56:00:000	2023-12-03	840090	13.4464	591.642	0.0976084	422.74	515.75	9.2835	0.0572593	16.2146	10.8	30.048	80.1805	255	0	0	11.3128	2.13393	2.62931	11.59	98.1796	0	0	33201.6	42183.5	48139.9	50765	0	0	0	0	0	0	239
DATA	12:56:01:000	2023-12-03	840390	13.4367	591.215	0.0975538	422.479	517.168	9.30902	0.0573732	16.2609	10.8418	30.059	80.1751	255	0	0	11.3121	2.13377	2.63018	11.59	98.1779	0	0	33204.6	42184.6	48128.3	50766.9	0	0	0	0	0	0	139
DATA	12:56:02:000	2023-12-03	840690	13.4511	591.848	0.0976335	422.965	530.61	9.55098	0.058446	16.6848	11.2287	30.0695	80.1716	255	0	0	11.3094	2.13395	2.62943	11.59	98.1798	0	0	33202.3	42183.3	48106.7	50766	0	0	0	0	0	0	 13
DATA	12:56:03:000	2023-12-03	840990	13.4475	591.69	0.097614	422.829	519.577	9.35239	0.0575661	16.337	10.9127	30.0801	80.1787	255	0	0	11.3108	2.13392	2.62893	11.59	98.1812	0	0	33203.8	42184.3	48122.1	50768.8	0	0	0	0	0	0	 53
DATA	12:56:04:000	2023-12-03	841290	13.4337	591.083	0.097538	422.422	521.997	9.39595	0.0577607	16.4142	10.9832	30.0905	80.1763	255	0	0	11.3114	2.13378	2.62893	11.59	98.1776	0	0	33203.9	42184.3	48113.8	50764.3	0	0	0	0	0	0	150
DATA	12:56:05:000	2023-12-03	841590	13.4292	590.885	0.0975145	422.249	525.05	9.4509	0.0580057	16.5089	11.0715	30.101	80.1852	255	0	0	11.3053	2.1335	2.62931	11.59	98.1653	0	0	33204.7	42182.2	48090.1	50762.8	0	0	0	0	0	0	210
DATA	12:56:06:000	2023-12-03	841890	13.4246	590.682	0.0974866	422.174	529.444	9.52999	0.058354	16.6498	11.1976	30.1111	80.1746	255	0	0	11.3087	2.13357	2.62831	11.59	98.17	0	0	33206.6	42183.4	48006.7	50759.7	0	0	0	0	0	0	 70
DATA	12:56:07:000	2023-12-03	842190	13.4316	590.99	0.0975243	422.48	526.161	9.4709	0.0580918	16.55	11.1044	30.1216	80.161	255	0	0	11.2984	2.13356	2.62956	11.59	98.1651	0	0	33205.4	42181.5	48079.5	50761.6	0	0	0	0	0	0	130
DATA	12:56:08:000	2023-12-03	842490	13.4314	590.982	0.0975202	422.431	528.234	9.50821	0.0582546	16.6135	11.164	30.1301	80.1714	255	0	0	11.3114	2.13391	2.62993	11.59	98.1775	0	0	33206.9	42182.8	48086.9	50764.2	0	0	0	0	0	0	117
DATA	12:56:09:000	2023-12-03	842790	13.4195	590.458	0.0974588	422.047	530.32	9.54576	0.0584245	16.6787	11.2239	30.1392	80.1756	255	0	0	11.3121	2.13357	2.63031	11.59	98.1661	0	0	33205	42181.8	48069.3	50761.5	0	0	0	0	0	0	 45
DATA	12:56:10:000	2023-12-03	843090	13.4226	590.594	0.0974789	422.146	535.962	9.64732	0.0588739	16.8562	11.3841	30.1496	80.1782	255	0	0	11.3046	2.1335	2.63018	11.59	98.1629	0	0	33205.7	42181.2	48032.8	50759.6	0	0	0	0	0	0	157
DATA	12:56:11:000	2023-12-03	843390	13.4177	590.379	0.0974484	421.998	540.645	9.73161	0.0592417	17.0037	11.5161	30.1601	80.1797	255	0	0	11.3101	2.13338	2.62943	11.59	98.1638	0	0	33210.7	42183	48039.1	50760.5	0	0	0	0	0	0	 77
DATA	12:56:12:000	2023-12-03	843690	13.4146	590.242	0.0974285	421.969	538.677	9.69619	0.0590846	16.9446	11.4615	30.1713	80.1697	255	0	0	11.2963	2.13373	2.63018	11.59	98.1761	0	0	33207.5	42184.2	48037.2	50761.8	0	0	0	0	0	0	219
DATA	12:56:13:000	2023-12-03	843990	13.4252	590.709	0.0974888	422.332	539.495	9.71091	0.0591498	16.9715	11.485	30.1821	80.167	255	0	0	11.3114	2.13351	2.62893	11.59	98.1624	0	0	33203.8	42180.8	48035	50758.9	0	0	0	0	0	0	 11
DATA	12:56:14:000	2023-12-03	844290	13.4111	590.088	0.0974099	421.88	547.475	9.85455	0.0597785	17.2222	11.7076	30.1924	80.1712	255	0	0	11.3094	2.13336	2.62968	11.59	98.1566	0	0	33206.8	42180.1	47997.1	50756.1	0	0	0	0	0	0	166
DATA	12:56:15:000	2023-12-03	844590	13.4186	590.418	0.0974516	422.134	545.105	9.81189	0.0595918	17.1484	11.6425	30.2036	80.1708	255	0	0	11.3087	2.13332	2.62968	11.59	98.1572	0	0	33207.6	42180.8	48010.4	50756.7	0	0	0	0	0	0	191
DATA	12:56:16:000	2023-12-03	844890	13.4163	590.317	0.0974398	422.075	548.272	9.8689	0.0598415	17.2486	11.7307	30.214	80.171	255	0	0	11.3066	2.13326	2.63031	11.59	98.1538	0	0	33205.2	42180.1	47994.5	50755.8	0	0	0	0	0	0	 47
DATA	12:56:17:000	2023-12-03	845190	13.4171	590.352	0.097444	422.145	549.161	9.8849	0.0599113	17.2783	11.7557	30.2236	80.1651	255	0	0	11.3114	2.13322	2.62993	11.59	98.1496	0	0	33205.4	42178.7	47982.6	50752.8	0	0	0	0	0	0	102
DATA	12:56:18:000	2023-12-03	845490	13.4051	589.824	0.0973779	421.73	551.543	9.92777	0.0600987	17.3518	11.8216	30.2303	80.1739	255	0	0	11.3108	2.13334	2.63006	11.59	98.1531	0	0	33204.8	42178.8	47972.1	50750.8	0	0	0	0	0	0	148
DATA	12:56:19:000	2023-12-03	845790	13.4059	589.86	0.0973872	421.733	554.368	9.97862	0.0603233	17.4397	11.8995	30.2396	80.1806	255	0	0	11.3087	2.13326	2.63093	11.59	98.1481	0	0	33207.6	42177.6	47944.4	50750.1	0	0	0	0	0	0	189
DATA	12:56:20:000	2023-12-03	846090	13.3969	589.464	0.0973337	421.459	557.477	10.0346	0.0605638	17.5379	11.9849	30.2502	80.1816	255	0	0	11.3053	2.13327	2.63218	11.59	98.1481	0	0	33207.3	42177.5	47943.7	50749.7	0	0	0	0	0	0	216
DATA	12:56:21:000	2023-12-03	846390	13.398	589.512	0.0973423	421.486	557.797	10.0403	0.0605906	17.5477	11.9941	30.2603	80.1858	255	0	0	11.3176	2.13305	2.63068	11.59	98.1418	0	0	33210	42177.3	47956.1	50751.8	0	0	0	0	0	0	 44
DATA	12:56:22:000	2023-12-03	846690	13.3955	589.402	0.0973238	421.523	563.629	10.1453	0.0610413	17.736	12.1525	30.2705	80.1665	255	0	0	11.3087	2.1331	2.63118	11.59	98.1432	0	0	33209.1	42177.3	47916.5	50748.4	0	0	0	0	0	0	 59
DATA	12:56:23:000	2023-12-03	846990	13.4074	589.926	0.0973904	421.911	572.119	10.2981	0.0616989	18.0037	12.3803	30.2809	80.1666	255	0	0	11.3142	2.13336	2.63292	11.59	98.152	0	0	33206.3	42178.2	47892	50747.6	0	0	0	0	0	0	 48
DATA	12:56:24:000	2023-12-03	847290	13.4147	590.247	0.0974343	422.122	578.713	10.4168	0.0622094	18.2104	12.5554	30.2906	80.1727	255	0	0	11.3149	2.13313	2.63118	11.59	98.1516	0	0	33206.5	42180.6	47879.9	50748.9	0	0	0	0	0	0	175
DATA	12:56:25:000	2023-12-03	847590	13.3969	589.464	0.097338	421.548	577.392	10.3931	0.0621104	18.1683	12.5211	30.3014	80.1782	255	0	0	11.3156	2.13311	2.6318	11.59	98.1472	0	0	33208.7	42178.9	47871.9	50746.5	0	0	0	0	0	0	 93
DATA	12:56:26:000	2023-12-03	847890	13.3922	589.257	0.0973063	421.447	578.758	10.4176	0.0622115	18.2133	12.5576	30.3111	80.1719	255	0	0	11.3169	2.13288	2.63193	11.59	98.135	0	0	33208.8	42176.4	47858.7	50743.3	0	0	0	0	0	0	153
DATA	12:56:27:000	2023-12-03	848190	13.3847	588.927	0.0972662	421.286	576.141	10.3705	0.0620114	18.1342	12.489	30.3213	80.1602	255	0	0	11.3169	2.13317	2.63255	11.59	98.1451	0	0	33208.8	42177.3	47872.2	50745.4	0	0	0	0	0	0	121
DATA	12:56:28:000	2023-12-03	848490	13.3937	589.323	0.097317	421.5	580.494	10.4489	0.0623468	18.2682	12.6041	30.3286	80.1753	255	0	0	11.3073	2.13306	2.63242	11.59	98.1423	0	0	33208.8	42177.3	47863.6	50746	0	0	0	0	0	0	200
DATA	12:56:29:000	2023-12-03	848790	13.3913	589.217	0.097306	421.44	579.729	10.4351	0.0622896	18.2448	12.5845	30.3379	80.1749	255	0	0	11.3156	2.13334	2.6323	11.59	98.1434	0	0	33208	42174.6	47849.5	50741	0	0	0	0	0	0	119
DATA	12:56:30:000	2023-12-03	849090	13.3855	588.962	0.0972696	421.329	579.97	10.4395	0.0623051	18.2554	12.5914	30.3487	80.1641	255	0	0	11.3149	2.13294	2.63218	11.59	98.1303	0	0	33208.4	42173.6	47848.4	50739	0	0	0	0	0	0	 62
DATA	12:56:31:000	2023-12-03	849390	13.3915	589.226	0.0973076	421.464	589.785	10.6161	0.0630605	18.562	12.848	30.3599	80.1774	255	0	0	11.3163	2.13315	2.6328	11.59	98.1371	0	0	33205.9	42174.2	47804.3	50738.8	0	0	0	0	0	0	 49
DATA	12:56:32:000	2023-12-03	849690	13.3935	589.314	0.0973188	421.55	592.98	10.6736	0.0633042	18.6636	12.9311	30.3706	80.1757	255	0	0	11.3046	2.13292	2.63242	11.59	98.1255	0	0	33203.6	42171.8	47796.2	50734.2	0	0	0	0	0	0	 91
DATA	12:56:33:000	2023-12-03	849990	13.3818	588.799	0.0972499	421.251	588.725	10.597	0.0629769	18.5327	12.8216	30.3811	80.1654	255	0	0	11.3059	2.13289	2.63355	11.59	98.1412	0	0	33212.1	42178.9	47827.2	50743.6	0	0	0	0	0	0	187
DATA	12:56:34:000	2023-12-03	850290	13.3846	588.922	0.097268	421.31	588.403	10.5913	0.0629541	18.5213	12.8138	30.3919	80.1738	255	0	0	11.3066	2.13307	2.63218	11.59	98.1322	0	0	33206.7	42173	47820.9	50738.3	0	0	0	0	0	0	234
DATA	12:56:35:000	2023-12-03	850590	13.3842	588.905	0.0972613	421.382	585.083	10.5315	0.0626965	18.4205	12.7279	30.4018	80.1602	255	0	0	11.3004	2.13311	2.63342	11.59	98.14	0	0	33210.3	42175.9	47830.7	50740.8	0	0	0	0	0	0	 49
DATA	12:56:36:000	2023-12-03	850890	13.395	589.38	0.0973252	421.67	581.795	10.4723	0.0624473	18.3147	12.6424	30.4115	80.1727	255	0	0	11.2977	2.13282	2.63242	11.59	98.1317	0	0	33207.3	42175.6	47848.3	50743	0	0	0	0	0	0	200
DATA	12:56:37:000	2023-12-03	851190	13.388	589.072	0.0972819	421.533	582.854	10.4914	0.0625252	18.3517	12.6706	30.4206	80.1592	255	0	0	11.3053	2.13296	2.63355	11.59	98.1361	0	0	33208.8	42175.8	47843.2	50743	0	0	0	0	0	0	 38
DATA	12:56:38:000	2023-12-03	851490	13.3844	588.914	0.0972644	421.401	584.63	10.5233	0.0626635	18.4068	12.7173	30.4267	80.1644	255	0	0	11.3073	2.13288	2.6333	11.59	98.1331	0	0	33207.2	42175.5	47835.2	50740.8	0	0	0	0	0	0	 72
DATA	12:56:39:000	2023-12-03	851790	13.3793	588.689	0.0972389	421.217	586.752	10.5615	0.0628283	18.4726	12.773	30.4342	80.1708	255	0	0	11.308	2.13272	2.63305	11.59	98.1294	0	0	33209.2	42175.7	47827.9	50741	0	0	0	0	0	0	 18
DATA	12:56:40:000	2023-12-03	852090	13.3774	588.606	0.0972248	421.198	586.941	10.5649	0.0628401	18.4803	12.7783	30.4421	80.1652	255	0	0	11.3053	2.13261	2.63479	11.59	98.1272	0	0	33210	42176.1	47825.3	50741.5	0	0	0	0	0	0	 77
DATA	12:56:41:000	2023-12-03	852390	13.3758	588.535	0.0972194	421.147	591.542	10.6478	0.0631946	18.6252	12.898	30.4502	80.1674	255	0	0	11.3059	2.13297	2.63355	11.59	98.1356	0	0	33212.1	42175.5	47809.7	50739.8	0	0	0	0	0	0	163
DATA	12:56:42:000	2023-12-03	852690	13.3635	587.994	0.0971481	420.771	590.212	10.6238	0.0630912	18.5838	12.8641	30.4592	80.1677	255	0	0	11.2922	2.13299	2.6343	11.59	98.1341	0	0	33212.5	42174.7	47811.3	50739.5	0	0	0	0	0	0	142
DATA	12:56:43:000	2023-12-03	852990	13.3755	588.522	0.0972156	421.179	592.279	10.661	0.063249	18.6502	12.9179	30.4678	80.1642	255	0	0	11.3053	2.13288	2.63342	11.59	98.1234	0	0	33207.7	42171.3	47808.3	50736.7	0	0	0	0	0	0	 98
DATA	12:56:44:000	2023-12-03	853290	13.3773	588.601	0.0972245	421.222	588.975	10.6015	0.0629958	18.5455	12.8328	30.4755	80.1689	255	0	0	11.3053	2.13297	2.6338	11.59	98.1336	0	0	33210.8	42174.7	47813.3	50739	0	0	0	0	0	0	 62
DATA	12:56:45:000	2023-12-03	853590	13.3702	588.289	0.0971867	421.007	589.223	10.606	0.0630163	18.5537	12.8397	30.4841	80.1694	255	0	0	11.3032	2.13259	2.6343	11.59	98.1222	0	0	33209.6	42174.2	47815.6	50738.6	0	0	0	0	0	0	 88
DATA	12:56:46:000	2023-12-03	853890	13.3728	588.403	0.0972	421.116	589.855	10.6174	0.0630634	18.5748	12.8565	30.492	80.1665	255	0	0	11.3032	2.13292	2.63479	11.59	98.127	0	0	33209.2	42172.5	47814.1	50737.7	0	0	0	0	0	0	202
DATA	12:56:47:000	2023-12-03	854190	13.3772	588.597	0.097222	421.292	589.432	10.6098	0.0630294	18.5632	12.8459	30.5004	80.1615	255	0	0	11.3046	2.1328	2.63467	11.59	98.1267	0	0	33209.3	42173.7	47814.6	50738.4	0	0	0	0	0	0	100
DATA	12:56:48:000	2023-12-03	854490	13.3745	588.478	0.0972067	421.192	589.249	10.6065	0.0630151	18.5567	12.8416	30.5091	80.1667	255	0	0	11.3046	2.1327	2.63467	11.59	98.1217	0	0	33209.7	42172.7	47814.8	50737.9	0	0	0	0	0	0	166
DATA	12:56:49:000	2023-12-03	854790	13.3658	588.095	0.097162	420.915	589.403	10.6093	0.06303	18.5615	12.846	30.5171	80.1693	255	0	0	11.3046	2.13283	2.63492	11.59	98.121	0	0	33209.8	42170.9	47810.8	50736.8	0	0	0	0	0	0	198
DATA	12:56:50:000	2023-12-03	855090	13.3626	587.954	0.0971411	420.844	590.081	10.6215	0.0630792	18.5841	12.864	30.525	80.1657	255	0	0	11.3032	2.13275	2.63442	11.59	98.1171	0	0	33208.1	42170.1	47807.3	50733.2	0	0	0	0	0	0	 46
DATA	12:56:51:000	2023-12-03	855390	13.367	588.148	0.0971679	420.985	592.001	10.656	0.0632277	18.6447	12.9139	30.5301	80.1666	255	0	0	11.3053	2.13293	2.63467	11.59	98.1248	0	0	33209.9	42171.3	47809.3	50735.1	0	0	0	0	0	0	 98
DATA	12:56:52:000	2023-12-03	855690	13.3488	587.347	0.0970659	420.418	586.206	10.5517	0.062785	18.4625	12.764	30.5376	80.1674	255	0	0	11.3039	2.13282	2.63517	11.59	98.1138	0	0	33207.3	42167.9	47820	50731.3	0	0	0	0	0	0	  4
DATA	12:56:53:000	2023-12-03	855990	13.3711	588.328	0.0971893	421.157	584.131	10.5144	0.0626248	18.3987	12.7103	30.5459	80.1627	255	0	0	11.3053	2.13272	2.6343	11.59	98.1138	0	0	33205.2	42169.1	47828.3	50734.2	0	0	0	0	0	0	129
DATA	12:56:54:000	2023-12-03	856290	13.358	587.752	0.0971175	420.737	587.483	10.5747	0.0628825	18.504	12.7981	30.5547	80.1664	255	0	0	11.3011	2.13288	2.63554	11.59	98.114	0	0	33207.4	42167.2	47809.8	50731.2	0	0	0	0	0	0	 53
DATA	12:56:55:000	2023-12-03	856590	13.3674	588.166	0.0971695	421.006	589.189	10.6054	0.0630125	18.5565	12.8428	30.5628	80.1737	255	0	0	11.3025	2.13255	2.63567	11.59	98.1076	0	0	33207.7	42168.3	47807.6	50733.2	0	0	0	0	0	0	209
DATA	12:56:56:000	2023-12-03	856890	13.3663	588.117	0.0971639	420.972	587.183	10.5693	0.0628594	18.4934	12.7911	30.5705	80.1755	255	0	0	11.3032	2.13292	2.63517	11.59	98.1163	0	0	33205.9	42167.8	47817.6	50731.2	0	0	0	0	0	0	218
DATA	12:56:57:000	2023-12-03	857190	13.3649	588.056	0.0971551	421	586.775	10.562	0.0628276	18.4837	12.7808	30.5781	80.1639	255	0	0	11.3032	2.13256	2.63529	11.59	98.1073	0	0	33205.4	42168.1	47819.8	50731.7	0	0	0	0	0	0	219
DATA	12:56:58:000	2023-12-03	857490	13.3604	587.858	0.0971299	420.892	595.036	10.7106	0.0634582	18.7454	12.9949	30.5859	80.1594	255	0	0	11.3011	2.13289	2.63567	11.59	98.1156	0	0	33206.8	42167.8	47803	50732	0	0	0	0	0	0	 41
DATA	12:56:59:000	2023-12-03	857790	13.355	587.62	0.0971054	420.635	592.584	10.6665	0.0632761	18.6643	12.9321	30.5938	80.1781	255	0	0	11.3025	2.13245	2.63604	11.59	98.0999	0	0	33206.5	42166.1	47792.1	50728.7	0	0	0	0	0	0	110
DATA	12:57:00:000	2023-12-03	858090	13.3576	587.734	0.097114	420.813	590.079	10.6214	0.0630802	18.5896	12.8677	30.6007	80.1616	255	0	0	11.3039	2.13269	2.63567	11.59	98.1061	0	0	33206.9	42166.1	47801.2	50728.9	0	0	0	0	0	0	133
DATA	12:57:01:000	2023-12-03	858390	13.3483	587.325	0.0970616	420.561	597.516	10.7553	0.0636464	18.8258	13.0596	30.6088	80.156	255	0	0	11.3039	2.13282	2.63617	11.59	98.1066	0	0	33207.8	42164.8	47764	50724.8	0	0	0	0	0	0	 60
DATA	12:57:02:000	2023-12-03	858690	13.3659	588.1	0.097163	421.036	589.213	10.6058	0.0630156	18.5607	12.846	30.6155	80.1729	255	0	0	11.3011	2.13281	2.63729	11.59	98.1071	0	0	33205.1	42165.2	47805.1	50728.6	0	0	0	0	0	0	216
DATA	12:57:03:000	2023-12-03	858990	13.3538	587.567	0.097092	420.679	593.534	10.6836	0.0633429	18.6978	12.958	30.6221	80.1701	255	0	0	11.3025	2.13256	2.63704	11.59	98.0959	0	0	33206.4	42163.2	47779.2	50724.8	0	0	0	0	0	0	121
DATA	12:57:04:000	2023-12-03	859290	13.3412	587.013	0.0970288	420.262	598.248	10.7685	0.0637074	18.8454	13.0793	30.6264	80.175	255	0	0	11.3018	2.13269	2.63666	11.59	98.0956	0	0	33204.9	42161.5	47778.9	50723.2	0	0	0	0	0	0	159
DATA	12:57:05:000	2023-12-03	859590	13.3416	587.03	0.097028	420.34	602.307	10.8415	0.0640129	18.9763	13.1831	30.6331	80.1643	255	0	0	11.2956	2.1324	2.63716	11.59	98.0901	0	0	33204	42162.6	47784.8	50724.1	0	0	0	0	0	0	110
DATA	12:57:06:000	2023-12-03	859890	13.352	587.488	0.0970831	420.661	595.629	10.7213	0.0635032	18.7656	13.0128	30.6404	80.1675	255	0	0	11.3004	2.13247	2.63791	11.59	98.0891	0	0	33204.9	42161.3	47768.2	50722.3	0	0	0	0	0	0	134
DATA	12:57:07:000	2023-12-03	860190	13.3485	587.334	0.0970634	420.596	596.413	10.7354	0.0635628	18.7923	13.0333	30.648	80.1608	255	0	0	11.2881	2.13256	2.63741	11.59	98.0908	0	0	33204.6	42161	47772.7	50721.7	0	0	0	0	0	0	 41
DATA	12:57:08:000	2023-12-03	860490	13.3392	586.925	0.0970092	420.31	597.065	10.7472	0.063611	18.8132	13.0504	30.6553	80.1614	255	0	0	11.2991	2.13266	2.63704	11.59	98.0932	0	0	33207.3	42160.9	47764.9	50720.9	0	0	0	0	0	0	 69
DATA	12:57:09:000	2023-12-03	860790	13.335	586.74	0.0969839	420.22	599.145	10.7846	0.0637674	18.8806	13.104	30.663	80.1553	255	0	0	11.3032	2.13279	2.63754	11.59	98.0915	0	0	33205	42158.6	47754.1	50717.7	0	0	0	0	0	0	112
DATA	12:57:10:000	2023-12-03	861090	13.3223	586.181	0.0969165	419.879	600.355	10.8064	0.0638621	18.9214	13.1353	30.6709	80.1462	255	0	0	11.3011	2.13263	2.63704	11.59	98.0817	0	0	33205.7	42156.2	47721.2	50714.2	0	0	0	0	0	0	147
DATA	12:57:11:000	2023-12-03	861390	13.3284	586.45	0.0969546	419.97	603.456	10.8622	0.0641005	19.0145	13.2146	30.6794	80.1678	255	0	0	11.2998	2.133	2.63766	11.59	98.0935	0	0	33206.1	42157.1	47741.2	50717.4	0	0	0	0	0	0	246
DATA	12:57:12:000	2023-12-03	861690	13.3263	586.357	0.0969415	419.98	605.98	10.9076	0.0642902	19.0975	13.279	30.6872	80.1552	255	0	0	11.2867	2.13272	2.63754	11.59	98.0862	0	0	33205.8	42157.2	47740.7	50716.4	0	0	0	0	0	0	 69
DATA	12:57:13:000	2023-12-03	861990	13.3236	586.238	0.0969297	419.803	611.631	11.0094	0.0647195	19.2714	13.4217	30.6946	80.1747	255	0	0	11.3011	2.13291	2.63841	11.59	98.0873	0	0	33205.3	42155.5	47707	50712.3	0	0	0	0	0	0	 80
DATA	12:57:14:000	2023-12-03	862290	13.3283	586.445	0.0969509	420.033	606.496	10.9169	0.064328	19.1133	13.2928	30.7029	80.1613	255	0	0	11.2915	2.1327	2.63991	11.59	98.0848	0	0	33203.6	42156.8	47731	50714	0	0	0	0	0	0	145
DATA	12:57:15:000	2023-12-03	862590	13.3307	586.551	0.0969681	420.046	604.049	10.8729	0.064146	19.0334	13.2313	30.711	80.1754	255	0	0	11.2984	2.13277	2.63729	11.59	98.0823	0	0	33203.2	42154.9	47733.9	50713.4	0	0	0	0	0	0	 73
DATA	12:57:16:000	2023-12-03	862890	13.3223	586.181	0.0969179	419.848	613.051	11.0349	0.0648228	19.3201	13.4585	30.7188	80.1647	255	0	0	11.2977	2.13282	2.63853	11.59	98.0874	0	0	33205.1	42156.6	47708.2	50713.6	0	0	0	0	0	0	206
DATA	12:57:17:000	2023-12-03	863190	13.3208	586.115	0.0969111	419.788	610.434	10.9878	0.064627	19.237	13.3933	30.7273	80.1694	255	0	0	11.3004	2.13252	2.63829	11.59	98.0706	0	0	33204.1	42152.8	47702	50710	0	0	0	0	0	0	129
DATA	12:57:18:000	2023-12-03	863490	13.3184	586.01	0.0968954	419.76	605.981	10.9077	0.0642891	19.0989	13.2815	30.7356	80.1625	255	0	0	11.2998	2.13278	2.63916	11.59	98.0762	0	0	33203.1	42152.2	47717.3	50710.3	0	0	0	0	0	0	114
DATA	12:57:19:000	2023-12-03	863790	13.3187	586.023	0.0968984	419.667	612.614	11.0271	0.0647903	19.3032	13.4488	30.7433	80.184	255	0	0	11.297	2.13264	2.64003	11.59	98.0731	0	0	33204.6	42152.5	47703.3	50709.7	0	0	0	0	0	0	 82
DATA	12:57:20:000	2023-12-03	864090	13.3165	585.926	0.096884	419.704	613.742	11.0474	0.0648735	19.3437	13.4774	30.7508	80.1657	255	0	0	11.2984	2.13304	2.63966	11.59	98.0861	0	0	33204.5	42153.5	47705.8	50709.9	0	0	0	0	0	0	164
DATA	12:57:21:000	2023-12-03	864390	13.3202	586.089	0.096907	419.849	615.169	11.073	0.0649827	19.3899	13.5135	30.7591	80.1626	255	0	0	11.2998	2.13266	2.63941	11.59	98.0744	0	0	33207.2	42152.8	47659.7	50708.4	0	0	0	0	0	0	132
DATA	12:57:22:000	2023-12-03	864690	13.3175	585.97	0.0968925	419.796	615.341	11.0761	0.0649961	19.3969	13.5182	30.7676	80.1586	255	0	0	11.2991	2.13275	2.63928	11.59	98.0747	0	0	33204.7	42151.9	47680.2	50707	0	0	0	0	0	0	 97
DATA	12:57:23:000	2023-12-03	864990	13.3079	585.548	0.0968349	419.501	615.38	11.0768	0.0649958	19.3985	13.5196	30.776	80.1593	255	0	0	11.2949	2.13284	2.63891	11.59	98.0754	0	0	33205.6	42151.2	47679.3	50706.3	0	0	0	0	0	0	150
DATA	12:57:24:000	2023-12-03	865290	13.3013	585.257	0.0968028	419.254	615.449	11.0781	0.0650052	19.3988	13.5218	30.7845	80.1691	255	0	0	11.2977	2.13273	2.63953	11.59	98.0708	0	0	33205.6	42150.4	47681.2	50704.9	0	0	0	0	0	0	198
DATA	12:57:25:000	2023-12-03	865590	13.3047	585.407	0.0968168	419.427	619.016	11.1423	0.0652687	19.5143	13.611	30.7932	80.1588	255	0	0	11.2984	2.13273	2.6409	11.59	98.0689	0	0	33203	42149.6	47665.5	50701.6	0	0	0	0	0	0	  6
DATA	12:57:26:000	2023-12-03	865890	13.315	585.86	0.0968829	419.711	620.944	11.177	0.06542	19.5732	13.6592	30.8019	80.1688	255	0	0	11.2984	2.13298	2.63916	11.59	98.0727	0	0	33201.9	42148.3	47662.1	50702.3	0	0	0	0	0	0	220
DATA	12:57:27:000	2023-12-03	866190	13.315	585.86	0.0968791	419.696	621.066	11.1792	0.065426	19.5763	13.6627	30.8103	80.1739	255	0	0	11.2991	2.13278	2.63991	11.59	98.0648	0	0	33202.1	42147.2	47657.3	50700.2	0	0	0	0	0	0	 60
DATA	12:57:28:000	2023-12-03	866490	13.3114	585.702	0.0968616	419.625	626.859	11.2835	0.0658616	19.7609	13.806	30.8193	80.1683	255	0	0	11.2956	2.13264	2.63928	11.59	98.0575	0	0	33199.9	42145.8	47640.8	50697	0	0	0	0	0	0	105
DATA	12:57:29:000	2023-12-03	866790	13.2959	585.02	0.0967717	419.196	623.511	11.2232	0.065609	19.6582	13.7239	30.8254	80.1584	255	0	0	11.2963	2.13276	2.6409	11.59	98.0628	0	0	33203.8	42146.7	47636.7	50698.1	0	0	0	0	0	0	 73
DATA	12:57:30:000	2023-12-03	867090	13.2981	585.116	0.0967835	419.226	628.989	11.3218	0.0660174	19.829	13.8588	30.8326	80.1678	255	0	0	11.2991	2.13263	2.64128	11.59	98.0598	0	0	33203.3	42146.9	47617	50697.8	0	0	0	0	0	0	 94
DATA	12:57:31:000	2023-12-03	867390	13.2915	584.826	0.0967464	419.088	636.111	11.45	0.0665469	20.0569	14.0328	30.8419	80.1569	255	0	0	11.2991	2.13281	2.6414	11.59	98.0639	0	0	33204.2	42146.6	47597.4	50695.1	0	0	0	0	0	0	 56
DATA	12:57:32:000	2023-12-03	867690	13.2965	585.046	0.0967745	419.252	633.833	11.409	0.0663778	19.9854	13.978	30.8509	80.1581	255	0	0	11.2963	2.13319	2.6409	11.59	98.0753	0	0	33203.9	42147.1	47598.7	50694.8	0	0	0	0	0	0	100
DATA	12:57:33:000	2023-12-03	867990	13.2995	585.178	0.0967897	419.401	631.742	11.3714	0.0662208	19.922	13.9275	30.8601	80.1501	255	0	0	11.297	2.1332	2.64165	11.59	98.0747	0	0	33204.1	42146.8	47614.8	50696.2	0	0	0	0	0	0	 55
DATA	12:57:34:000	2023-12-03	868290	13.2872	584.637	0.0967221	418.959	633.076	11.3954	0.0663211	19.9615	13.9605	30.8692	80.1628	255	0	0	11.2956	2.13283	2.64065	11.59	98.052	0	0	33204.2	42141.2	47607.2	50691.1	0	0	0	0	0	0	145
DATA	12:57:35:000	2023-12-03	868590	13.2788	584.267	0.0966757	418.663	634.227	11.4161	0.0664076	19.9963	13.9889	30.8777	80.1711	255	0	0	11.2901	2.133	2.6409	11.59	98.0642	0	0	33205.2	42144.6	47599.7	50693.4	0	0	0	0	0	0	 91
DATA	12:57:36:000	2023-12-03	868890	13.2807	584.351	0.0966864	418.817	640.545	11.5298	0.066876	20.2001	14.1422	30.887	80.1554	255	0	0	11.2881	2.1329	2.64178	11.59	98.0552	0	0	33204.2	42141.8	47561.1	50688.6	0	0	0	0	0	0	 49
DATA	12:57:37:000	2023-12-03	869190	13.271	583.924	0.0966327	418.504	646.365	11.6346	0.0673066	20.3833	14.2824	30.8963	80.1593	255	0	0	11.2936	2.13308	2.64228	11.59	98.063	0	0	33206.3	42143.1	47547.9	50688.2	0	0	0	0	0	0	100
DATA	12:57:38:000	2023-12-03	869490	13.2712	583.933	0.0966343	418.529	645.776	11.624	0.0672634	20.3656	14.2688	30.9064	80.1583	255	0	0	11.2943	2.13302	2.6424	11.59	98.0564	0	0	33206.1	42141	47552.4	50686.5	0	0	0	0	0	0	253
DATA	12:57:39:000	2023-12-03	869790	13.261	583.484	0.0965745	418.21	646.908	11.6443	0.0673449	20.4014	14.2964	30.9162	80.1605	255	0	0	11.2956	2.13291	2.6424	11.59	98.0538	0	0	33207.6	42141	47538.5	50685.7	0	0	0	0	0	0	211
DATA	12:57:40:000	2023-12-03	870090	13.2659	583.7	0.0966066	418.344	644.599	11.6028	0.0671788	20.3276	14.2416	30.9253	80.1667	255	0	0	11.2956	2.13296	2.64352	11.59	98.0491	0	0	33205.5	42138.5	47547.2	50683.9	0	0	0	0	0	0	112
DATA	12:57:41:000	2023-12-03	870390	13.2631	583.576	0.0965909	418.274	647.281	11.6511	0.0673766	20.4131	14.306	30.9318	80.165	255	0	0	11.2949	2.13309	2.64165	11.59	98.0517	0	0	33205.2	42138.1	47537.4	50683.3	0	0	0	0	0	0	 77
DATA	12:57:42:000	2023-12-03	870690	13.2729	584.008	0.0966444	418.593	650.053	11.701	0.0675795	20.501	14.3726	30.9421	80.1658	255	0	0	11.2819	2.13291	2.6424	11.59	98.0115	0	0	33190.7	42122.8	47513.4	50664.6	0	0	0	0	0	0	 18
DATA	12:57:43:000	2023-12-03	870990	13.2679	583.788	0.0966167	418.484	654.027	11.7725	0.0678719	20.6287	14.4674	30.9516	80.159	255	0	0	11.2963	2.13316	2.6424	11.59	98.0497	0	0	33203.6	42136.5	47509.3	50678.5	0	0	0	0	0	0	141
DATA	12:57:44:000	2023-12-03	871290	13.2653	583.673	0.0966074	418.39	652.089	11.7376	0.0677338	20.567	14.422	30.9621	80.1641	255	0	0	11.2956	2.13302	2.64265	11.59	98.0502	0	0	33202.8	42138.2	47519.7	50680.2	0	0	0	0	0	0	 32
DATA	12:57:45:000	2023-12-03	871590	13.2619	583.524	0.0965841	418.298	652.133	11.7384	0.0677335	20.5691	14.4235	30.9715	80.1636	255	0	0	11.2936	2.13319	2.64415	11.59	98.0449	0	0	33201.1	42134.1	47514.3	50677.8	0	0	0	0	0	0	191
DATA	12:57:46:000	2023-12-03	871890	13.2675	583.77	0.0966142	418.476	653.769	11.7678	0.0678523	20.6208	14.4628	30.9815	80.1659	255	0	0	11.2929	2.13326	2.64315	11.59	98.0503	0	0	33200.7	42135.6	47506.8	50676.8	0	0	0	0	0	0	180
DATA	12:57:47:000	2023-12-03	872190	13.2682	583.801	0.096616	418.58	654.706	11.7847	0.0679193	20.6544	14.4854	30.991	80.1528	255	0	0	11.2936	2.13322	2.64277	11.59	98.0446	0	0	33201.7	42133.6	47504.8	50676.5	0	0	0	0	0	0	 58
DATA	12:57:48:000	2023-12-03	872490	13.2597	583.427	0.096571	418.306	657.438	11.8339	0.0681221	20.7403	14.5504	31.001	80.1565	255	0	0	11.2943	2.13328	2.64302	11.59	98.0484	0	0	33203.2	42134.6	47495.1	50675.4	0	0	0	0	0	0	 67
