Model:	 LI-7500
SN:	75D-4923
Timestamp:	Dec 3 2023 at 6:47:51
DATAH	Time	Date	Sequence Number	CO2 (mmol/m^3)	CO2 (mg/m^3)	CO2 Absorptance	CO2 (umol/mol)	H2O (mmol/m^3)	H2O (g/m^3)	H2O Absorptance	H2O (mmol/mol)	Dew Point (C)	Temperature (C)	Pressure (kPa)	Diagnostic Value	Diagnostic Value 2	Diagnostic Word	DSI Vin (v)	Cooler Voltage (v)	Chopper Cooler Voltage (v)	Smart Flux Vin (v)	CO2 Signal Strength	Integral	Peak Height	CO2 Sample	CO2 Reference	H2O Sample	H2O Reference	CH4 Seconds	CH4 Nano Seconds	CH4 (umol/mol)	CH4 (mmol/m^3)	CH4 Signal Strength (RSSI)	CH4 Diagnostic Value	CHK
DATA	12:47:52:000	2023-12-03	693690	13.4493	591.769	0.0976128	423.734	408.271	7.34888	0.0482477	12.863	7.36741	30.7013	80.1822	255	0	0	11.3809	2.14244	2.66298	11.59	98.3075	0	0	33169.7	42140.5	48564	50718.8	0	0	0	0	0	0	 87
DATA	12:47:53:000	2023-12-03	693990	13.4512	591.853	0.0976265	423.777	414.417	7.45951	0.0487862	13.0561	7.58578	30.695	80.1837	255	0	0	11.3816	2.14266	2.6626	11.59	98.3082	0	0	33171.8	42138.2	48534.5	50713.7	0	0	0	0	0	0	133
DATA	12:47:54:000	2023-12-03	694290	13.4505	591.822	0.0976181	423.797	409.768	7.37582	0.0483779	12.9109	7.42062	30.6948	80.1756	255	0	0	11.3809	2.14257	2.66198	11.59	98.3183	0	0	33172.5	42143.6	48555.8	50721.8	0	0	0	0	0	0	250
DATA	12:47:55:000	2023-12-03	694590	13.4381	591.276	0.0975495	423.404	411.278	7.403	0.0485103	12.9584	7.47462	30.6984	80.1771	255	0	0	11.3809	2.14249	2.6611	11.59	98.3087	0	0	33171.3	42140.4	48535.2	50716.6	0	0	0	0	0	0	 48
DATA	12:47:56:000	2023-12-03	694890	13.3918	589.239	0.0972927	421.951	426.684	7.68031	0.049848	13.444	8.01433	30.7052	80.1777	255	0	0	11.3692	2.14273	2.66098	11.59	98.3138	0	0	33183.8	42139.8	48465.9	50712.6	0	0	0	0	0	0	146
DATA	12:47:57:000	2023-12-03	695190	13.3613	587.897	0.097126	420.971	438.215	7.88787	0.0508393	13.8067	8.40731	30.7134	80.1834	255	0	0	11.3816	2.14269	2.6616	11.59	98.2602	0	0	33167.4	42117.4	48421.7	50687.2	0	0	0	0	0	0	122
DATA	12:47:58:000	2023-12-03	695490	13.3703	588.293	0.097173	421.276	427.39	7.69302	0.0499094	13.4663	8.03956	30.7244	80.1824	255	0	0	11.3795	2.14264	2.66073	11.59	98.2727	0	0	33170.3	42123.2	48452.4	50692.9	0	0	0	0	0	0	120
DATA	12:47:59:000	2023-12-03	695790	13.4316	590.99	0.0975136	423.227	414.534	7.46161	0.0487946	13.0619	7.59189	30.7359	80.1816	255	0	0	11.3802	2.14256	2.66023	11.59	98.2791	0	0	33162.4	42126.9	48512.2	50700.2	0	0	0	0	0	0	158
