Model:	 LI-7500
SN:	75D-4923
Timestamp:	Dec 3 2023 at 5:32:02
DATAH	Time	Date	Sequence Number	CO2 (mmol/m^3)	CO2 (mg/m^3)	CO2 Absorptance	CO2 (umol/mol)	H2O (mmol/m^3)	H2O (g/m^3)	H2O Absorptance	H2O (mmol/mol)	Dew Point (C)	Temperature (C)	Pressure (kPa)	Diagnostic Value	Diagnostic Value 2	Diagnostic Word	DSI Vin (v)	Cooler Voltage (v)	Chopper Cooler Voltage (v)	Smart Flux Vin (v)	CO2 Signal Strength	Integral	Peak Height	CO2 Sample	CO2 Reference	H2O Sample	H2O Reference	CH4 Seconds	CH4 Nano Seconds	CH4 (umol/mol)	CH4 (mmol/m^3)	CH4 Signal Strength (RSSI)	CH4 Diagnostic Value	CHK
DATA	11:32:02:000	2023-12-03	838680	13.3758	588.535	0.0971873	421.454	412.288	7.42118	0.048591	12.9907	7.50186	30.5186	80.1271	255	0	0	10.3455	2.14007	2.64028	11.7	99.1185	0	0	33479.9	42515.7	48907.5	51105	0	0	0	0	0	0	  2
DATA	11:32:03:000	2023-12-03	838980	13.3748	588.491	0.0971853	421.421	409.501	7.37102	0.0483494	12.9028	7.40324	30.5319	80.131	255	0	0	10.3462	2.14041	2.63991	11.7	99.1406	0	0	33484.8	42521.2	48925.1	51109.9	0	0	0	0	0	0	 63
DATA	11:32:04:000	2023-12-03	839280	13.3694	588.254	0.0971517	421.264	415.2	7.4736	0.0488447	13.0828	7.60638	30.5486	80.1328	255	0	0	10.3462	2.1402	2.63991	11.7	99.1309	0	0	33485.8	42519.5	48901.2	51109.2	0	0	0	0	0	0	194
DATA	11:32:05:000	2023-12-03	839580	13.37	588.28	0.0971545	421.288	414.005	7.45209	0.0487404	13.0453	7.56498	30.5657	80.1364	255	0	0	10.3428	2.14006	2.64016	11.7	99.1266	0	0	33483.8	42519.3	48903	51108	0	0	0	0	0	0	 39
DATA	11:32:06:000	2023-12-03	839880	13.3681	588.196	0.097143	421.272	413.749	7.44748	0.0487175	13.0386	7.55672	30.5823	80.1323	255	0	0	10.3359	2.14016	2.63941	11.7	99.1262	0	0	33484.8	42517.9	48914	51106.6	0	0	0	0	0	0	  8
DATA	11:32:07:000	2023-12-03	840180	13.3627	587.959	0.0971149	421.141	417.767	7.51981	0.0490682	13.1664	7.69912	30.5985	80.1293	255	0	0	10.3338	2.14023	2.64041	11.7	99.1344	0	0	33485.8	42520.6	48907.9	51109.5	0	0	0	0	0	0	152
DATA	11:32:08:000	2023-12-03	840480	13.3564	587.682	0.0970818	420.959	418.744	7.53739	0.0491545	13.1977	7.73418	30.6152	80.1305	255	0	0	10.3462	2.14007	2.63891	11.7	99.1266	0	0	33486	42519.1	48893.6	51107	0	0	0	0	0	0	222
DATA	11:32:09:000	2023-12-03	840780	13.3546	587.602	0.0970706	420.957	421.768	7.59182	0.0494154	13.2947	7.84041	30.6288	80.1237	255	0	0	10.34	2.1402	2.63866	11.7	99.1233	0	0	33483.9	42516.3	48870.7	51102.8	0	0	0	0	0	0	246
DATA	11:32:10:000	2023-12-03	841080	13.3581	587.756	0.0970909	421.04	416.829	7.50292	0.0489877	13.1382	7.66842	30.6451	80.1332	255	0	0	10.3324	2.14014	2.63991	11.7	99.1297	0	0	33488.9	42519.7	48871.2	51106.5	0	0	0	0	0	0	 96
DATA	11:32:11:000	2023-12-03	841380	13.3471	587.272	0.0970275	420.738	420.042	7.56076	0.0492654	13.2409	7.78188	30.6629	80.1294	255	0	0	10.3249	2.14009	2.64053	11.7	99.126	0	0	33489	42518.7	48873.1	51106	0	0	0	0	0	0	141
DATA	11:32:12:000	2023-12-03	841680	13.3498	587.391	0.0970428	420.849	424.653	7.64375	0.0496643	13.3871	7.94299	30.6799	80.1288	255	0	0	10.3372	2.13994	2.64078	11.7	99.1221	0	0	33487.5	42518.8	48866.2	51105.4	0	0	0	0	0	0	193
DATA	11:32:13:000	2023-12-03	841980	13.3474	587.286	0.0970306	420.777	420.967	7.57741	0.0493464	13.271	7.81583	30.6975	80.1328	255	0	0	10.3297	2.14005	2.64115	11.7	99.1257	0	0	33488.2	42519	48866.5	51105.7	0	0	0	0	0	0	 10
DATA	11:32:14:000	2023-12-03	842280	13.3538	587.567	0.097065	421.014	426.163	7.67093	0.0497945	13.4359	7.99681	30.7144	80.1306	255	0	0	10.3208	2.14011	2.63978	11.7	99.1234	0	0	33485.1	42517.3	48843.8	51102.5	0	0	0	0	0	0	 86
DATA	11:32:15:000	2023-12-03	842580	13.3521	587.492	0.0970564	421	424.614	7.64305	0.0496614	13.3883	7.94419	30.7326	80.1278	255	0	0	10.318	2.13984	2.64103	11.7	99.1194	0	0	33487.2	42518.7	48845.6	51104.2	0	0	0	0	0	0	143
DATA	11:32:16:000	2023-12-03	842880	13.3827	588.839	0.0972296	422.002	435.813	7.84463	0.0506245	13.7427	8.32808	30.7503	80.1254	255	0	0	10.3256	2.14007	2.64078	11.7	99.1237	0	0	33485.3	42517.9	48830.8	51101.6	0	0	0	0	0	0	134
DATA	11:32:17:000	2023-12-03	843180	13.3431	587.096	0.0970072	420.77	427.606	7.69691	0.0499199	13.4844	8.04915	30.769	80.1271	255	0	0	10.3228	2.13983	2.64165	11.7	99.1148	0	0	33487.6	42516.8	48829.6	51100.4	0	0	0	0	0	0	 63
DATA	11:32:18:000	2023-12-03	843480	13.3526	587.514	0.0970625	421.048	432.327	7.78189	0.0503268	13.6326	8.21163	30.7883	80.1364	255	0	0	10.3214	2.14003	2.64028	11.7	99.1249	0	0	33487	42518.9	48815.2	51100.9	0	0	0	0	0	0	 23
DATA	11:32:19:000	2023-12-03	843780	13.3559	587.66	0.0970759	421.232	435.783	7.84409	0.0506196	13.7442	8.32986	30.808	80.1264	255	0	0	10.3159	2.14003	2.63991	11.7	99.1305	0	0	33488	42521.3	48811.9	51104.1	0	0	0	0	0	0	203
DATA	11:32:20:000	2023-12-03	844080	13.3445	587.158	0.0970182	420.854	433.38	7.80084	0.0504178	13.6678	8.24924	30.8252	80.1344	255	0	0	10.3159	2.13983	2.6409	11.7	99.1245	0	0	33489	42521.1	48806.7	51103.2	0	0	0	0	0	0	182
DATA	11:32:21:000	2023-12-03	844380	13.3526	587.514	0.0970593	421.164	431.946	7.77503	0.0502922	13.6243	8.20132	30.8435	80.1288	255	0	0	10.3194	2.13992	2.64078	11.7	99.1257	0	0	33490	42520.5	48824.6	51103.8	0	0	0	0	0	0	 19
DATA	11:32:22:000	2023-12-03	844680	13.3397	586.947	0.0969883	420.786	435.659	7.84186	0.050611	13.7424	8.32829	30.862	80.1283	255	0	0	10.3194	2.14026	2.64115	11.7	99.1334	0	0	33490	42519.8	48800.8	51101.4	0	0	0	0	0	0	207
DATA	11:32:23:000	2023-12-03	844980	13.3404	586.978	0.0969886	420.874	437.507	7.87513	0.0507666	13.8028	8.39159	30.8807	80.1206	255	0	0	10.307	2.14014	2.64115	11.7	99.1267	0	0	33491.1	42518.4	48797.5	51100.6	0	0	0	0	0	0	110
DATA	11:32:24:000	2023-12-03	845280	13.3503	587.413	0.0970469	421.182	441.065	7.93917	0.0510718	13.915	8.51199	30.8999	80.1264	255	0	0	10.3036	2.13991	2.64115	11.7	99.1245	0	0	33490.9	42520.1	48781.4	51099.9	0	0	0	0	0	0	 94
DATA	11:32:25:000	2023-12-03	845580	13.3533	587.545	0.0970653	421.277	438.897	7.90015	0.0508878	13.8465	8.44022	30.9189	80.1315	255	0	0	10.3077	2.13997	2.64153	11.7	99.1263	0	0	33489.1	42520.2	48785.2	51101	0	0	0	0	0	0	 55
DATA	11:32:26:000	2023-12-03	845880	13.3508	587.435	0.0970526	421.194	439.225	7.90605	0.0509166	13.8568	8.45194	30.9334	80.1361	255	0	0	10.3063	2.14011	2.64228	11.7	99.1293	0	0	33487.1	42519.9	48767.8	51099.8	0	0	0	0	0	0	162
DATA	11:32:27:000	2023-12-03	846180	13.3607	587.871	0.0971066	421.567	442.982	7.97368	0.0512356	13.9773	8.57852	30.9515	80.1292	255	0	0	10.2967	2.13985	2.64178	11.7	99.1253	0	0	33486.3	42521.2	48764.7	51101.9	0	0	0	0	0	0	183
DATA	11:32:28:000	2023-12-03	846480	13.3618	587.919	0.0971142	421.609	441.985	7.95573	0.0511516	13.9461	8.54614	30.9698	80.1327	255	0	0	10.2981	2.13978	2.6424	11.7	99.1209	0	0	33485.7	42520.1	48774.5	51100.3	0	0	0	0	0	0	111
DATA	11:32:29:000	2023-12-03	846780	13.3639	588.012	0.0971245	421.715	442.336	7.96205	0.0511805	13.9585	8.55872	30.9876	80.1299	255	0	0	10.3056	2.13988	2.6419	11.7	99.1245	0	0	33487.7	42520.5	48774.3	51101	0	0	0	0	0	0	 17
DATA	11:32:30:000	2023-12-03	847080	13.3781	588.636	0.0972047	422.185	447.453	8.05415	0.0516151	14.1207	8.72948	31.0048	80.1302	255	0	0	10.3043	2.13976	2.64315	11.7	99.1213	0	0	33484	42520.5	48759.6	51100.5	0	0	0	0	0	0	  4
DATA	11:32:31:000	2023-12-03	847380	13.3753	588.513	0.0971865	422.13	446.869	8.04364	0.0515641	14.1034	8.71096	31.0209	80.1281	255	0	0	10.2994	2.13972	2.64215	11.7	99.1126	0	0	33481.3	42517.2	48750.1	51097.7	0	0	0	0	0	0	 73
DATA	11:32:32:000	2023-12-03	847680	13.3752	588.509	0.0971873	422.16	448.932	8.08078	0.0517398	14.1696	8.77965	31.033	80.125	255	0	0	10.2919	2.13977	2.64265	11.7	99.1078	0	0	33479.9	42514.6	48741.4	51094.5	0	0	0	0	0	0	 38
DATA	11:32:33:000	2023-12-03	847980	13.3819	588.804	0.0972243	422.358	450.606	8.11091	0.0518809	14.222	8.83546	31.0485	80.1316	255	0	0	10.2891	2.13981	2.64203	11.7	99.1061	0	0	33476.3	42513.4	48724.8	51092	0	0	0	0	0	0	235
DATA	11:32:34:000	2023-12-03	848280	13.3834	588.87	0.0972338	422.434	452.387	8.14297	0.0520316	14.2791	8.89461	31.0644	80.1305	255	0	0	10.2912	2.13995	2.64253	11.7	99.1144	0	0	33478	42515.3	48721.1	51093	0	0	0	0	0	0	148
DATA	11:32:35:000	2023-12-03	848580	13.3887	589.103	0.0972672	422.591	452.662	8.14792	0.0520573	14.2875	8.9044	31.0807	80.1366	255	0	0	10.2864	2.13971	2.64165	11.7	99.1067	0	0	33479.2	42514.8	48724.1	51094.6	0	0	0	0	0	0	111
DATA	11:32:36:000	2023-12-03	848880	13.3895	589.138	0.0972684	422.653	453.461	8.1623	0.0521226	14.314	8.93129	31.0967	80.1339	255	0	0	10.2809	2.13981	2.6424	11.7	99.1027	0	0	33475.4	42512	48716.9	51090.1	0	0	0	0	0	0	151
DATA	11:32:37:000	2023-12-03	849180	13.3947	589.367	0.0973003	422.834	453.831	8.16896	0.0521553	14.3262	8.9441	31.1117	80.1346	255	0	0	10.2761	2.14001	2.64327	11.7	99.1153	0	0	33476.1	42515	48712.9	51093.1	0	0	0	0	0	0	225
DATA	11:32:38:000	2023-12-03	849480	13.3997	589.587	0.0973272	423.039	456.526	8.21747	0.0523814	14.4129	9.03249	31.1256	80.1294	255	0	0	10.285	2.13993	2.6424	11.7	99.1104	0	0	33473.8	42513.8	48703.4	51091.2	0	0	0	0	0	0	 53
DATA	11:32:39:000	2023-12-03	849780	13.398	589.512	0.0973189	422.988	456.987	8.22577	0.052421	14.4275	9.04797	31.1362	80.1316	255	0	0	10.2809	2.14011	2.64402	11.7	99.1201	0	0	33476.5	42515.9	48708	51094.5	0	0	0	0	0	0	220
DATA	11:32:40:000	2023-12-03	850080	13.4045	589.798	0.0973525	423.241	458.702	8.25664	0.0525631	14.4833	9.10418	31.1503	80.1263	255	0	0	10.2774	2.13976	2.64228	11.7	99.108	0	0	33473.2	42514.7	48695.2	51091.8	0	0	0	0	0	0	 78
DATA	11:32:41:000	2023-12-03	850380	13.402	589.688	0.0973403	423.168	459.301	8.26742	0.0526145	14.5024	9.12424	31.1647	80.1291	255	0	0	10.2699	2.14	2.64315	11.7	99.1154	0	0	33474.1	42515.2	48691.9	51091.7	0	0	0	0	0	0	167
DATA	11:32:42:000	2023-12-03	850680	13.4094	590.014	0.0973831	423.41	459.724	8.27503	0.0526507	14.5161	9.13856	31.1784	80.1311	255	0	0	10.2706	2.1398	2.64402	11.7	99.1028	0	0	33471.7	42512.1	48690.2	51089.1	0	0	0	0	0	0	  0
DATA	11:32:43:000	2023-12-03	850980	13.409	589.996	0.0973785	423.448	462.104	8.31787	0.0528488	14.593	9.21583	31.1918	80.1249	255	0	0	10.2726	2.13991	2.64352	11.7	99.1106	0	0	33471.8	42514.2	48676.1	51090.9	0	0	0	0	0	0	 72
DATA	11:32:44:000	2023-12-03	851280	13.4147	590.247	0.0974104	423.612	462.76	8.32968	0.0529034	14.6131	9.23752	31.2049	80.1314	255	0	0	10.2719	2.13978	2.64452	11.7	99.1066	0	0	33470.6	42514	48672.5	51089.4	0	0	0	0	0	0	232
DATA	11:32:45:000	2023-12-03	851580	13.4229	590.608	0.097456	423.899	464.804	8.36647	0.0530741	14.6786	9.30357	31.2174	80.1295	255	0	0	10.2589	2.14009	2.64327	11.7	99.115	0	0	33469.1	42513.9	48659.9	51088.4	0	0	0	0	0	0	 74
DATA	11:32:46:000	2023-12-03	851880	13.4184	590.41	0.0974303	423.784	465.165	8.37297	0.053104	14.691	9.31568	31.2294	80.1275	255	0	0	10.2596	2.14011	2.64427	11.7	99.119	0	0	33470.4	42515.4	48664.7	51091	0	0	0	0	0	0	 86
DATA	11:32:47:000	2023-12-03	852180	13.4249	590.696	0.0974665	424.012	467.446	8.41403	0.0532943	14.7638	9.38877	31.2378	80.1254	255	0	0	10.2644	2.14014	2.64427	11.7	99.1131	0	0	33468	42512.5	48659.6	51087.3	0	0	0	0	0	0	 54
DATA	11:32:48:000	2023-12-03	852480	13.4218	590.559	0.0974497	423.913	467.758	8.41964	0.0533205	14.7736	9.39925	31.2494	80.1287	255	0	0	10.263	2.1399	2.64489	11.7	99.1059	0	0	33467.8	42512.3	48653.2	51087.1	0	0	0	0	0	0	 88
DATA	11:32:49:000	2023-12-03	852780	13.4305	590.942	0.0975017	424.172	468.698	8.43656	0.0534009	14.8028	9.42967	31.2612	80.1348	255	0	0	10.252	2.13972	2.64352	11.7	99.0998	0	0	33465.6	42511.8	48642.3	51085	0	0	0	0	0	0	 12
DATA	11:32:50:000	2023-12-03	853080	13.4359	591.18	0.0975285	424.387	470.145	8.46261	0.053519	14.85	9.47609	31.2731	80.1294	255	0	0	10.2575	2.1399	2.64352	11.7	99.1062	0	0	33465.8	42512.3	48638.7	51085	0	0	0	0	0	0	 53
DATA	11:32:51:000	2023-12-03	853380	13.435	591.14	0.0975259	424.367	471.598	8.48876	0.0536412	14.8962	9.52255	31.2846	80.131	255	0	0	10.2609	2.13969	2.64564	11.7	99.1054	0	0	33464.2	42514.4	48630.5	51087.2	0	0	0	0	0	0	  3
DATA	11:32:52:000	2023-12-03	853680	13.4511	591.848	0.0976169	424.864	472.737	8.50927	0.0537363	14.9318	9.559	31.2958	80.1361	255	0	0	10.2603	2.13969	2.64464	11.7	99.1017	0	0	33463.4	42512.9	48627.1	51085.1	0	0	0	0	0	0	 65
DATA	11:32:53:000	2023-12-03	853980	13.4479	591.708	0.0975971	424.824	474.48	8.54064	0.0538797	14.989	9.6143	31.3064	80.1273	255	0	0	10.2486	2.13996	2.64564	11.7	99.105	0	0	33462.1	42511.2	48618.9	51082.6	0	0	0	0	0	0	234
DATA	11:32:54:000	2023-12-03	854280	13.454	591.976	0.0976337	425.014	475.409	8.55736	0.0539582	15.0182	9.64394	31.3171	80.1307	255	0	0	10.2493	2.13993	2.64577	11.7	99.1077	0	0	33460.7	42512.7	48618.5	51084.6	0	0	0	0	0	0	115
DATA	11:32:55:000	2023-12-03	854580	13.4612	592.293	0.0976719	425.253	476.698	8.58056	0.0540639	15.0594	9.68476	31.3271	80.1311	255	0	0	10.2486	2.13994	2.64514	11.7	99.1068	0	0	33461.2	42512.2	48610.4	51085	0	0	0	0	0	0	 58
DATA	11:32:56:000	2023-12-03	854880	13.4528	591.923	0.0976274	424.984	478.318	8.60972	0.0541992	15.1104	9.73566	31.3342	80.1336	255	0	0	10.2493	2.13983	2.64564	11.7	99.1017	0	0	33460.6	42511.3	48600.5	51083.4	0	0	0	0	0	0	151
DATA	11:32:57:000	2023-12-03	855180	13.4585	592.174	0.0976572	425.14	478.275	8.60895	0.0541941	15.1082	9.73475	31.343	80.1404	255	0	0	10.2362	2.14007	2.64552	11.7	99.1139	0	0	33460.9	42513.8	48603.5	51085.3	0	0	0	0	0	0	 35
DATA	11:32:58:000	2023-12-03	855480	13.4455	591.602	0.0975871	424.752	476.993	8.58587	0.0540899	15.0685	9.69522	31.3524	80.1387	255	0	0	10.2369	2.13979	2.64464	11.7	99.0985	0	0	33460.6	42510.3	48608.8	51082.2	0	0	0	0	0	0	203
DATA	11:32:59:000	2023-12-03	855780	13.455	592.02	0.0976422	425.072	474.749	8.54548	0.0539053	14.9983	9.62546	31.3622	80.1375	255	0	0	10.2348	2.13985	2.64589	11.7	99.1004	0	0	33459.4	42510.4	48609.5	51081.3	0	0	0	0	0	0	 65
DATA	11:33:00:000	2023-12-03	856080	13.4568	592.099	0.09765	425.129	475.511	8.5592	0.0539672	15.0224	9.6498	31.3714	80.14	255	0	0	10.2438	2.13996	2.64502	11.7	99.1072	0	0	33462.8	42512.1	48619.5	51084.5	0	0	0	0	0	0	 95
DATA	11:33:01:000	2023-12-03	856380	13.4549	592.016	0.097638	425.099	474.572	8.5423	0.0538883	14.9938	9.6208	31.3803	80.1366	255	0	0	10.2369	2.13977	2.64627	11.7	99.0969	0	0	33459.2	42509.9	48609.4	51082	0	0	0	0	0	0	199
DATA	11:33:02:000	2023-12-03	856680	13.4568	592.099	0.0976483	425.205	476.783	8.58209	0.0540714	15.0653	9.69044	31.3888	80.1301	255	0	0	10.2334	2.13972	2.64552	11.7	99.0969	0	0	33458.4	42510.5	48606	51081.2	0	0	0	0	0	0	 60
DATA	11:33:03:000	2023-12-03	856980	13.4658	592.495	0.097698	425.491	476.183	8.57129	0.0540213	15.0464	9.67214	31.3981	80.1323	255	0	0	10.23	2.14016	2.64514	11.7	99.1043	0	0	33458.5	42508.6	48607.1	51082.5	0	0	0	0	0	0	242
DATA	11:33:04:000	2023-12-03	857280	13.4647	592.447	0.0976932	425.491	479.272	8.6269	0.0542776	15.1452	9.76891	31.4067	80.1281	255	0	0	10.2376	2.14014	2.64489	11.7	99.1098	0	0	33457.7	42511.2	48597.1	51081.4	0	0	0	0	0	0	123
DATA	11:33:05:000	2023-12-03	857580	13.471	592.724	0.097726	425.7	479.886	8.63795	0.0543265	15.165	9.7884	31.4149	80.1284	255	0	0	10.23	2.14006	2.64577	11.7	99.1062	0	0	33456.3	42510.5	48590.7	51080.4	0	0	0	0	0	0	  8
DATA	11:33:06:000	2023-12-03	857880	13.4724	592.786	0.0977337	425.772	478.539	8.6137	0.0542152	15.1234	9.74687	31.4225	80.1251	255	0	0	10.2211	2.14009	2.64564	11.7	99.1025	0	0	33454.5	42508.6	48597.5	51079.5	0	0	0	0	0	0	107
DATA	11:33:07:000	2023-12-03	858180	13.4719	592.764	0.0977314	425.739	479.715	8.63487	0.0543126	15.16	9.78386	31.4308	80.1305	255	0	0	10.2169	2.14004	2.64577	11.7	99.0976	0	0	33452.5	42507.1	48588.5	51077.6	0	0	0	0	0	0	 77
DATA	11:33:08:000	2023-12-03	858480	13.4753	592.913	0.0977508	425.851	479.102	8.62384	0.0542623	15.1408	9.76506	31.4362	80.131	255	0	0	10.2252	2.13998	2.64627	11.7	99.0995	0	0	33453.4	42508.6	48593.6	51079	0	0	0	0	0	0	 19
DATA	11:33:09:000	2023-12-03	858780	13.4479	591.708	0.097601	424.987	473.674	8.52613	0.0538154	14.9693	9.59559	31.4414	80.132	255	0	0	10.1949	2.1399	2.64764	11.7	99.0959	0	0	33458.1	42508	48618.1	51079.8	0	0	0	0	0	0	215
DATA	11:33:10:000	2023-12-03	859080	13.4412	591.413	0.0975644	424.755	471.538	8.48768	0.0536387	14.9011	9.52864	31.4479	80.1376	255	0	0	10.2121	2.1402	2.64627	11.7	99.0929	0	0	33456.3	42503.2	48647.6	51076.9	0	0	0	0	0	0	102
DATA	11:33:11:000	2023-12-03	859380	13.4507	591.831	0.0976135	425.098	469.951	8.45912	0.0535046	14.8524	9.47883	31.4548	80.1313	255	0	0	10.2108	2.14007	2.64664	11.7	99.0913	0	0	33451.4	42504	48606.3	51073.9	0	0	0	0	0	0	 40
DATA	11:33:12:000	2023-12-03	859680	13.4802	593.129	0.0977805	426.043	477.93	8.60274	0.054167	15.105	9.72979	31.4614	80.1308	255	0	0	10.2149	2.14006	2.64751	11.7	99.0951	0	0	33450.7	42505.7	48593	51076.3	0	0	0	0	0	0	148
DATA	11:33:13:000	2023-12-03	859980	13.4769	592.984	0.0977617	425.925	478.214	8.60785	0.0541903	15.1135	9.73899	31.4684	80.1352	255	0	0	10.2183	2.14012	2.64726	11.7	99.0965	0	0	33450.5	42505.7	48595.4	51075.2	0	0	0	0	0	0	181
DATA	11:33:14:000	2023-12-03	860280	13.4762	592.953	0.0977591	425.926	477.774	8.59993	0.0541549	15.1004	9.72557	31.4746	80.1325	255	0	0	10.2163	2.14015	2.64714	11.7	99.0957	0	0	33448.6	42504.9	48599.3	51073.7	0	0	0	0	0	0	181
DATA	11:33:15:000	2023-12-03	860580	13.483	593.252	0.0977973	426.124	477.986	8.60375	0.0541725	15.1065	9.7325	31.481	80.1373	255	0	0	10.2018	2.1402	2.64876	11.7	99.0972	0	0	33448.4	42505.1	48595.4	51075.2	0	0	0	0	0	0	199
DATA	11:33:16:000	2023-12-03	860880	13.485	593.34	0.0978078	426.216	476.809	8.58256	0.0540749	15.0703	9.69605	31.487	80.1335	255	0	0	10.1997	2.14024	2.64801	11.7	99.1001	0	0	33449.6	42505.8	48605.9	51076.8	0	0	0	0	0	0	 13
DATA	11:33:17:000	2023-12-03	861180	13.4814	593.182	0.0977857	426.09	474.895	8.54811	0.0539151	15.0094	9.63645	31.4932	80.1373	255	0	0	10.2039	2.14023	2.64627	11.7	99.0984	0	0	33451.2	42505.2	48617.1	51077.3	0	0	0	0	0	0	 91
DATA	11:33:18:000	2023-12-03	861480	13.4786	593.058	0.0977685	426.061	475.786	8.56415	0.0539877	15.0397	9.66464	31.4988	80.1276	255	0	0	10.2032	2.14013	2.64814	11.7	99.0939	0	0	33449.2	42504.5	48609.5	51074.8	0	0	0	0	0	0	194
DATA	11:33:19:000	2023-12-03	861780	13.4826	593.234	0.09779	426.212	476.33	8.57394	0.0540325	15.0577	9.68189	31.5035	80.1243	255	0	0	10.1908	2.14028	2.64627	11.7	99.0894	0	0	33446	42500.7	48596.9	51070.3	0	0	0	0	0	0	164
DATA	11:33:20:000	2023-12-03	862080	13.4799	593.116	0.0977768	426.084	472.2	8.4996	0.0536913	14.9257	9.55242	31.5073	80.1333	255	0	0	10.1922	2.1399	2.64739	11.7	99.0761	0	0	33445	42499.5	48614.7	51069.7	0	0	0	0	0	0	135
DATA	11:33:21:000	2023-12-03	862380	13.4903	593.573	0.0978352	426.437	473.022	8.5144	0.0537598	14.9525	9.57847	31.5108	80.1297	255	0	0	10.1984	2.14034	2.64814	11.7	99.0948	0	0	33447.1	42502.3	48614	51073.5	0	0	0	0	0	0	  2
DATA	11:33:22:000	2023-12-03	862680	13.4844	593.314	0.0977986	426.328	473.75	8.5275	0.0538177	14.9783	9.60156	31.5148	80.1162	255	0	0	10.1984	2.14036	2.64776	11.7	99.0895	0	0	33444.6	42499.9	48609.7	51069.8	0	0	0	0	0	0	107
DATA	11:33:23:000	2023-12-03	862980	13.4871	593.432	0.0978161	426.375	472.107	8.49793	0.0536831	14.925	9.55002	31.5182	80.1243	255	0	0	10.1874	2.14038	2.64888	11.7	99.0898	0	0	33444.2	42499.8	48613.7	51069.4	0	0	0	0	0	0	125
DATA	11:33:24:000	2023-12-03	863280	13.4973	593.881	0.0978762	426.648	474.436	8.53985	0.0538783	14.9969	9.62346	31.5221	80.1345	255	0	0	10.1881	2.14053	2.64801	11.7	99.0934	0	0	33444.7	42499.6	48604	51070.6	0	0	0	0	0	0	 92
DATA	11:33:25:000	2023-12-03	863580	13.4906	593.586	0.0978379	426.46	472.89	8.51202	0.0537493	14.9488	9.57506	31.5259	80.1311	255	0	0	10.186	2.1403	2.64839	11.7	99.0894	0	0	33443.6	42500.5	48617.8	51071.6	0	0	0	0	0	0	230
DATA	11:33:26:000	2023-12-03	863880	13.4911	593.608	0.0978386	426.47	473.106	8.51591	0.0537661	14.9555	9.58204	31.5297	80.1331	255	0	0	10.1894	2.14032	2.64864	11.7	99.0874	0	0	33443.1	42499.4	48620.2	51070.6	0	0	0	0	0	0	109
DATA	11:33:27:000	2023-12-03	864180	13.5	594	0.0978882	426.786	473.418	8.52152	0.0537918	14.9665	9.59205	31.5337	80.1277	255	0	0	10.1826	2.14045	2.64839	11.7	99.0901	0	0	33442.4	42499.1	48613.2	51070.1	0	0	0	0	0	0	 63
DATA	11:33:28:000	2023-12-03	864480	13.5038	594.167	0.0979097	426.908	474.947	8.54905	0.0539187	15.0149	9.64016	31.5359	80.1279	255	0	0	10.1764	2.14002	2.64851	11.7	99.0747	0	0	33439.5	42497.5	48598.9	51067.2	0	0	0	0	0	0	203
DATA	11:33:29:000	2023-12-03	864780	13.4999	593.996	0.0978855	426.812	474.931	8.54876	0.053916	15.0154	9.63978	31.5384	80.1234	255	0	0	10.1702	2.14022	2.64789	11.7	99.0806	0	0	33440.5	42497.6	48604.1	51066.9	0	0	0	0	0	0	149
DATA	11:33:30:000	2023-12-03	865080	13.5039	594.172	0.097909	426.928	474.559	8.54206	0.0538857	15.0033	9.62826	31.5414	80.1263	255	0	0	10.1784	2.14052	2.64938	11.7	99.0897	0	0	33441	42498.1	48604.4	51067.1	0	0	0	0	0	0	  9
DATA	11:33:31:000	2023-12-03	865380	13.5016	594.07	0.0978953	426.872	473.807	8.52853	0.0538231	14.9801	9.60475	31.5434	80.1237	255	0	0	10.175	2.14031	2.64851	11.7	99.0827	0	0	33440	42497.5	48605.1	51067.2	0	0	0	0	0	0	195
DATA	11:33:32:000	2023-12-03	865680	13.4998	593.991	0.0978852	426.828	473.928	8.5307	0.0538328	14.9843	9.60869	31.5462	80.122	255	0	0	10.1729	2.14034	2.64826	11.7	99.0766	0	0	33437.4	42494.5	48599.7	51063.4	0	0	0	0	0	0	110
DATA	11:33:33:000	2023-12-03	865980	13.512	594.528	0.0979576	427.17	475.58	8.56044	0.0539725	15.035	9.6606	31.5482	80.1307	255	0	0	10.1661	2.14035	2.64926	11.7	99.0787	0	0	33436.6	42495.4	48599	51064.4	0	0	0	0	0	0	 81
DATA	11:33:34:000	2023-12-03	866280	13.5085	594.374	0.0979396	427.024	475.775	8.56395	0.0539898	15.04	9.66686	31.5514	80.1382	255	0	0	10.1736	2.14056	2.64888	11.7	99.0788	0	0	33435.2	42493	48593.2	51061	0	0	0	0	0	0	160
DATA	11:33:35:000	2023-12-03	866580	13.5129	594.568	0.0979629	427.174	475.482	8.55868	0.0539646	15.0311	9.65784	31.5544	80.1369	255	0	0	10.1654	2.14054	2.64826	11.7	99.0823	0	0	33435.1	42494.8	48595.2	51062.8	0	0	0	0	0	0	196
DATA	11:33:36:000	2023-12-03	866880	13.5161	594.708	0.0979777	427.327	474.862	8.54752	0.0539112	15.0133	9.63855	31.5575	80.1279	255	0	0	10.1613	2.14039	2.64913	11.7	99.0721	0	0	33433.2	42492.1	48594	51059.9	0	0	0	0	0	0	 71
DATA	11:33:37:000	2023-12-03	867180	13.5119	594.524	0.0979566	427.208	475.042	8.55076	0.0539276	15.0195	9.64428	31.5591	80.1259	255	0	0	10.1551	2.14036	2.65001	11.7	99.0708	0	0	33433	42491.9	48593.2	51060.2	0	0	0	0	0	0	 45
DATA	11:33:38:000	2023-12-03	867480	13.5117	594.515	0.0979527	427.191	475.688	8.56238	0.0539792	15.0395	9.66465	31.5619	80.1285	255	0	0	10.1613	2.14041	2.64913	11.7	99.0578	0	0	33428.1	42485.7	48586.1	51053	0	0	0	0	0	0	 88
DATA	11:33:39:000	2023-12-03	867780	13.5156	594.686	0.0979735	427.336	475.266	8.55479	0.0539437	15.027	9.65155	31.5643	80.1251	255	0	0	10.1571	2.1406	2.64963	11.7	99.0604	0	0	33427	42484.6	48585.7	51051.2	0	0	0	0	0	0	237
DATA	11:33:40:000	2023-12-03	868080	13.5138	594.607	0.0979675	427.262	475.224	8.55403	0.0539431	15.025	9.65038	31.5673	80.1291	255	0	0	10.1571	2.14057	2.64938	11.7	99.0602	0	0	33425.8	42484.8	48583.5	51051.1	0	0	0	0	0	0	 92
DATA	11:33:41:000	2023-12-03	868380	13.5216	594.95	0.0980069	427.517	476.349	8.57428	0.0540336	15.0609	9.68576	31.5706	80.1285	255	0	0	10.1468	2.1406	2.65013	11.7	99.0572	0	0	33423.9	42483.2	48578.8	51050.4	0	0	0	0	0	0	 61
DATA	11:33:42:000	2023-12-03	868680	13.5204	594.898	0.0980044	427.451	476.774	8.58193	0.0540712	15.0733	9.69917	31.5732	80.1344	255	0	0	10.1159	2.14049	2.65001	11.7	99.054	0	0	33425.2	42483.2	48574.1	51049.7	0	0	0	0	0	0	 95
DATA	11:33:43:000	2023-12-03	868980	13.5226	594.994	0.0980133	427.578	477.487	8.59477	0.054128	15.0979	9.72158	31.5761	80.1243	255	0	0	10.1509	2.14053	2.65026	11.7	99.0535	0	0	33423.2	42482.5	48574	51049.7	0	0	0	0	0	0	 31
DATA	11:33:44:000	2023-12-03	869280	13.5243	595.069	0.0980255	427.589	478.553	8.61395	0.0542179	15.1301	9.75497	31.5791	80.1331	255	0	0	10.1516	2.14044	2.64976	11.7	99.0493	0	0	33422.5	42481.7	48566.7	51046.6	0	0	0	0	0	0	174
DATA	11:33:45:000	2023-12-03	869580	13.527	595.188	0.0980414	427.674	478.576	8.61437	0.0542204	15.1308	9.75584	31.5823	80.1341	255	0	0	10.1406	2.1406	2.64988	11.7	99.0511	0	0	33421	42480.6	48565.5	51046	0	0	0	0	0	0	109
DATA	11:33:46:000	2023-12-03	869880	13.5306	595.346	0.0980636	427.782	479.921	8.63858	0.0543329	15.1731	9.79781	31.585	80.1359	255	0	0	10.1399	2.14062	2.65051	11.7	99.0522	0	0	33420.4	42480.9	48559.9	51045.5	0	0	0	0	0	0	134
DATA	11:33:47:000	2023-12-03	870180	13.5333	595.465	0.0980765	427.887	480.646	8.65163	0.0543913	15.1967	9.82048	31.5883	80.1331	255	0	0	10.142	2.14059	2.65063	11.7	99.0504	0	0	33421	42480.5	48554.3	51045.5	0	0	0	0	0	0	252
DATA	11:33:48:000	2023-12-03	870480	13.5352	595.549	0.0980859	427.991	482.236	8.68025	0.0545213	15.2486	9.86995	31.5925	80.126	255	0	0	10.1399	2.14057	2.651	11.7	99.0465	0	0	33418.7	42479	48548.7	51043	0	0	0	0	0	0	 99
DATA	11:33:49:000	2023-12-03	870780	13.5371	595.632	0.0980968	428.025	482.63	8.68734	0.0545541	15.2601	9.88231	31.5961	80.1318	255	0	0	10.1269	2.14093	2.65013	11.7	99.0551	0	0	33417.5	42478.5	48544.5	51041.2	0	0	0	0	0	0	 92
DATA	11:33:50:000	2023-12-03	871080	13.5391	595.72	0.0981075	428.08	482.133	8.67839	0.054513	15.2441	9.86713	31.6001	80.1344	255	0	0	10.1283	2.14085	2.65038	11.7	99.0549	0	0	33416.4	42479.3	48543.5	51043.2	0	0	0	0	0	0	225
DATA	11:33:51:000	2023-12-03	871380	13.539	595.716	0.0981028	428.166	481.947	8.67505	0.054495	15.2414	9.86153	31.6032	80.1185	255	0	0	10.1331	2.14073	2.65001	11.7	99.0467	0	0	33417.4	42477.2	48548.1	51042.3	0	0	0	0	0	0	 23
DATA	11:33:52:000	2023-12-03	871680	13.5439	595.932	0.0981337	428.283	482.572	8.6863	0.0545485	15.2598	9.88106	31.6071	80.1266	255	0	0	10.1331	2.14076	2.65001	11.7	99.0465	0	0	33415.5	42476.8	48544.5	51040.8	0	0	0	0	0	0	105
DATA	11:33:53:000	2023-12-03	871980	13.5371	595.632	0.0980941	428.133	483.212	8.69782	0.0546002	15.2824	9.901	31.6105	80.1154	255	0	0	10.1317	2.14073	2.65075	11.7	99.0475	0	0	33416.8	42477.6	48541.7	51041.7	0	0	0	0	0	0	 22
DATA	11:33:54:000	2023-12-03	872280	13.5546	596.402	0.0981932	428.688	484.88	8.72784	0.0547383	15.3352	9.9526	31.6139	80.1159	255	0	0	10.1228	2.14073	2.65075	11.7	99.0463	0	0	33413.4	42477.1	48532.8	51040.9	0	0	0	0	0	0	 63
DATA	11:33:55:000	2023-12-03	872580	13.5484	596.13	0.0981578	428.496	485.372	8.7367	0.054778	15.3509	9.96792	31.6176	80.1161	255	0	0	10.1214	2.14092	2.65063	11.7	99.0509	0	0	33414.8	42476.8	48530.9	51039.4	0	0	0	0	0	0	 30
DATA	11:33:56:000	2023-12-03	872880	13.5445	595.958	0.0981363	428.33	485.8	8.7444	0.0548134	15.3629	9.98127	31.6215	80.1251	255	0	0	10.1289	2.14096	2.65175	11.7	99.0482	0	0	33413.1	42475.2	48529.3	51036.8	0	0	0	0	0	0	220
DATA	11:33:57:000	2023-12-03	873180	13.5485	596.134	0.0981577	428.482	486.276	8.75297	0.0548519	15.3789	9.99609	31.6255	80.1214	255	0	0	10.1228	2.14087	2.65113	11.7	99.0488	0	0	33412.6	42476.4	48525.3	51039.2	0	0	0	0	0	0	190
DATA	11:33:58:000	2023-12-03	873480	13.5515	596.266	0.0981771	428.569	487.473	8.77451	0.0549522	15.4164	10.033	31.63	80.1241	255	0	0	10.109	2.141	2.65075	11.7	99.0474	0	0	33412.9	42474.4	48515.3	51035.8	0	0	0	0	0	0	 84
DATA	11:33:59:000	2023-12-03	873780	13.5521	596.292	0.0981783	428.577	488.534	8.79361	0.0550376	15.4496	10.0657	31.6346	80.1274	255	0	0	10.1063	2.14098	2.65188	11.7	99.0458	0	0	33411.9	42473.9	48513.3	51035.9	0	0	0	0	0	0	179
DATA	11:34:00:000	2023-12-03	874080	13.5516	596.27	0.0981784	428.575	489.101	8.80382	0.0550858	15.468	10.0833	31.639	80.126	255	0	0	10.1159	2.14102	2.65113	11.7	99.0422	0	0	33408.7	42471.9	48505.3	51031.6	0	0	0	0	0	0	166
DATA	11:34:01:000	2023-12-03	874380	13.552	596.288	0.0981801	428.593	490.392	8.82706	0.0551914	15.509	10.1228	31.6419	80.1257	255	0	0	10.1104	2.14117	2.65325	11.7	99.0508	0	0	33410.2	42473.9	48503.6	51034.5	0	0	0	0	0	0	  6
DATA	11:34:02:000	2023-12-03	874680	13.5589	596.592	0.0982183	428.822	492.015	8.85627	0.0553241	15.5608	10.1724	31.6457	80.1247	255	0	0	10.1028	2.14092	2.652	11.7	99.0365	0	0	33407.2	42470.7	48493.8	51030.6	0	0	0	0	0	0	 31
DATA	11:34:03:000	2023-12-03	874980	13.5577	596.539	0.0982135	428.777	493.182	8.87728	0.0554204	15.5974	10.2081	31.6507	80.1273	255	0	0	10.1014	2.1412	2.65213	11.7	99.0423	0	0	33406.6	42469.9	48489.5	51029.7	0	0	0	0	0	0	105
DATA	11:34:04:000	2023-12-03	875280	13.5561	596.468	0.0982038	428.74	493.297	8.87935	0.0554294	15.6016	10.2119	31.6559	80.1261	255	0	0	10.109	2.1411	2.65163	11.7	99.0411	0	0	33405.6	42470.5	48485.7	51029.2	0	0	0	0	0	0	240
DATA	11:34:05:000	2023-12-03	875580	13.5645	596.838	0.0982496	429.022	493.998	8.89196	0.0554862	15.6243	10.2334	31.6624	80.1247	255	0	0	10.1056	2.14098	2.65325	11.7	99.0392	0	0	33406.7	42471.1	48487.6	51030.1	0	0	0	0	0	0	162
DATA	11:34:06:000	2023-12-03	875880	13.5643	596.829	0.0982514	429.012	493.854	8.88937	0.0554764	15.6196	10.2293	31.6674	80.1268	255	0	0	10.1014	2.14127	2.65238	11.7	99.0416	0	0	33405.3	42468.8	48482	51026.9	0	0	0	0	0	0	 70
