Model:	 LI-7500
SN:	75D-4923
Timestamp:	Dec 3 2023 at 5:08:27
DATAH	Time	Date	Sequence Number	CO2 (mmol/m^3)	CO2 (mg/m^3)	CO2 Absorptance	CO2 (umol/mol)	H2O (mmol/m^3)	H2O (g/m^3)	H2O Absorptance	H2O (mmol/mol)	Dew Point (C)	Temperature (C)	Pressure (kPa)	Diagnostic Value	Diagnostic Value 2	Diagnostic Word	DSI Vin (v)	Cooler Voltage (v)	Chopper Cooler Voltage (v)	Smart Flux Vin (v)	CO2 Signal Strength	Integral	Peak Height	CO2 Sample	CO2 Reference	H2O Sample	H2O Reference	CH4 Seconds	CH4 Nano Seconds	CH4 (umol/mol)	CH4 (mmol/m^3)	CH4 Signal Strength (RSSI)	CH4 Diagnostic Value	CHK
DATA	11:08:28:000	2023-12-03	414480	13.1703	579.493	0.0960352	414.543	412.076	7.41737	0.0485736	12.9703	7.48157	30.2541	80.1416	255	0	0	11.4634	2.13163	2.61197	11.7	99.666	0	0	33784	42848.8	49296.5	51499.4	0	0	0	0	0	0	 14
DATA	11:08:29:000	2023-12-03	414780	13.1671	579.352	0.0960185	414.489	415.023	7.47041	0.0488313	13.0646	7.58717	30.28	80.1393	255	0	0	11.4606	2.13179	2.61173	11.7	99.6716	0	0	33784.5	42849.3	49274.3	51497.9	0	0	0	0	0	0	 61
DATA	11:08:30:000	2023-12-03	415080	13.1597	579.027	0.095981	414.273	417.82	7.52076	0.0490767	13.1532	7.68678	30.3044	80.1424	255	0	0	11.4606	2.13178	2.61185	11.7	99.6698	0	0	33784.6	42848.8	49266.3	51497.9	0	0	0	0	0	0	 79
DATA	11:08:31:000	2023-12-03	415380	13.1803	579.933	0.0960924	414.983	423.173	7.61711	0.0495376	13.3236	7.87465	30.3271	80.1366	255	0	0	11.462	2.13181	2.61285	11.7	99.6731	0	0	33782.3	42849.8	49232.5	51496.2	0	0	0	0	0	0	 95
DATA	11:08:32:000	2023-12-03	415680	13.1719	579.564	0.0960449	414.753	418.692	7.53646	0.0491496	13.1837	7.7195	30.3489	80.1357	255	0	0	11.462	2.13184	2.61272	11.7	99.6727	0	0	33784.2	42849.3	49253.4	51497.2	0	0	0	0	0	0	 82
DATA	11:08:33:000	2023-12-03	415980	13.1684	579.41	0.096023	414.704	420.266	7.56479	0.0492849	13.2352	7.77571	30.3733	80.1303	255	0	0	11.4606	2.13179	2.61222	11.7	99.67	0	0	33783.9	42848.7	49244.3	51496.2	0	0	0	0	0	0	203
DATA	11:08:34:000	2023-12-03	416280	13.1691	579.44	0.0960269	414.727	423.777	7.62799	0.0495886	13.3458	7.89897	30.3968	80.1363	255	0	0	11.4606	2.13159	2.6116	11.7	99.6648	0	0	33783.5	42848.8	49225.1	51495.7	0	0	0	0	0	0	118
DATA	11:08:35:000	2023-12-03	416580	13.1743	579.669	0.0960581	414.943	426.984	7.68571	0.0498662	13.4484	8.01089	30.4206	80.1326	255	0	0	11.4599	2.13161	2.61347	11.7	99.6645	0	0	33782.2	42848.5	49211.8	51493.7	0	0	0	0	0	0	182
DATA	11:08:36:000	2023-12-03	416880	13.1793	579.889	0.0960864	415.153	430.66	7.75188	0.0501825	13.5659	8.13786	30.4394	80.1274	255	0	0	11.462	2.1315	2.6131	11.7	99.6582	0	0	33781.2	42846.9	49194.8	51490.2	0	0	0	0	0	0	229
DATA	11:08:37:000	2023-12-03	417180	13.1863	580.197	0.0961264	415.383	435.212	7.83382	0.0505728	13.7097	8.29378	30.4623	80.1315	255	0	0	11.4599	2.13179	2.6131	11.7	99.669	0	0	33778.2	42848.2	49169.5	51490.3	0	0	0	0	0	0	 65
DATA	11:08:38:000	2023-12-03	417480	13.1929	580.488	0.0961643	415.592	439.932	7.91878	0.0509763	13.8584	8.45391	30.4852	80.1373	255	0	0	11.4593	2.13162	2.61297	11.7	99.6628	0	0	33779.7	42847.5	49161.6	51490.2	0	0	0	0	0	0	203
DATA	11:08:39:000	2023-12-03	417780	13.1862	580.193	0.0961243	415.469	439.601	7.91282	0.0509465	13.8509	8.44388	30.5073	80.1262	255	0	0	11.4572	2.13186	2.61397	11.7	99.6697	0	0	33778.5	42847.8	49146.2	51489.1	0	0	0	0	0	0	187
DATA	11:08:40:000	2023-12-03	418080	13.2031	580.936	0.0962195	415.996	442.99	7.97382	0.0512351	13.9575	8.55812	30.5262	80.1323	255	0	0	11.4599	2.13187	2.6136	11.7	99.6713	0	0	33777.6	42848.3	49141.3	51490.4	0	0	0	0	0	0	 55
DATA	11:08:41:000	2023-12-03	418380	13.2028	580.923	0.0962149	416.08	443.216	7.97789	0.0512525	13.9678	8.56661	30.5458	80.1194	255	0	0	11.4586	2.1319	2.61422	11.7	99.6706	0	0	33775.1	42847.7	49128.8	51487.4	0	0	0	0	0	0	 74
DATA	11:08:42:000	2023-12-03	418680	13.211	581.284	0.0962633	416.342	444.11	7.99398	0.0513296	13.9961	8.59732	30.5656	80.1239	255	0	0	11.4537	2.13182	2.61422	11.7	99.6702	0	0	33775.6	42848.4	49129.2	51488	0	0	0	0	0	0	215
DATA	11:08:43:000	2023-12-03	418980	13.2193	581.649	0.0963118	416.614	447.353	8.05235	0.0516057	14.0986	8.70576	30.585	80.1272	255	0	0	11.4565	2.13196	2.61372	11.7	99.6681	0	0	33772.4	42845.9	49114.2	51484.6	0	0	0	0	0	0	110
DATA	11:08:44:000	2023-12-03	419280	13.2195	581.658	0.0963148	416.658	447.927	8.06269	0.0516554	14.118	8.72571	30.6055	80.1252	255	0	0	11.4586	2.13176	2.61509	11.7	99.661	0	0	33772.1	42845.2	49109	51483.5	0	0	0	0	0	0	214
DATA	11:08:45:000	2023-12-03	419580	13.2154	581.478	0.0962928	416.525	449.071	8.08328	0.0517527	14.1539	8.76435	30.6244	80.1309	255	0	0	11.4586	2.13184	2.61434	11.7	99.6633	0	0	33771.9	42845.3	49103.1	51484.8	0	0	0	0	0	0	158
DATA	11:08:46:000	2023-12-03	419880	13.2353	582.353	0.0964043	417.171	451.414	8.12545	0.0519506	14.2284	8.84225	30.6433	80.1324	255	0	0	11.4579	2.13169	2.61497	11.7	99.656	0	0	33765.7	42843.9	49090	51483.1	0	0	0	0	0	0	252
DATA	11:08:47:000	2023-12-03	420180	13.25	583	0.0964856	417.684	453.706	8.16671	0.0521428	14.3023	8.91824	30.6644	80.1283	255	0	0	11.4558	2.13202	2.61447	11.7	99.6671	0	0	33758	42844.8	49079.1	51483.1	0	0	0	0	0	0	  0
DATA	11:08:48:000	2023-12-03	420480	13.2602	583.449	0.0965431	418.046	458.36	8.25048	0.0525342	14.4504	9.07037	30.6836	80.1257	255	0	0	11.4558	2.13204	2.61522	11.7	99.669	0	0	33765	42845.3	49078.7	51482.7	0	0	0	0	0	0	199
DATA	11:08:49:000	2023-12-03	420780	13.2807	584.351	0.096662	418.686	466.771	8.40188	0.0532403	14.7154	9.34114	30.7023	80.1318	255	0	0	11.4558	2.13189	2.61547	11.7	99.6608	0	0	33755.4	42843.6	49021.4	51476.9	0	0	0	0	0	0	102
DATA	11:08:50:000	2023-12-03	421080	13.2948	584.971	0.0967401	419.185	471.956	8.49521	0.0536708	14.8808	9.50626	30.7207	80.1262	255	0	0	11.4558	2.13193	2.61609	11.7	99.6648	0	0	33751.9	42844.8	48986.6	51476.8	0	0	0	0	0	0	193
DATA	11:08:51:000	2023-12-03	421380	13.2878	584.663	0.0967033	418.904	468.387	8.43097	0.0533758	14.7661	9.39425	30.7383	80.1425	255	0	0	11.4524	2.13204	2.61597	11.7	99.6621	0	0	33756.8	42842.4	49025.1	51475.8	0	0	0	0	0	0	170
DATA	11:08:52:000	2023-12-03	421680	13.2679	583.788	0.0965912	418.298	465.542	8.37976	0.0531385	14.6772	9.30463	30.7567	80.1432	255	0	0	11.4537	2.13215	2.61559	11.7	99.6665	0	0	33758.8	42843.1	49027.1	51477.3	0	0	0	0	0	0	191
DATA	11:08:53:000	2023-12-03	421980	13.2797	584.307	0.0966593	418.698	468.427	8.43169	0.05338	14.7691	9.39733	30.7752	80.1428	255	0	0	11.4544	2.13195	2.61734	11.7	99.6565	0	0	33755.8	42841	49012.3	51473.5	0	0	0	0	0	0	248
DATA	11:08:54:000	2023-12-03	422280	13.2696	583.862	0.0966016	418.4	463.472	8.3425	0.0529662	14.6136	9.24028	30.7938	80.1438	255	0	0	11.4551	2.13201	2.61621	11.7	99.6524	0	0	33758.1	42838.6	49036.6	51473.4	0	0	0	0	0	0	243
DATA	11:08:55:000	2023-12-03	422580	13.2629	583.568	0.0965613	418.227	464.4	8.3592	0.0530419	14.6442	9.27088	30.8124	80.1413	255	0	0	11.4531	2.13199	2.61671	11.7	99.6519	0	0	33759.1	42838.6	49032.1	51472.3	0	0	0	0	0	0	247
DATA	11:08:56:000	2023-12-03	422880	13.2674	583.766	0.0965879	418.389	467.114	8.40805	0.0532691	14.7305	9.35819	30.8279	80.1416	255	0	0	11.4531	2.13192	2.61584	11.7	99.6483	0	0	33754.9	42837.8	49017.2	51471.3	0	0	0	0	0	0	186
DATA	11:08:57:000	2023-12-03	423180	13.2702	583.889	0.0966047	418.496	468.949	8.44108	0.0534228	14.789	9.41736	30.8464	80.1429	255	0	0	11.4537	2.13219	2.61746	11.7	99.6563	0	0	33753	42838.1	48999.9	51470.3	0	0	0	0	0	0	 56
DATA	11:08:58:000	2023-12-03	423480	13.2728	584.003	0.0966165	418.646	468.64	8.43552	0.0533949	14.7817	9.4085	30.8656	80.1349	255	0	0	11.4544	2.13215	2.61721	11.7	99.6459	0	0	33754	42834.1	49009.2	51466.4	0	0	0	0	0	0	221
DATA	11:08:59:000	2023-12-03	423780	13.2686	583.818	0.0965951	418.503	470.543	8.46977	0.0535548	14.8413	9.46964	30.8837	80.1416	255	0	0	11.4531	2.132	2.61584	11.7	99.6392	0	0	33751.9	42833	48996.6	51464.1	0	0	0	0	0	0	252
DATA	11:09:00:000	2023-12-03	424080	13.2811	584.368	0.0966677	418.886	472.747	8.50945	0.0537393	14.9104	9.54001	30.9012	80.1484	255	0	0	11.4503	2.1322	2.61784	11.7	99.6421	0	0	33746.8	42832	48970.6	51462.2	0	0	0	0	0	0	249
DATA	11:09:01:000	2023-12-03	424380	13.2899	584.756	0.0967137	419.245	474.939	8.5489	0.0539186	14.9825	9.60972	30.9188	80.1375	255	0	0	11.4503	2.13224	2.61721	11.7	99.6451	0	0	33746.2	42832.8	48971.2	51462	0	0	0	0	0	0	 38
DATA	11:09:02:000	2023-12-03	424680	13.2895	584.738	0.0967147	419.227	476.7	8.5806	0.0540668	15.0379	9.6655	30.9323	80.142	255	0	0	11.4524	2.13238	2.61746	11.7	99.6452	0	0	33745.6	42831.2	48963.3	51461.2	0	0	0	0	0	0	166
DATA	11:09:03:000	2023-12-03	424980	13.2871	584.632	0.0967011	419.176	478.234	8.60821	0.0541933	15.0871	9.71423	30.9501	80.142	255	0	0	11.451	2.13221	2.61946	11.7	99.6373	0	0	33743.3	42829.8	48953.5	51457.7	0	0	0	0	0	0	 36
DATA	11:09:04:000	2023-12-03	425280	13.2921	584.852	0.0967278	419.347	478.249	8.60848	0.0541938	15.0881	9.71559	30.9682	80.1442	255	0	0	11.4489	2.13247	2.61759	11.7	99.6435	0	0	33742	42829.4	48951.2	51458	0	0	0	0	0	0	  4
DATA	11:09:05:000	2023-12-03	425580	13.2925	584.87	0.0967317	419.392	478.57	8.61426	0.0542213	15.0994	9.72643	30.9854	80.1426	255	0	0	11.4489	2.13228	2.61958	11.7	99.6369	0	0	33741.9	42828.8	48946	51456.3	0	0	0	0	0	0	  4
DATA	11:09:06:000	2023-12-03	425880	13.2946	584.962	0.0967429	419.465	479.65	8.6337	0.0543102	15.1337	9.7609	31.0033	80.1461	255	0	0	11.4524	2.13225	2.61871	11.7	99.6322	0	0	33741.6	42827.1	48943.9	51454.6	0	0	0	0	0	0	  0
DATA	11:09:07:000	2023-12-03	426180	13.3058	585.455	0.0968057	419.825	480.625	8.65125	0.0543906	15.1647	9.79198	31.0196	80.149	255	0	0	11.4503	2.13233	2.61946	11.7	99.6361	0	0	33740.4	42827.9	48941.9	51456	0	0	0	0	0	0	 23
DATA	11:09:08:000	2023-12-03	426480	13.3037	585.363	0.0967962	419.797	482.803	8.69045	0.0545716	15.2348	9.86002	31.0321	80.145	255	0	0	11.4489	2.13235	2.61921	11.7	99.6378	0	0	33738.7	42828.3	48926.7	51455.1	0	0	0	0	0	0	123
DATA	11:09:09:000	2023-12-03	426780	13.311	585.684	0.0968388	420.04	483.811	8.7086	0.0546553	15.2671	9.8919	31.0476	80.1468	255	0	0	11.4476	2.13248	2.6202	11.7	99.6406	0	0	33737.5	42828.1	48923.5	51453	0	0	0	0	0	0	 68
DATA	11:09:10:000	2023-12-03	427080	13.3207	586.111	0.0968897	420.376	484.737	8.72527	0.0547292	15.2974	9.92123	31.0639	80.1454	255	0	0	11.4496	2.13249	2.62095	11.7	99.6417	0	0	33736.6	42828.4	48922.5	51454.2	0	0	0	0	0	0	167
DATA	11:09:11:000	2023-12-03	427380	13.3225	586.19	0.0968986	420.464	486.987	8.76577	0.0549132	15.3695	9.99121	31.081	80.1438	255	0	0	11.4462	2.13242	2.62033	11.7	99.635	0	0	33732.3	42826.3	48903.4	51451.4	0	0	0	0	0	0	  4
DATA	11:09:12:000	2023-12-03	427680	13.3218	586.159	0.0968983	420.477	488.907	8.80033	0.0550731	15.4314	10.0508	31.0978	80.1416	255	0	0	11.4455	2.13257	2.61958	11.7	99.6391	0	0	33733.1	42826.4	48902.4	51450.2	0	0	0	0	0	0	140
DATA	11:09:13:000	2023-12-03	427980	13.3283	586.445	0.0969327	420.7	489.486	8.81075	0.0551191	15.4503	10.0693	31.1141	80.1425	255	0	0	11.4455	2.13249	2.6202	11.7	99.6353	0	0	33733.9	42825.6	48899.9	51449.2	0	0	0	0	0	0	254
DATA	11:09:14:000	2023-12-03	428280	13.3393	586.929	0.0969956	421.084	491.167	8.84101	0.0552577	15.5048	10.1212	31.1275	80.139	255	0	0	11.4455	2.13274	2.62058	11.7	99.6373	0	0	33729.2	42823.7	48888.5	51446.9	0	0	0	0	0	0	111
DATA	11:09:15:000	2023-12-03	428580	13.3256	586.326	0.0969182	420.665	491.033	8.83859	0.0552463	15.501	10.1178	31.1411	80.14	255	0	0	11.4476	2.13259	2.6212	11.7	99.6306	0	0	33730	42822.4	48883.3	51445.2	0	0	0	0	0	0	 69
DATA	11:09:16:000	2023-12-03	428880	13.3689	588.232	0.0971633	422.031	499.407	8.98933	0.0559305	15.7653	10.3716	31.1571	80.1444	255	0	0	11.4476	2.13272	2.62083	11.7	99.6331	0	0	33723.1	42822	48851.3	51442.3	0	0	0	0	0	0	 37
DATA	11:09:17:000	2023-12-03	429180	13.3515	587.466	0.0970664	421.505	496.455	8.93619	0.0556909	15.673	10.2836	31.1731	80.1442	255	0	0	11.4448	2.13275	2.62307	11.7	99.6314	0	0	33721.6	42821	48849.8	51440.8	0	0	0	0	0	0	  3
DATA	11:09:18:000	2023-12-03	429480	13.3578	587.743	0.0971003	421.71	495.917	8.92651	0.0556459	15.6563	10.2682	31.189	80.1472	255	0	0	11.4455	2.1328	2.62183	11.7	99.6336	0	0	33724	42821.3	48856.6	51441.6	0	0	0	0	0	0	164
DATA	11:09:19:000	2023-12-03	429780	13.3699	588.276	0.0971682	422.134	497.601	8.95682	0.0557835	15.711	10.3197	31.2039	80.1432	255	0	0	11.4462	2.13272	2.62108	11.7	99.6319	0	0	33722.2	42821.5	48858.1	51442	0	0	0	0	0	0	  0
DATA	11:09:20:000	2023-12-03	430080	13.3637	588.003	0.0971369	421.901	495.955	8.92719	0.0556516	15.6576	10.2708	31.219	80.1543	255	0	0	11.4469	2.13289	2.62133	11.7	99.6283	0	0	33720.7	42818	48862.1	51438.7	0	0	0	0	0	0	  0
DATA	11:09:21:000	2023-12-03	430380	13.3758	588.535	0.097204	422.297	492.993	8.87387	0.0554092	15.5646	10.1817	31.2301	80.1545	255	0	0	11.4421	2.13278	2.62183	11.7	99.6189	0	0	33716.6	42815.2	48872.4	51435.8	0	0	0	0	0	0	103
DATA	11:09:22:000	2023-12-03	430680	13.3821	588.812	0.0972357	422.542	500.13	9.00234	0.0559885	15.7917	10.3975	31.2422	80.149	255	0	0	11.4434	2.1327	2.62295	11.7	99.618	0	0	33712.4	42815.8	48833	51434.1	0	0	0	0	0	0	 72
DATA	11:09:23:000	2023-12-03	430980	13.3724	588.386	0.0971801	422.275	497.816	8.96069	0.0557995	15.7201	10.3287	31.2567	80.1454	255	0	0	11.4434	2.13288	2.62257	11.7	99.6194	0	0	33711.2	42814.2	48832.2	51432.6	0	0	0	0	0	0	154
DATA	11:09:24:000	2023-12-03	431280	13.3661	588.108	0.0971462	422.106	497.904	8.96227	0.0558075	15.724	10.3321	31.2707	80.1434	255	0	0	11.4441	2.13297	2.62245	11.7	99.6225	0	0	33715.7	42814.6	48843.6	51434	0	0	0	0	0	0	226
DATA	11:09:25:000	2023-12-03	431580	13.3641	588.02	0.0971362	422.056	499.243	8.98637	0.0559173	15.7668	10.373	31.2854	80.1447	255	0	0	11.4414	2.13304	2.62332	11.7	99.624	0	0	33716.8	42814.5	48832.6	51432	0	0	0	0	0	0	138
DATA	11:09:26:000	2023-12-03	431880	13.3683	588.205	0.0971604	422.186	500.388	9.00698	0.0560106	15.8028	10.408	31.2994	80.1488	255	0	0	11.4421	2.13314	2.62357	11.7	99.6283	0	0	33716.2	42815.1	48835.5	51432.9	0	0	0	0	0	0	 77
DATA	11:09:27:000	2023-12-03	432180	13.3631	587.976	0.0971323	422.074	500.122	9.0022	0.0559896	15.7964	10.4008	31.3138	80.1428	255	0	0	11.4414	2.13319	2.62332	11.7	99.6276	0	0	33715.4	42814.2	48833.8	51431.8	0	0	0	0	0	0	 59
DATA	11:09:28:000	2023-12-03	432480	13.3656	588.086	0.0971421	422.195	500.484	9.00871	0.0560162	15.8094	10.4123	31.3272	80.1383	255	0	0	11.4434	2.13321	2.62232	11.7	99.6281	0	0	33713.5	42814.2	48829.7	51431.4	0	0	0	0	0	0	 96
DATA	11:09:29:000	2023-12-03	432780	13.3872	589.037	0.0972648	422.895	500.792	9.01426	0.0560424	15.8198	10.4219	31.3359	80.1373	255	0	0	11.4434	2.13322	2.62407	11.7	99.6279	0	0	33711.8	42814	48827	51431.7	0	0	0	0	0	0	205
DATA	11:09:30:000	2023-12-03	433080	13.4162	590.313	0.0974233	423.838	501.927	9.03469	0.0561322	15.8566	10.4565	31.3491	80.1356	255	0	0	11.4407	2.13306	2.62482	11.7	99.6213	0	0	33703.3	42813	48829.9	51430.3	0	0	0	0	0	0	  4
DATA	11:09:31:000	2023-12-03	433380	13.4089	589.992	0.097388	423.62	503.575	9.06435	0.0562695	15.9092	10.5063	31.3623	80.1367	255	0	0	11.4393	2.13311	2.62395	11.7	99.6214	0	0	33704.6	42812.4	48807.9	51427.8	0	0	0	0	0	0	 48
DATA	11:09:32:000	2023-12-03	433680	13.4214	590.542	0.0974549	424.06	507.768	9.13982	0.0566065	16.0433	10.6313	31.3758	80.1318	255	0	0	11.4407	2.13346	2.62532	11.7	99.6256	0	0	33702.8	42810.2	48812.2	51426.4	0	0	0	0	0	0	 61
DATA	11:09:33:000	2023-12-03	433980	13.4313	590.977	0.0975127	424.329	501.208	9.02174	0.056077	15.8344	10.437	31.3899	80.1437	255	0	0	11.44	2.13342	2.62507	11.7	99.6208	0	0	33697.7	42808.6	48824.8	51424.2	0	0	0	0	0	0	194
DATA	11:09:34:000	2023-12-03	434280	13.4531	591.936	0.09763	425.088	504.175	9.07515	0.0563147	15.9308	10.5262	31.4037	80.1342	255	0	0	11.4373	2.1335	2.62469	11.7	99.6225	0	0	33697.3	42808.4	48809.5	51423.1	0	0	0	0	0	0	231
DATA	11:09:35:000	2023-12-03	434580	13.4589	592.192	0.0976686	425.24	506.673	9.12011	0.056521	16.0086	10.6009	31.4166	80.1434	255	0	0	11.4373	2.13311	2.62457	11.7	99.6047	0	0	33691.6	42805.3	48807.2	51420.1	0	0	0	0	0	0	  8
DATA	11:09:36:000	2023-12-03	434880	13.4858	593.375	0.0978195	426.114	518.553	9.33395	0.0574777	16.3849	10.9498	31.4291	80.1421	255	0	0	11.44	2.13347	2.62644	11.7	99.6176	0	0	33684.1	42806.6	48731.8	51417.4	0	0	0	0	0	0	 82
DATA	11:09:37:000	2023-12-03	435180	13.4614	592.302	0.0976764	425.409	512.29	9.22122	0.0569699	16.1894	10.7675	31.4364	80.1317	255	0	0	11.44	2.13353	2.62519	11.7	99.6131	0	0	33686.3	42804.1	48766.1	51417.5	0	0	0	0	0	0	241
DATA	11:09:38:000	2023-12-03	435480	13.4283	590.845	0.0974957	424.331	508.378	9.1508	0.0566576	16.0646	10.6528	31.4466	80.1404	255	0	0	11.4379	2.13369	2.62669	11.7	99.6165	0	0	33694.9	42803.7	48786	51416.8	0	0	0	0	0	0	 44
DATA	11:09:39:000	2023-12-03	435780	13.4235	590.634	0.0974663	424.216	508.604	9.15487	0.056674	16.0732	10.6601	31.4586	80.1366	255	0	0	11.4359	2.13347	2.62569	11.7	99.6085	0	0	33694.2	42802.8	48785.2	51415.1	0	0	0	0	0	0	105
DATA	11:09:40:000	2023-12-03	436080	13.4311	590.968	0.0975097	424.467	508.182	9.14728	0.0566406	16.0602	10.6483	31.471	80.1379	255	0	0	11.4379	2.13371	2.62507	11.7	99.6111	0	0	33692.4	42801.1	48782.7	51414	0	0	0	0	0	0	235
DATA	11:09:41:000	2023-12-03	436380	13.4481	591.716	0.0976051	425.008	509.794	9.17629	0.0567711	16.1113	10.6965	31.4846	80.1406	255	0	0	11.4379	2.13359	2.62569	11.7	99.6033	0	0	33690.1	42799.2	48779.7	51411.5	0	0	0	0	0	0	162
DATA	11:09:42:000	2023-12-03	436680	13.4341	591.1	0.0975281	424.558	509.502	9.17104	0.0567482	16.1018	10.6886	31.4987	80.1459	255	0	0	11.4345	2.13386	2.62756	11.7	99.6116	0	0	33690.2	42799.5	48774.1	51411.5	0	0	0	0	0	0	 51
DATA	11:09:43:000	2023-12-03	436980	13.4528	591.923	0.0976303	425.187	513.242	9.23836	0.057048	16.2215	10.7991	31.5116	80.142	255	0	0	11.4331	2.13385	2.62731	11.7	99.6109	0	0	33686.6	42799.4	48763.1	51409.5	0	0	0	0	0	0	 40
DATA	11:09:44:000	2023-12-03	437280	13.448	591.712	0.097605	425.057	511.37	9.20466	0.0568982	16.1631	10.7448	31.5249	80.1415	255	0	0	11.4345	2.13372	2.62619	11.7	99.6035	0	0	33685.2	42797.8	48761.1	51407.8	0	0	0	0	0	0	250
DATA	11:09:45:000	2023-12-03	437580	13.4516	591.87	0.0976237	425.233	512.971	9.23348	0.0570261	16.2161	10.7924	31.5374	80.1331	255	0	0	11.4359	2.13396	2.62893	11.7	99.6095	0	0	33683.6	42797.5	48758.9	51408.3	0	0	0	0	0	0	119
DATA	11:09:46:000	2023-12-03	437880	13.4707	592.711	0.0977334	425.82	513.473	9.24251	0.0570686	16.2313	10.8077	31.5496	80.1393	255	0	0	11.4366	2.13395	2.62769	11.7	99.6065	0	0	33679.6	42796.3	48755.5	51406.8	0	0	0	0	0	0	130
DATA	11:09:47:000	2023-12-03	438180	13.4586	592.178	0.0976615	425.501	511.633	9.20939	0.0569176	16.1756	10.7543	31.5612	80.1305	255	0	0	11.4263	2.134	2.62819	11.7	99.6103	0	0	33683.4	42797.4	48778.2	51407.5	0	0	0	0	0	0	 50
DATA	11:09:48:000	2023-12-03	438480	13.4624	592.346	0.0976834	425.602	506.191	9.11144	0.0564789	16.0028	10.5943	31.5713	80.1367	255	0	0	11.4338	2.13433	2.62819	11.7	99.6181	0	0	33683.3	42796.8	48799	51409.5	0	0	0	0	0	0	 70
DATA	11:09:49:000	2023-12-03	438780	13.4549	592.016	0.097642	425.391	510.512	9.18922	0.0568279	16.1404	10.7224	31.581	80.1343	255	0	0	11.4359	2.13394	2.63006	11.7	99.6066	0	0	33683.7	42796.4	48771.9	51407.8	0	0	0	0	0	0	 54
DATA	11:09:50:000	2023-12-03	439080	13.4638	592.407	0.0976937	425.677	501.324	9.02383	0.0560859	15.8501	10.4504	31.5918	80.1364	255	0	0	11.4352	2.13414	2.62843	11.7	99.6092	0	0	33683.4	42795.2	48799.3	51407.2	0	0	0	0	0	0	149
DATA	11:09:51:000	2023-12-03	439380	13.457	592.108	0.0976537	425.496	506.635	9.11943	0.056515	16.0193	10.609	31.602	80.1326	255	0	0	11.4318	2.13421	2.62868	11.7	99.6115	0	0	33681	42795.5	48779.7	51405.9	0	0	0	0	0	0	104
DATA	11:09:52:000	2023-12-03	439680	13.4628	592.363	0.0976866	425.685	511.39	9.20502	0.0568989	16.1698	10.7497	31.6118	80.1341	255	0	0	11.4311	2.13423	2.62956	11.7	99.6111	0	0	33681.3	42795	48762.2	51404	0	0	0	0	0	0	170
DATA	11:09:53:000	2023-12-03	439980	13.4605	592.262	0.0976702	425.642	511.818	9.21272	0.056931	16.1845	10.7627	31.6211	80.131	255	0	0	11.4324	2.13431	2.62993	11.7	99.6105	0	0	33680.2	42793.8	48760.5	51402.7	0	0	0	0	0	0	 18
DATA	11:09:54:000	2023-12-03	440280	13.4538	591.967	0.0976338	425.453	508.105	9.14589	0.0566325	16.0679	10.6538	31.6301	80.1291	255	0	0	11.4331	2.13459	2.62931	11.7	99.619	0	0	33681.8	42794.2	48778.7	51404.7	0	0	0	0	0	0	115
DATA	11:09:55:000	2023-12-03	440580	13.4577	592.139	0.0976549	425.587	509.535	9.17163	0.0567474	16.1136	10.6965	31.6391	80.1294	255	0	0	11.4318	2.13445	2.62981	11.7	99.6084	0	0	33679.5	42791.3	48775.5	51401.4	0	0	0	0	0	0	182
DATA	11:09:56:000	2023-12-03	440880	13.4478	591.703	0.0975972	425.282	504.721	9.08498	0.0563567	15.9616	10.5543	31.6447	80.1294	255	0	0	11.4297	2.13452	2.62881	11.7	99.6112	0	0	33682.1	42791.7	48793.1	51402	0	0	0	0	0	0	 66
DATA	11:09:57:000	2023-12-03	441180	13.4581	592.156	0.0976597	425.635	509.348	9.16826	0.0567342	16.109	10.6917	31.6551	80.1269	255	0	0	11.4297	2.13438	2.6308	11.7	99.6035	0	0	33676.8	42790.1	48762.6	51398.7	0	0	0	0	0	0	 80
DATA	11:09:58:000	2023-12-03	441480	13.4693	592.649	0.0977216	425.987	511.593	9.20867	0.0569146	16.1799	10.7583	31.6651	80.13	255	0	0	11.4324	2.13462	2.63068	11.7	99.607	0	0	33676.6	42788.7	48757.4	51397.7	0	0	0	0	0	0	 53
DATA	11:09:59:000	2023-12-03	441780	13.4581	592.156	0.0976609	425.628	510.827	9.19489	0.0568542	16.1555	10.7363	31.6759	80.1337	255	0	0	11.4318	2.13475	2.63143	11.7	99.6095	0	0	33675.7	42788.2	48758.3	51395.3	0	0	0	0	0	0	195
DATA	11:10:00:000	2023-12-03	442080	13.4632	592.381	0.0976894	425.791	509.641	9.17354	0.0567586	16.1181	10.702	31.6873	80.1364	255	0	0	11.4297	2.13486	2.6308	11.7	99.6088	0	0	33673.2	42786.7	48757.4	51395.2	0	0	0	0	0	0	 60
DATA	11:10:01:000	2023-12-03	442380	13.4467	591.655	0.0975951	425.306	502.806	9.05051	0.0562042	15.9033	10.4998	31.6973	80.1321	255	0	0	11.4297	2.13482	2.63031	11.7	99.6078	0	0	33678.2	42786.7	48809.4	51396.7	0	0	0	0	0	0	141
DATA	11:10:02:000	2023-12-03	442680	13.4546	592.002	0.0976403	425.567	501.821	9.03278	0.056125	15.8725	10.471	31.7078	80.1327	255	0	0	11.4311	2.13465	2.63093	11.7	99.6006	0	0	33677.4	42785.6	48793.6	51395.5	0	0	0	0	0	0	 20
DATA	11:10:03:000	2023-12-03	442980	13.4652	592.469	0.0976962	425.946	507.975	9.14355	0.0566209	16.0688	10.6543	31.7177	80.1271	255	0	0	11.4276	2.13477	2.63105	11.7	99.6036	0	0	33673.1	42785.5	48762.2	51392.8	0	0	0	0	0	0	168
DATA	11:10:04:000	2023-12-03	443280	13.4616	592.31	0.0976786	425.82	507.846	9.14123	0.0566122	16.0643	10.6509	31.7265	80.1318	255	0	0	11.4263	2.13499	2.63267	11.7	99.6054	0	0	33674.6	42783.8	48776.7	51392.4	0	0	0	0	0	0	 46
DATA	11:10:05:000	2023-12-03	443580	13.4613	592.297	0.097677	425.83	503.253	9.05855	0.0562407	15.9197	10.515	31.7351	80.1304	255	0	0	11.4263	2.13521	2.63105	11.7	99.6134	0	0	33672.8	42784.7	48784.7	51393.9	0	0	0	0	0	0	240
DATA	11:10:06:000	2023-12-03	443880	13.4566	592.09	0.0976521	425.661	502.656	9.04781	0.0561932	15.9001	10.4977	31.7438	80.1364	255	0	0	11.4283	2.13494	2.63292	11.7	99.6008	0	0	33671.5	42782.4	48780.6	51389.9	0	0	0	0	0	0	104
DATA	11:10:07:000	2023-12-03	444180	13.4594	592.214	0.0976657	425.778	503.135	9.05643	0.0562307	15.9163	10.5122	31.7502	80.1327	255	0	0	11.4283	2.13503	2.63305	11.7	99.6021	0	0	33672.4	42781.8	48786.7	51389	0	0	0	0	0	0	 24
DATA	11:10:08:000	2023-12-03	444480	13.4663	592.517	0.0977129	425.946	503.122	9.0562	0.0562354	15.914	10.5123	31.7591	80.1445	255	0	0	11.4283	2.13512	2.63218	11.7	99.5976	0	0	33666.9	42778.8	48781.5	51385.9	0	0	0	0	0	0	 52
DATA	11:10:09:000	2023-12-03	444780	13.4561	592.068	0.097646	425.689	505.489	9.0988	0.0564206	15.9913	10.5831	31.7679	80.1346	255	0	0	11.4256	2.13509	2.63218	11.7	99.5997	0	0	33668.2	42780.1	48769	51384.8	0	0	0	0	0	0	255
DATA	11:10:10:000	2023-12-03	445080	13.4708	592.715	0.0977304	426.165	507.017	9.12631	0.0565457	16.0401	10.6289	31.7766	80.1348	255	0	0	11.4269	2.13523	2.63205	11.7	99.5982	0	0	33666.1	42777.9	48757.6	51382.3	0	0	0	0	0	0	139
DATA	11:10:11:000	2023-12-03	445380	13.4676	592.574	0.097713	426.08	505.004	9.09007	0.0563832	15.977	10.5696	31.7849	80.1338	255	0	0	11.4263	2.13517	2.63355	11.7	99.5738	0	0	33658.9	42768.1	48762	51376.3	0	0	0	0	0	0	168
DATA	11:10:12:000	2023-12-03	445680	13.4702	592.689	0.0977241	426.199	503.783	9.06809	0.0562819	15.9398	10.5337	31.7933	80.1291	255	0	0	11.4269	2.13544	2.6333	11.7	99.5995	0	0	33666.8	42776	48773.1	51382.1	0	0	0	0	0	0	 34
DATA	11:10:13:000	2023-12-03	445980	13.4682	592.601	0.0977169	426.079	504.758	9.08564	0.0563635	15.9685	10.5631	31.8013	80.142	255	0	0	11.4242	2.13524	2.63317	11.7	99.5929	0	0	33663.9	42775.5	48772.6	51381	0	0	0	0	0	0	 10
DATA	11:10:14:000	2023-12-03	446280	13.4728	592.803	0.0977444	426.239	504.373	9.07871	0.0563335	15.9569	10.552	31.8096	80.1414	255	0	0	11.4242	2.13572	2.6338	11.7	99.6082	0	0	33663.4	42776.5	48772.1	51382	0	0	0	0	0	0	200
DATA	11:10:15:000	2023-12-03	446580	13.4704	592.698	0.09773	426.171	501.438	9.02588	0.0560947	15.8643	10.4649	31.8165	80.1417	255	0	0	11.4256	2.13565	2.63305	11.7	99.6024	0	0	33663.6	42774.8	48788.4	51382.5	0	0	0	0	0	0	 60
DATA	11:10:16:000	2023-12-03	446880	13.4769	592.984	0.0977645	426.404	501.688	9.03038	0.056114	15.8732	10.4727	31.8237	80.1384	255	0	0	11.4256	2.13549	2.63504	11.7	99.5958	0	0	33661.8	42773.8	48787.8	51380.1	0	0	0	0	0	0	129
DATA	11:10:17:000	2023-12-03	447180	13.4729	592.808	0.0977418	426.315	501.679	9.03022	0.0561128	15.8743	10.4727	31.8304	80.1331	255	0	0	11.4214	2.13569	2.63392	11.7	99.5954	0	0	33659.7	42771.2	48783.1	51376.1	0	0	0	0	0	0	139
DATA	11:10:18:000	2023-12-03	447480	13.477	592.988	0.0977671	426.424	500.831	9.01496	0.0560458	15.8467	10.4477	31.8375	80.139	255	0	0	11.4187	2.13574	2.63392	11.7	99.5939	0	0	33657.6	42770.1	48772.6	51375	0	0	0	0	0	0	245
DATA	11:10:19:000	2023-12-03	447780	13.4763	592.957	0.0977609	426.403	498.76	8.97768	0.055876	15.7812	10.386	31.8439	80.1404	255	0	0	11.4318	2.13578	2.63442	11.7	99.5935	0	0	33658.1	42769.4	48785.2	51373.7	0	0	0	0	0	0	 60
DATA	11:10:20:000	2023-12-03	448080	13.4806	593.146	0.0977862	426.551	499.82	8.99676	0.0559628	15.8152	10.4181	31.8499	80.1398	255	0	0	11.4331	2.13575	2.63479	11.7	99.5856	0	0	33656.5	42766.4	48780.2	51371.3	0	0	0	0	0	0	143
DATA	11:10:21:000	2023-12-03	448380	13.478	593.032	0.0977712	426.508	500.909	9.01636	0.056051	15.8511	10.4509	31.8538	80.1334	255	0	0	11.4331	2.13581	2.63442	11.7	99.5922	0	0	33657.4	42768.5	48779.5	51372.9	0	0	0	0	0	0	 32
DATA	11:10:22:000	2023-12-03	448680	13.4914	593.622	0.0978484	426.916	502.121	9.03818	0.056151	15.8889	10.4875	31.8615	80.1385	255	0	0	11.4304	2.13596	2.63604	11.7	99.5904	0	0	33652	42766.1	48767.3	51370.3	0	0	0	0	0	0	  1
DATA	11:10:23:000	2023-12-03	448980	13.5088	594.387	0.0979436	427.513	503.889	9.07	0.0562934	15.9466	10.5406	31.8708	80.1322	255	0	0	11.4297	2.13574	2.63604	11.7	99.5869	0	0	33652.7	42767.1	48771.6	51371.6	0	0	0	0	0	0	 31
DATA	11:10:24:000	2023-12-03	449280	13.502	594.088	0.0979042	427.283	502.597	9.04675	0.0561874	15.9051	10.5025	31.878	80.1368	255	0	0	11.4311	2.13613	2.63542	11.7	99.5913	0	0	33651.7	42764.3	48769.5	51369.3	0	0	0	0	0	0	 44
DATA	11:10:25:000	2023-12-03	449580	13.504	594.176	0.0979166	427.357	503.003	9.05405	0.0562212	15.9184	10.515	31.8859	80.1369	255	0	0	11.429	2.13634	2.63542	11.7	99.5944	0	0	33649	42763.3	48767	51366.9	0	0	0	0	0	0	 61
DATA	11:10:26:000	2023-12-03	449880	13.4945	593.758	0.0978628	427.081	502.423	9.04361	0.0561735	15.9009	10.4981	31.8936	80.1343	255	0	0	11.4269	2.13598	2.63629	11.7	99.5838	0	0	33649.6	42762.9	48767.6	51366.6	0	0	0	0	0	0	201
DATA	11:10:27:000	2023-12-03	450180	13.5159	594.7	0.0979827	427.741	503.121	9.05618	0.0562307	15.9224	10.5193	31.9015	80.1397	255	0	0	11.4269	2.13634	2.63666	11.7	99.5931	0	0	33644.4	42762.8	48765.4	51365.6	0	0	0	0	0	0	 46
DATA	11:10:28:000	2023-12-03	450480	13.5066	594.29	0.0979266	427.519	502.306	9.04151	0.0561616	15.8993	10.4953	31.9089	80.1281	255	0	0	11.429	2.1365	2.63666	11.7	99.5927	0	0	33647.4	42760.7	48766.8	51364.2	0	0	0	0	0	0	 15
DATA	11:10:29:000	2023-12-03	450780	13.5043	594.189	0.097918	427.413	500.468	9.00842	0.0560153	15.8399	10.4407	31.9163	80.1362	255	0	0	11.4276	2.1364	2.63554	11.7	99.585	0	0	33644.8	42758.6	48767.4	51361.4	0	0	0	0	0	0	254
DATA	11:10:30:000	2023-12-03	451080	13.5163	594.717	0.0979823	427.845	503.431	9.06176	0.056254	15.9356	10.5296	31.9241	80.1285	255	0	0	11.4173	2.13644	2.63592	11.7	99.5858	0	0	33641.8	42758.5	48752.6	51358.6	0	0	0	0	0	0	106
DATA	11:10:31:000	2023-12-03	451380	13.5201	594.884	0.0980054	427.948	504.046	9.07283	0.0563052	15.9544	10.5483	31.9315	80.1337	255	0	0	11.4173	2.13676	2.63704	11.7	99.5946	0	0	33639.8	42758.5	48748.4	51359.1	0	0	0	0	0	0	151
DATA	11:10:32:000	2023-12-03	451680	13.5219	594.964	0.0980142	428.022	505.573	9.10031	0.0564279	16.0034	10.594	31.9385	80.1323	255	0	0	11.4194	2.13632	2.63691	11.7	99.5702	0	0	33637.2	42753.1	48743.6	51355.2	0	0	0	0	0	0	 53
DATA	11:10:33:000	2023-12-03	451980	13.5048	594.211	0.0979201	427.499	501.687	9.03037	0.0561138	15.8811	10.4786	31.9457	80.1307	255	0	0	11.418	2.13685	2.63829	11.7	99.5895	0	0	33642.7	42755.3	48761.8	51357.4	0	0	0	0	0	0	113
DATA	11:10:34:000	2023-12-03	452280	13.5157	594.691	0.0979794	427.853	503.4	9.0612	0.0562515	15.9356	10.5301	31.9535	80.1311	255	0	0	11.418	2.1368	2.63766	11.7	99.5868	0	0	33638.1	42754.7	48751.4	51355	0	0	0	0	0	0	 50
DATA	11:10:35:000	2023-12-03	452580	13.5321	595.412	0.0980713	428.404	504.089	9.0736	0.0563078	15.9586	10.5508	31.9569	80.1261	255	0	0	11.4146	2.13679	2.63804	11.7	99.5861	0	0	33636.5	42754.5	48750.3	51355.8	0	0	0	0	0	0	 98
DATA	11:10:36:000	2023-12-03	452880	13.5205	594.902	0.0980085	428.021	505.219	9.09394	0.0564007	15.9938	10.5848	31.964	80.1308	255	0	0	11.4146	2.13691	2.63891	11.7	99.5885	0	0	33635.2	42754.1	48739.5	51354.8	0	0	0	0	0	0	107
DATA	11:10:37:000	2023-12-03	453180	13.5286	595.258	0.0980523	428.28	503.095	9.05571	0.0562278	15.9267	10.5219	31.9714	80.1324	255	0	0	11.4146	2.13679	2.63841	11.7	99.577	0	0	33634.8	42750.6	48749.2	51351.4	0	0	0	0	0	0	 51
DATA	11:10:38:000	2023-12-03	453480	13.516	594.704	0.0979764	427.915	486.355	8.75439	0.0548586	15.3979	10.0158	31.9777	80.1277	255	0	0	11.4159	2.13687	2.63791	11.7	99.582	0	0	33635.5	42751.8	48784.2	51352.9	0	0	0	0	0	0	110
DATA	11:10:39:000	2023-12-03	453780	13.5352	595.549	0.0980848	428.548	500.073	9.00131	0.0559796	15.8332	10.4322	31.9838	80.1246	255	0	0	11.4132	2.13684	2.63903	11.7	99.5749	0	0	33632.2	42749.1	48758	51349.6	0	0	0	0	0	0	 60
DATA	11:10:40:000	2023-12-03	454080	13.5418	595.839	0.0981253	428.713	502.756	9.04961	0.0562	15.9165	10.5127	31.9901	80.1344	255	0	0	11.4152	2.13677	2.63928	11.7	99.574	0	0	33630.2	42749.6	48749.9	51347.9	0	0	0	0	0	0	205
DATA	11:10:41:000	2023-12-03	454380	13.5235	595.034	0.0980254	428.135	504.733	9.08519	0.0563615	15.9791	10.5719	31.9956	80.1356	255	0	0	11.4159	2.13712	2.63903	11.7	99.5789	0	0	33630.8	42747.6	48737.8	51345.1	0	0	0	0	0	0	158
DATA	11:10:42:000	2023-12-03	454680	13.5319	595.404	0.0980686	428.45	505.122	9.0922	0.0563903	15.9933	10.5837	32.0014	80.1279	255	0	0	11.4084	2.13736	2.63841	11.7	99.5864	0	0	33631.2	42748	48749.8	51346.2	0	0	0	0	0	0	197
DATA	11:10:43:000	2023-12-03	454980	13.5426	595.874	0.0981291	428.799	500.896	9.01613	0.0560485	15.8599	10.4581	32.0081	80.1277	255	0	0	11.4111	2.13715	2.64016	11.7	99.5755	0	0	33628.4	42745.8	48755.4	51344.2	0	0	0	0	0	0	157
DATA	11:10:44:000	2023-12-03	455280	13.5387	595.703	0.0981075	428.65	498	8.964	0.055813	15.7672	10.3715	32.0144	80.1342	255	0	0	11.4132	2.13711	2.63916	11.7	99.5747	0	0	33627.9	42745.9	48765.9	51345.7	0	0	0	0	0	0	 10
DATA	11:10:45:000	2023-12-03	455580	13.537	595.628	0.0980959	428.657	502.478	9.0446	0.0561754	15.9113	10.5059	32.0203	80.1244	255	0	0	11.4132	2.13762	2.63916	11.7	99.5859	0	0	33628.7	42744.8	48747.3	51343	0	0	0	0	0	0	212
DATA	11:10:46:000	2023-12-03	455880	13.555	596.42	0.0981968	429.218	502.872	9.0517	0.0562079	15.9234	10.518	32.0259	80.1276	255	0	0	11.4125	2.13754	2.64041	11.7	99.5817	0	0	33624	42743.9	48743.9	51341.6	0	0	0	0	0	0	101
DATA	11:10:47:000	2023-12-03	456180	13.5477	596.099	0.0981552	429.007	498.922	8.9806	0.0558866	15.7991	10.4001	32.0321	80.1254	255	0	0	11.4097	2.13733	2.64003	11.7	99.5768	0	0	33623.5	42744.2	48758.4	51343.6	0	0	0	0	0	0	105
DATA	11:10:48:000	2023-12-03	456480	13.5497	596.187	0.0981669	429.07	500.355	9.00639	0.0560032	15.8444	10.4433	32.0378	80.127	255	0	0	11.4104	2.13751	2.64053	11.7	99.5738	0	0	33623.1	42740.9	48790.1	51341.2	0	0	0	0	0	0	 18
DATA	11:10:49:000	2023-12-03	456780	13.5353	595.553	0.098094	428.534	501.042	9.01876	0.0560639	15.8632	10.4641	32.0415	80.1429	255	0	0	11.4097	2.13787	2.63991	11.7	99.5859	0	0	33624.6	42741.8	48747.8	51339.4	0	0	0	0	0	0	119
DATA	11:10:50:000	2023-12-03	457080	13.5475	596.09	0.0981572	428.975	501.523	9.02741	0.0561	15.8805	10.4787	32.0456	80.1338	255	0	0	11.4125	2.13757	2.6409	11.7	99.5742	0	0	33622.1	42740.3	48744.3	51338.4	0	0	0	0	0	0	127
DATA	11:10:51:000	2023-12-03	457380	13.5523	596.301	0.0981826	429.174	501.626	9.02927	0.0561074	15.8855	10.482	32.0507	80.1263	255	0	0	11.4118	2.13788	2.64003	11.7	99.5853	0	0	33621.6	42741.4	48739.7	51337.3	0	0	0	0	0	0	 73
DATA	11:10:52:000	2023-12-03	457680	13.548	596.112	0.0981637	428.965	501.525	9.02745	0.0561027	15.8796	10.4792	32.0562	80.1414	255	0	0	11.4091	2.13772	2.64065	11.7	99.576	0	0	33620.2	42739.3	48740.5	51334.5	0	0	0	0	0	0	 31
DATA	11:10:53:000	2023-12-03	457980	13.5624	596.746	0.0982376	429.499	501.645	9.02961	0.056108	15.8863	10.483	32.0592	80.1276	255	0	0	11.4091	2.1378	2.64053	11.7	99.5735	0	0	33616.8	42737.4	48740.6	51334.3	0	0	0	0	0	0	 10
DATA	11:10:54:000	2023-12-03	458280	13.5556	596.446	0.0982051	429.237	502.457	9.04423	0.0561774	15.9102	10.5074	32.0631	80.1374	255	0	0	11.4111	2.13791	2.6414	11.7	99.5781	0	0	33616	42738	48734.2	51334.5	0	0	0	0	0	0	121
DATA	11:10:55:000	2023-12-03	458580	13.5671	596.952	0.0982649	429.674	502.624	9.04723	0.0561881	15.9183	10.5127	32.0695	80.1254	255	0	0	11.4097	2.13812	2.64103	11.7	99.5788	0	0	33616.5	42735.9	48738.5	51332.1	0	0	0	0	0	0	161
DATA	11:10:56:000	2023-12-03	458880	13.5817	597.595	0.0983469	430.122	502.244	9.04039	0.056158	15.9057	10.5017	32.0759	80.1298	255	0	0	11.3974	2.13822	2.64228	11.7	99.5791	0	0	33608.3	42734.9	48735.9	51329.8	0	0	0	0	0	0	123
DATA	11:10:57:000	2023-12-03	459180	13.5795	597.498	0.0983332	430.046	496.249	8.93248	0.0556696	15.7156	10.322	32.0813	80.1323	255	0	0	11.4056	2.13835	2.64215	11.7	99.5804	0	0	33609.8	42733.9	48751	51330.4	0	0	0	0	0	0	  4
DATA	11:10:58:000	2023-12-03	459480	13.5775	597.41	0.0983235	430.017	500.95	9.0171	0.056053	15.8657	10.4635	32.086	80.1272	255	0	0	11.4091	2.13809	2.64265	11.7	99.5785	0	0	33612	42736	48744.7	51331.2	0	0	0	0	0	0	191
DATA	11:10:59:000	2023-12-03	459780	13.5685	597.014	0.0982739	429.728	495.508	8.91914	0.0556103	15.6932	10.3001	32.0902	80.1291	255	0	0	11.4084	2.13811	2.64153	11.7	99.5709	0	0	33611	42732.6	48745.8	51328	0	0	0	0	0	0	203
DATA	11:11:00:000	2023-12-03	460080	13.5726	597.194	0.0982946	429.889	499.747	8.99545	0.055954	15.8286	10.4278	32.0936	80.1241	255	0	0	11.4056	2.13847	2.6419	11.7	99.5754	0	0	33607.5	42730.3	48730.2	51323.7	0	0	0	0	0	0	 76
DATA	11:11:01:000	2023-12-03	460380	13.5721	597.172	0.0982919	429.879	499.366	8.98859	0.055923	15.8168	10.4166	32.0979	80.1242	255	0	0	11.4056	2.13822	2.6424	11.7	99.571	0	0	33608.8	42731.4	48741.3	51326.6	0	0	0	0	0	0	 17
DATA	11:11:02:000	2023-12-03	460680	13.5729	597.208	0.0982958	429.93	499.73	8.99514	0.0559522	15.8293	10.4278	32.1028	80.1206	255	0	0	11.407	2.1386	2.64327	11.7	99.5778	0	0	33607.3	42729.8	48738.8	51323.8	0	0	0	0	0	0	238
DATA	11:11:03:000	2023-12-03	460980	13.5694	597.054	0.0982778	429.82	499.999	8.99998	0.0559752	15.8378	10.4361	32.1084	80.1219	255	0	0	11.4063	2.13848	2.6429	11.7	99.5718	0	0	33606.6	42728.6	48740	51322	0	0	0	0	0	0	165
DATA	11:11:04:000	2023-12-03	461280	13.577	597.388	0.0983176	430.088	500.657	9.01183	0.056027	15.8596	10.4561	32.1146	80.1186	255	0	0	11.407	2.13882	2.6419	11.7	99.5825	0	0	33605	42729.2	48735.7	51322	0	0	0	0	0	0	248
