Model:	 LI-7500
SN:	75D-4923
Timestamp:	Dec 3 2023 at 6:42:34
DATAH	Time	Date	Sequence Number	CO2 (mmol/m^3)	CO2 (mg/m^3)	CO2 Absorptance	CO2 (umol/mol)	H2O (mmol/m^3)	H2O (g/m^3)	H2O Absorptance	H2O (mmol/mol)	Dew Point (C)	Temperature (C)	Pressure (kPa)	Diagnostic Value	Diagnostic Value 2	Diagnostic Word	DSI Vin (v)	Cooler Voltage (v)	Chopper Cooler Voltage (v)	Smart Flux Vin (v)	CO2 Signal Strength	Integral	Peak Height	CO2 Sample	CO2 Reference	H2O Sample	H2O Reference	CH4 Seconds	CH4 Nano Seconds	CH4 (umol/mol)	CH4 (mmol/m^3)	CH4 Signal Strength (RSSI)	CH4 Diagnostic Value	CHK
DATA	12:42:35:000	2023-12-03	598590	13.2983	585.125	0.0967627	418.285	400.693	7.21247	0.0475796	12.6034	7.0664	30.1324	80.1643	255	0	0	11.4159	2.14879	2.6621	11.59	98.5873	0	0	33237.9	42186.8	48626.1	50750.2	0	0	0	0	0	0	120
DATA	12:42:36:000	2023-12-03	598890	13.4472	591.677	0.0975938	422.944	355.629	6.40132	0.0435124	11.1853	5.33805	30.1308	80.1686	255	0	0	11.418	2.14875	2.66347	11.59	98.5963	0	0	33227.6	42191.2	48730.1	50759	0	0	0	0	0	0	 68
DATA	12:42:37:000	2023-12-03	599190	13.6315	599.786	0.0986116	428.78	298.214	5.36785	0.0380741	9.38034	2.83095	30.13	80.161	255	0	0	11.4235	2.14889	2.6626	11.59	98.6051	0	0	33178.3	42193.4	49112.3	50782.7	0	0	0	0	0	0	225
DATA	12:42:38:000	2023-12-03	599490	13.6081	598.756	0.0984831	428.018	317.402	5.71324	0.039929	9.9833	3.71237	30.117	80.1624	255	0	0	11.4166	2.1488	2.66248	11.59	98.6076	0	0	33177.3	42195.5	49138.9	50786	0	0	0	0	0	0	194
DATA	12:42:39:000	2023-12-03	599790	13.5366	595.61	0.0980895	425.707	341.144	6.14059	0.0421761	10.7285	4.73971	30.0964	80.1687	255	0	0	11.4214	2.1488	2.66135	11.59	98.6006	0	0	33210.8	42192.5	48815.4	50765.7	0	0	0	0	0	0	113
DATA	12:42:40:000	2023-12-03	600090	13.4933	593.705	0.0978498	424.338	350.641	6.31154	0.0430593	11.027	5.13273	30.0823	80.1662	255	0	0	11.4221	2.1488	2.66185	11.59	98.6039	0	0	33215.8	42193.8	48832.5	50767.4	0	0	0	0	0	0	 70
DATA	12:42:41:000	2023-12-03	600390	13.5708	597.115	0.0982821	426.75	356.114	6.41005	0.0435639	11.1984	5.35502	30.0752	80.1691	255	0	0	11.4125	2.14885	2.66036	11.59	98.6095	0	0	33218.1	42195.7	48792.1	50767.2	0	0	0	0	0	0	126
DATA	12:42:42:000	2023-12-03	600690	13.3249	586.296	0.0969115	419.033	394.272	7.0969	0.0470115	12.3988	6.82821	30.0749	80.166	255	0	0	11.4125	2.14878	2.65948	11.59	98.6097	0	0	33238.5	42196.6	48663.3	50761.4	0	0	0	0	0	0	127
DATA	12:42:43:000	2023-12-03	600990	13.4431	591.496	0.0975739	422.739	393.479	7.08262	0.0469414	12.3736	6.79909	30.0788	80.1692	255	0	0	11.4214	2.14857	2.65973	11.59	98.6005	0	0	33220.4	42195.1	48601	50756.6	0	0	0	0	0	0	127
DATA	12:42:44:000	2023-12-03	601290	13.5861	597.788	0.0983725	427.249	411.486	7.40675	0.0485272	12.9402	7.45258	30.0878	80.1691	255	0	0	11.4214	2.14853	2.6616	11.59	98.6045	0	0	33186.2	42197.2	48605.1	50758.9	0	0	0	0	0	0	171
DATA	12:42:45:000	2023-12-03	601590	13.4929	593.688	0.0978521	424.337	392.607	7.06693	0.0468641	12.3471	6.76793	30.1024	80.1694	255	0	0	11.4228	2.14867	2.65898	11.59	98.6011	0	0	33206.9	42194.2	48687.2	50761.2	0	0	0	0	0	0	230
DATA	12:42:46:000	2023-12-03	601890	13.5848	597.731	0.0983643	427.204	391.841	7.05314	0.0467954	12.3223	6.74029	30.1186	80.178	255	0	0	11.4221	2.14872	2.65886	11.59	98.6108	0	0	33179	42197.7	48766.8	50769.8	0	0	0	0	0	0	 86
DATA	12:42:47:000	2023-12-03	602190	13.5733	597.225	0.0982987	426.85	365.523	6.57941	0.0444272	11.4949	5.73338	30.1299	80.1796	255	0	0	11.4208	2.14834	2.65911	11.59	98.5975	0	0	33172.2	42196.4	48800	50769.8	0	0	0	0	0	0	 89
DATA	12:42:48:000	2023-12-03	602490	13.3927	589.279	0.0972952	421.21	417.349	7.51228	0.0490392	13.1259	7.66229	30.1398	80.1746	255	0	0	11.4208	2.14848	2.65886	11.59	98.6091	0	0	33215	42199.7	48639.1	50764.5	0	0	0	0	0	0	 85
DATA	12:42:49:000	2023-12-03	602790	13.4177	590.379	0.0974318	422.044	391.211	7.0418	0.0467399	12.3053	6.71847	30.1518	80.1688	255	0	0	11.4221	2.14842	2.65724	11.59	98.6119	0	0	33228.4	42201.6	48644.2	50765.9	0	0	0	0	0	0	140
DATA	12:42:50:000	2023-12-03	603090	13.2949	584.976	0.0967475	418.166	418.535	7.53363	0.0491425	13.1642	7.70522	30.1672	80.1759	255	0	0	11.4221	2.14822	2.65774	11.59	98.5994	0	0	33242	42198.7	48615.2	50762.1	0	0	0	0	0	0	111
DATA	12:42:51:000	2023-12-03	603390	13.2965	585.046	0.0967548	418.258	414.906	7.46831	0.048826	13.0514	7.57844	30.1847	80.1725	255	0	0	11.4235	2.14834	2.65923	11.59	98.6083	0	0	33236.2	42201.1	48657.5	50767.2	0	0	0	0	0	0	153
DATA	12:42:52:000	2023-12-03	603690	13.2956	585.006	0.0967481	418.261	411.678	7.4102	0.0485438	12.9508	7.46492	30.202	80.1711	255	0	0	11.4208	2.14841	2.65824	11.59	98.612	0	0	33244.8	42201.8	48579.3	50763.7	0	0	0	0	0	0	 30
DATA	12:42:53:000	2023-12-03	603990	13.3876	589.054	0.097267	421.162	401.689	7.2304	0.0476695	12.6368	7.10672	30.2176	80.1739	255	0	0	11.4221	2.14829	2.65898	11.59	98.6086	0	0	33224.8	42201.8	48602.9	50765.7	0	0	0	0	0	0	119
DATA	12:42:54:000	2023-12-03	604290	13.9734	614.83	0.100518	439.611	422.84	7.61112	0.0495149	13.3028	7.85833	30.2286	80.173	255	0	0	11.4214	2.14819	2.65774	11.59	98.6096	0	0	33156.8	42203.4	48576.2	50765.8	0	0	0	0	0	0	241
DATA	12:42:55:000	2023-12-03	604590	13.3028	585.323	0.0967941	418.53	437.629	7.87732	0.050787	13.7686	8.36456	30.2392	80.1727	255	0	0	11.4228	2.14822	2.65948	11.59	98.6051	0	0	33223.8	42201.2	48464.8	50757.5	0	0	0	0	0	0	119
DATA	12:42:56:000	2023-12-03	604890	13.4043	589.789	0.0973644	421.71	437.733	7.87919	0.0507968	13.7714	8.36883	30.255	80.1795	255	0	0	11.4194	2.14816	2.65786	11.59	98.6062	0	0	33206.4	42202.3	48460.4	50758.5	0	0	0	0	0	0	139
DATA	12:42:57:000	2023-12-03	605190	13.3292	586.485	0.096947	419.384	485.614	8.74105	0.0548079	15.2791	9.9093	30.2717	80.1768	255	0	0	11.4208	2.14817	2.65874	11.59	98.6068	0	0	33249.9	42202.3	48214.4	50744	0	0	0	0	0	0	 35
DATA	12:42:58:000	2023-12-03	605490	13.3464	587.242	0.0970365	419.99	449.879	8.09782	0.051826	14.157	8.77461	30.2893	80.1691	255	0	0	11.4208	2.14805	2.65786	11.59	98.6	0	0	33242.7	42200.8	48419.1	50755.7	0	0	0	0	0	0	187
DATA	12:42:59:000	2023-12-03	605790	13.3277	586.419	0.0969378	419.391	439.967	7.91941	0.0509887	13.8447	8.44657	30.31	80.1765	255	0	0	11.4214	2.14787	2.65662	11.59	98.5906	0	0	33237.2	42198.9	48542.4	50759.6	0	0	0	0	0	0	176
DATA	12:43:00:000	2023-12-03	606090	13.4755	592.922	0.0977533	424.067	355.915	6.40647	0.0435467	11.2004	5.35894	30.3273	80.1765	255	0	0	11.4132	2.14798	2.65761	11.59	98.6051	0	0	33214.5	42203.9	48861.4	50783.6	0	0	0	0	0	0	188
DATA	12:43:01:000	2023-12-03	606390	13.4458	591.615	0.09759	423.108	359.106	6.46391	0.0438415	11.3002	5.48799	30.3394	80.1842	255	0	0	11.4214	2.14796	2.65799	11.59	98.6047	0	0	33222.2	42203.9	48850.9	50782.3	0	0	0	0	0	0	 96
DATA	12:43:02:000	2023-12-03	606690	13.3426	587.074	0.0970153	419.887	393.408	7.08134	0.0469378	12.3804	6.80931	30.3467	80.1812	255	0	0	11.4208	2.14809	2.65761	11.59	98.6127	0	0	33212.8	42205.9	48884.3	50786.9	0	0	0	0	0	0	215
DATA	12:43:03:000	2023-12-03	606990	13.4707	592.711	0.0977268	423.925	352.411	6.3434	0.0432245	11.0904	5.21777	30.3504	80.1808	255	0	0	11.4228	2.1477	2.65624	11.59	98.6005	0	0	33211.1	42205.2	48906.3	50787.2	0	0	0	0	0	0	 53
DATA	12:43:04:000	2023-12-03	607290	13.6293	599.689	0.0986086	428.928	351.092	6.31966	0.0431018	11.0492	5.16392	30.351	80.1788	255	0	0	11.4256	2.14807	2.65799	11.59	98.6227	0	0	33221.5	42210.3	48867.3	50789.8	0	0	0	0	0	0	177
DATA	12:43:05:000	2023-12-03	607590	13.4657	592.491	0.0976967	423.809	351.573	6.32831	0.0431459	11.0651	5.18353	30.3498	80.1728	255	0	0	11.4118	2.14793	2.65761	11.59	98.6129	0	0	33224.5	42207.8	48851	50788.6	0	0	0	0	0	0	123
DATA	12:43:06:000	2023-12-03	607890	13.4142	590.225	0.0974127	422.164	372.649	6.70768	0.0450748	11.7278	6.0227	30.3475	80.1768	255	0	0	11.4249	2.1479	2.65699	11.59	98.612	0	0	33242.3	42207.7	48723.9	50780	0	0	0	0	0	0	216
DATA	12:43:07:000	2023-12-03	608190	13.4502	591.809	0.0976146	423.297	377.788	6.80018	0.0455393	11.8895	6.22097	30.3474	80.1767	255	0	0	11.4269	2.14789	2.65699	11.59	98.6086	0	0	33218.8	42206.3	48756.9	50780.8	0	0	0	0	0	0	  7
DATA	12:43:08:000	2023-12-03	608490	13.4181	590.396	0.097436	422.292	383.27	6.89886	0.046032	12.0622	6.43008	30.3516	80.1769	255	0	0	11.4263	2.14799	2.65674	11.59	98.6171	0	0	33231.2	42208.8	48708.7	50779.8	0	0	0	0	0	0	 64
DATA	12:43:09:000	2023-12-03	608790	13.4547	592.007	0.0976376	423.462	374.433	6.73979	0.0452355	11.7846	6.09233	30.3584	80.1753	255	0	0	11.4242	2.14776	2.65699	11.59	98.6092	0	0	33213	42208.2	48807.2	50784.9	0	0	0	0	0	0	129
DATA	12:43:10:000	2023-12-03	609090	13.2672	583.757	0.0965908	417.561	415.977	7.48759	0.0489197	13.0921	7.625	30.3669	80.1775	255	0	0	11.4249	2.14764	2.65649	11.59	98.6102	0	0	33252.2	42210	48668	50779.3	0	0	0	0	0	0	196
DATA	12:43:11:000	2023-12-03	609390	13.237	582.428	0.0964228	416.643	423.067	7.61521	0.0495356	13.3163	7.87334	30.3761	80.1736	255	0	0	11.4201	2.14767	2.65624	11.59	98.6056	0	0	33248.9	42207.8	48691.2	50779	0	0	0	0	0	0	 50
DATA	12:43:12:000	2023-12-03	609690	13.5551	596.424	0.098201	426.636	395.31	7.11558	0.0471048	12.4421	6.88147	30.3868	80.1801	255	0	0	11.4152	2.14775	2.65612	11.59	98.6147	0	0	33205.6	42210.7	48749.7	50784.7	0	0	0	0	0	0	 90
DATA	12:43:13:000	2023-12-03	609990	13.4932	593.701	0.0978525	424.677	375.301	6.75542	0.0453137	11.812	6.12767	30.3968	80.1848	255	0	0	11.4235	2.14757	2.65649	11.59	98.6067	0	0	33222.8	42209.3	48697.9	50782	0	0	0	0	0	0	 82
DATA	12:43:14:000	2023-12-03	610290	13.7492	604.965	0.0992786	432.772	398.227	7.16809	0.047363	12.5347	6.98957	30.4071	80.1805	255	0	0	11.4228	2.14757	2.65686	11.59	98.6083	0	0	33224.7	42210	48602.3	50776.1	0	0	0	0	0	0	 69
DATA	12:43:15:000	2023-12-03	610590	13.3957	589.411	0.0973138	421.635	411.07	7.39926	0.048493	12.9386	7.45374	30.4188	80.1856	255	0	0	11.4173	2.14757	2.65686	11.59	98.6108	0	0	33247.2	42211.1	48573.6	50776.9	0	0	0	0	0	0	122
DATA	12:43:16:000	2023-12-03	610890	13.2426	582.674	0.0964602	416.83	444.417	7.99951	0.0513676	13.9887	8.60085	30.4283	80.1854	255	0	0	11.4187	2.14735	2.65499	11.59	98.5986	0	0	33273.4	42208.4	48372.5	50759.2	0	0	0	0	0	0	194
DATA	12:43:17:000	2023-12-03	611190	13.3534	587.55	0.0970734	420.384	403.759	7.26766	0.0478498	12.7109	7.19257	30.4427	80.1764	255	0	0	11.418	2.14763	2.65599	11.59	98.6124	0	0	33182.3	42211.1	48887.2	50793.5	0	0	0	0	0	0	118
DATA	12:43:18:000	2023-12-03	611490	13.6255	599.522	0.0985893	428.96	376.218	6.77192	0.0453945	11.8442	6.16577	30.4546	80.1777	255	0	0	11.4166	2.14765	2.65537	11.59	98.615	0	0	33204.9	42211.9	48885.2	50795.9	0	0	0	0	0	0	151
DATA	12:43:19:000	2023-12-03	611790	13.4195	590.458	0.0974454	422.472	390.746	7.03343	0.0467007	12.3014	6.71595	30.46	80.1798	255	0	0	11.4173	2.14731	2.65562	11.59	98.6074	0	0	33215.4	42212.6	48801.8	50793.1	0	0	0	0	0	0	 81
DATA	12:43:20:000	2023-12-03	612090	13.5559	596.46	0.098196	426.812	329.173	5.92511	0.0410522	10.3641	4.24659	30.4619	80.1716	255	0	0	11.4173	2.14736	2.65599	11.59	98.6139	0	0	33232.8	42214.8	48789.2	50792.4	0	0	0	0	0	0	 98
DATA	12:43:21:000	2023-12-03	612390	13.4889	593.512	0.0978263	424.699	347.441	6.25394	0.0427634	10.9392	5.01896	30.459	80.1714	255	0	0	11.418	2.14727	2.65599	11.59	98.6111	0	0	33219.5	42214.7	48876.9	50798.8	0	0	0	0	0	0	138
DATA	12:43:22:000	2023-12-03	612690	13.4527	591.919	0.0976246	423.555	366.386	6.59495	0.0445048	11.5356	5.78272	30.4516	80.1704	255	0	0	11.4166	2.1475	2.65549	11.59	98.6167	0	0	33232.4	42214.4	48822.6	50795.2	0	0	0	0	0	0	166
DATA	12:43:23:000	2023-12-03	612990	13.382	588.808	0.0972316	421.301	387.591	6.97664	0.0464175	12.2024	6.59722	30.4422	80.1731	255	0	0	11.4173	2.14717	2.65487	11.59	98.6064	0	0	33247	42213.8	48680	50786.3	0	0	0	0	0	0	206
DATA	12:43:24:000	2023-12-03	613290	13.4424	591.466	0.0975668	423.213	379.435	6.82983	0.0456853	11.9459	6.28814	30.4338	80.169	255	0	0	11.4173	2.14732	2.65686	11.59	98.6132	0	0	33239.1	42215	48660.7	50786.5	0	0	0	0	0	0	 74
DATA	12:43:25:000	2023-12-03	613590	13.5017	594.075	0.0978964	425.082	345.638	6.22148	0.0425954	10.8819	4.9428	30.4267	80.1668	255	0	0	11.4187	2.14729	2.65649	11.59	98.6153	0	0	33227.8	42216.2	48846.9	50798.6	0	0	0	0	0	0	195
DATA	12:43:26:000	2023-12-03	613890	13.4911	593.608	0.0978374	424.733	343.74	6.18732	0.0424181	10.8218	4.86336	30.4159	80.1667	255	0	0	11.4166	2.14692	2.65574	11.59	98.6064	0	0	33217.9	42216.8	48965.4	50804.2	0	0	0	0	0	0	162
DATA	12:43:27:000	2023-12-03	614190	13.4565	592.086	0.0976441	423.608	353.147	6.35665	0.0432905	11.117	5.25001	30.398	80.1688	255	0	0	11.4173	2.14697	2.6545	11.59	98.6091	0	0	33231.2	42217.2	48856.6	50799.1	0	0	0	0	0	0	 38
DATA	12:43:28:000	2023-12-03	614490	13.4012	589.653	0.0973348	421.858	375.847	6.76525	0.0453614	11.8313	6.14794	30.3804	80.1658	255	0	0	11.4152	2.14711	2.65462	11.59	98.615	0	0	33237.9	42218.2	48715.9	50792.5	0	0	0	0	0	0	157
DATA	12:43:29:000	2023-12-03	614790	13.4145	590.238	0.0974144	422.276	421.831	7.59296	0.0494258	13.2788	7.83025	30.3731	80.1641	255	0	0	11.418	2.14694	2.65562	11.59	98.6098	0	0	33236.6	42217.9	48585.5	50785.6	0	0	0	0	0	0	176
DATA	12:43:30:000	2023-12-03	615090	13.3639	588.012	0.0971318	420.665	406.477	7.31659	0.0480891	12.795	7.28715	30.3713	80.1671	255	0	0	11.4077	2.14697	2.65475	11.59	98.6177	0	0	33247	42221	48630.3	50790.7	0	0	0	0	0	0	214
DATA	12:43:31:000	2023-12-03	615390	13.3626	587.954	0.0971263	420.594	407.96	7.34328	0.0482193	12.8407	7.34033	30.3703	80.1726	255	0	0	11.4159	2.14694	2.6545	11.59	98.6192	0	0	33256.6	42221.9	48624.1	50789.8	0	0	0	0	0	0	104
DATA	12:43:32:000	2023-12-03	615690	13.4205	590.502	0.0974453	422.456	385.375	6.93675	0.0462184	12.131	6.51052	30.3711	80.1653	255	0	0	11.4111	2.14687	2.65462	11.59	98.6161	0	0	33231.9	42221.4	48773.5	50800.2	0	0	0	0	0	0	 98
DATA	12:43:33:000	2023-12-03	615990	13.5725	597.19	0.0982932	427.241	385.211	6.9338	0.0462032	12.1258	6.50459	30.3762	80.1666	255	0	0	11.418	2.14692	2.65387	11.59	98.6148	0	0	33162.2	42220.3	48769.5	50798.5	0	0	0	0	0	0	 58
DATA	12:43:34:000	2023-12-03	616290	13.4795	593.098	0.0977797	424.281	402.285	7.24113	0.0477213	12.6623	7.13626	30.382	80.1743	255	0	0	11.4166	2.1469	2.65462	11.59	98.6185	0	0	33226	42222.2	48747.8	50798.9	0	0	0	0	0	0	 15
DATA	12:43:35:000	2023-12-03	616590	13.5501	596.204	0.0981639	426.585	370.594	6.67069	0.044885	11.6671	5.9448	30.3908	80.1612	255	0	0	11.4077	2.14689	2.65412	11.59	98.6203	0	0	33226.4	42223	48813.3	50804.1	0	0	0	0	0	0	  0
DATA	12:43:36:000	2023-12-03	616890	13.4029	589.728	0.0973458	421.944	374.134	6.73441	0.0452073	11.7783	6.08266	30.3982	80.1645	255	0	0	11.4084	2.14671	2.65412	11.59	98.616	0	0	33228.2	42223.3	48773	50802.3	0	0	0	0	0	0	 47
DATA	12:43:37:000	2023-12-03	617190	13.4204	590.498	0.0974419	422.497	378.023	6.80441	0.0455574	11.9008	6.23271	30.4045	80.1656	255	0	0	11.4029	2.1466	2.653	11.59	98.6129	0	0	33253	42223.2	48663.5	50795.8	0	0	0	0	0	0	193
DATA	12:43:38:000	2023-12-03	617490	13.6305	599.742	0.098617	429.115	385.706	6.94271	0.0462486	12.1428	6.52495	30.412	80.167	255	0	0	11.4146	2.14656	2.65412	11.59	98.6158	0	0	33149.7	42224.9	48832.9	50808.6	0	0	0	0	0	0	 67
DATA	12:43:39:000	2023-12-03	617790	13.8738	610.447	0.0999598	436.793	374.64	6.74352	0.0452522	11.7949	6.10306	30.4157	80.1646	255	0	0	11.4146	2.14685	2.65499	11.59	98.6232	0	0	33154.5	42224.8	48750.3	50802.9	0	0	0	0	0	0	180
DATA	12:43:40:000	2023-12-03	618090	13.3485	587.334	0.0970493	420.216	414.232	7.45618	0.0487687	13.0402	7.56595	30.4194	80.173	255	0	0	11.4132	2.14667	2.65412	11.59	98.6194	0	0	33258.5	42225.2	48599.8	50794.7	0	0	0	0	0	0	156
DATA	12:43:41:000	2023-12-03	618390	13.4057	589.851	0.0973658	422.067	400.638	7.21148	0.0475752	12.6138	7.07851	30.426	80.1651	255	0	0	11.4159	2.14649	2.6535	11.59	98.6175	0	0	33237.3	42226.4	48724.3	50802.1	0	0	0	0	0	0	 87
DATA	12:43:42:000	2023-12-03	618690	13.5591	596.6	0.0982159	426.938	374.415	6.73947	0.045232	11.7893	6.09515	30.4322	80.159	255	0	0	11.4029	2.14658	2.65412	11.59	98.6168	0	0	33205.9	42225.2	48809.1	50807.8	0	0	0	0	0	0	 14
DATA	12:43:43:000	2023-12-03	618990	13.5295	595.298	0.0980556	426.009	385.83	6.94494	0.0462599	12.1488	6.53099	30.4406	80.1606	255	0	0	11.4146	2.14652	2.65375	11.59	98.6195	0	0	33234.1	42227	48727	50804.7	0	0	0	0	0	0	245
DATA	12:43:44:000	2023-12-03	619290	13.3945	589.358	0.097306	421.718	413.163	7.43693	0.0486751	13.0082	7.52963	30.4508	80.171	255	0	0	11.4146	2.1463	2.65412	11.59	98.6136	0	0	33248.3	42227	48620.2	50797.9	0	0	0	0	0	0	201
DATA	12:43:45:000	2023-12-03	619590	13.3266	586.37	0.0969196	419.643	416.124	7.49023	0.0489296	13.1034	7.63468	30.4602	80.1614	255	0	0	11.4125	2.14639	2.65412	11.59	98.615	0	0	33257.8	42226.6	48625.1	50797	0	0	0	0	0	0	  8
DATA	12:43:46:000	2023-12-03	619890	13.3142	585.825	0.0968524	419.25	415.042	7.47076	0.0488366	13.0692	7.59703	30.4705	80.1646	255	0	0	11.4152	2.14661	2.65537	11.59	98.6217	0	0	33259.9	42226.8	48656.5	50799.8	0	0	0	0	0	0	185
DATA	12:43:47:000	2023-12-03	620190	13.4051	589.824	0.0973577	422.1	360.21	6.48378	0.0439402	11.3423	5.5388	30.4782	80.1691	255	0	0	11.4159	2.14652	2.65387	11.59	98.6134	0	0	33249.6	42224.3	48870.2	50809.9	0	0	0	0	0	0	247
DATA	12:43:48:000	2023-12-03	620490	13.4135	590.194	0.0974002	422.398	351.8	6.3324	0.0431646	11.0784	5.19894	30.4795	80.163	255	0	0	11.4118	2.14632	2.65387	11.59	98.6166	0	0	33249.1	42228.1	48904.3	50815.4	0	0	0	0	0	0	235
DATA	12:43:49:000	2023-12-03	620790	13.3001	585.204	0.0967726	418.807	404.888	7.28798	0.0479486	12.7495	7.23508	30.4786	80.1666	255	0	0	11.4139	2.14638	2.65387	11.59	98.616	0	0	33275.1	42227.2	48608.3	50797.5	0	0	0	0	0	0	199
DATA	12:43:50:000	2023-12-03	621090	13.3552	587.629	0.097083	420.526	394.528	7.1015	0.0470353	12.4228	6.85702	30.4783	80.1696	255	0	0	11.4146	2.14642	2.65425	11.59	98.619	0	0	33260.7	42227.9	48666.2	50801.1	0	0	0	0	0	0	 25
DATA	12:43:51:000	2023-12-03	621390	13.3597	587.827	0.0971108	420.658	415.836	7.48505	0.0489077	13.0935	7.62543	30.4786	80.1715	255	0	0	11.4139	2.14629	2.65425	11.59	98.6156	0	0	33250.7	42227.9	48545.9	50795.4	0	0	0	0	0	0	233
DATA	12:43:52:000	2023-12-03	621690	13.4252	590.709	0.0974763	422.725	420.836	7.57505	0.0493421	13.2511	7.80085	30.482	80.1715	255	0	0	11.4132	2.14638	2.6545	11.59	98.621	0	0	33255.1	42229.3	48612.7	50799.9	0	0	0	0	0	0	 27
DATA	12:43:53:000	2023-12-03	621990	13.4419	591.444	0.0975695	423.256	402.949	7.25308	0.0477795	12.688	7.16542	30.4877	80.1721	255	0	0	11.4139	2.14607	2.65375	11.59	98.6088	0	0	33225.8	42227.7	48584.8	50797.9	0	0	0	0	0	0	204
DATA	12:43:54:000	2023-12-03	622290	13.4391	591.32	0.0975583	423.176	438.06	7.88508	0.0508242	13.7938	8.39146	30.4943	80.1722	255	0	0	11.4146	2.14625	2.65387	11.59	98.6106	0	0	33245.6	42226.3	48518.5	50791.5	0	0	0	0	0	0	104
DATA	12:43:55:000	2023-12-03	622590	13.4591	592.2	0.0976692	423.805	417.815	7.52067	0.0490809	13.1563	7.69618	30.5027	80.1746	255	0	0	11.4152	2.14622	2.65362	11.59	98.6149	0	0	33212.1	42228.4	48631.1	50800.6	0	0	0	0	0	0	 78
DATA	12:43:56:000	2023-12-03	622890	13.44	591.36	0.0975547	423.225	382.492	6.88486	0.0459605	12.0447	6.4082	30.5108	80.1727	255	0	0	11.4118	2.14612	2.65387	11.59	98.6156	0	0	33245.3	42230	48778.6	50811.1	0	0	0	0	0	0	149
DATA	12:43:57:000	2023-12-03	623190	13.4919	593.644	0.0978442	424.89	370.027	6.66049	0.0448361	11.653	5.92872	30.5179	80.1688	255	0	0	11.4132	2.14602	2.65412	11.59	98.614	0	0	33237.1	42230.5	48833.4	50815.5	0	0	0	0	0	0	 41
DATA	12:43:58:000	2023-12-03	623490	13.8477	609.299	0.0998184	436.077	351.606	6.32891	0.0431494	11.0724	5.19296	30.5205	80.1729	255	0	0	11.4125	2.14604	2.65375	11.59	98.6142	0	0	33169.5	42230.3	48900.4	50818.7	0	0	0	0	0	0	204
DATA	12:43:59:000	2023-12-03	623790	13.6069	598.704	0.0984836	428.503	369.942	6.65896	0.0448278	11.6501	5.92552	30.5203	80.1711	255	0	0	11.4139	2.14619	2.65238	11.59	98.6188	0	0	33198.5	42230.5	48848.7	50816.3	0	0	0	0	0	0	241
DATA	12:44:00:000	2023-12-03	624090	13.6222	599.377	0.0985684	428.994	366.007	6.58813	0.0444698	11.5264	5.77101	30.5196	80.1691	255	0	0	11.4049	2.14601	2.65325	11.59	98.6173	0	0	33197.5	42232	48789.8	50815.2	0	0	0	0	0	0	121
DATA	12:44:01:000	2023-12-03	624390	13.7034	602.95	0.0990207	431.536	393.968	7.09142	0.046984	12.4065	6.83836	30.5206	80.1722	255	0	0	11.4125	2.14578	2.65375	11.59	98.6053	0	0	33184.2	42229.4	48754.8	50810.2	0	0	0	0	0	0	 83
DATA	12:44:02:000	2023-12-03	624690	13.5447	595.967	0.0981356	426.576	345.298	6.21536	0.0425636	10.8748	4.93317	30.5216	80.1655	255	0	0	11.4104	2.14578	2.65375	11.59	98.6053	0	0	33235.6	42229.5	48952.2	50822.5	0	0	0	0	0	0	217
DATA	12:44:03:000	2023-12-03	624990	13.919	612.436	0.10021	438.323	355.709	6.40276	0.0435273	11.2016	5.35985	30.5224	80.1732	255	0	0	11.4132	2.14591	2.65287	11.59	98.6124	0	0	33173.9	42231.1	48944.7	50822.6	0	0	0	0	0	0	  3
DATA	12:44:04:000	2023-12-03	625290	13.4123	590.141	0.0974023	422.365	376.056	6.76901	0.0453829	11.8423	6.16262	30.5194	80.1727	255	0	0	11.4132	2.14587	2.65425	11.59	98.6105	0	0	33237.3	42230.7	48855.7	50817.2	0	0	0	0	0	0	165
DATA	12:44:05:000	2023-12-03	625590	13.3326	586.634	0.0969568	419.843	394.524	7.10143	0.0470354	12.4235	6.85857	30.5137	80.1735	255	0	0	11.4097	2.14577	2.6535	11.59	98.611	0	0	33266.7	42232	48707.7	50809.5	0	0	0	0	0	0	 12
DATA	12:44:06:000	2023-12-03	625890	13.4586	592.178	0.0976565	423.838	362.2	6.5196	0.0441194	11.4064	5.61968	30.5093	80.1672	255	0	0	11.4111	2.14577	2.65412	11.59	98.6095	0	0	33236	42231.4	48893.6	50821.5	0	0	0	0	0	0	210
DATA	12:44:07:000	2023-12-03	626190	13.534	595.496	0.0980824	426.191	391.43	7.04574	0.0467601	12.3263	6.74345	30.503	80.1695	255	0	0	11.4125	2.1455	2.65287	11.59	98.6041	0	0	33231	42232.2	48890.8	50820.5	0	0	0	0	0	0	128
DATA	12:44:08:000	2023-12-03	626490	13.4549	592.016	0.0976398	423.682	388.197	6.98755	0.0464717	12.224	6.6223	30.4917	80.17	255	0	0	11.4125	2.14545	2.65213	11.59	98.6027	0	0	33249.8	42232.2	48777.8	50814.2	0	0	0	0	0	0	 14
DATA	12:44:09:000	2023-12-03	626790	13.4707	592.711	0.0977239	424.165	362.805	6.53049	0.0441777	11.424	5.64219	30.4766	80.1688	255	0	0	11.4097	2.14574	2.65238	11.59	98.6146	0	0	33247	42234	48807.4	50817.6	0	0	0	0	0	0	228
DATA	12:44:10:000	2023-12-03	627090	13.3762	588.553	0.0971985	421.194	393.054	7.07497	0.0469032	12.3766	6.80168	30.4609	80.1637	255	0	0	11.4104	2.14539	2.65238	11.59	98.6094	0	0	33248.1	42235.7	48791.5	50819.1	0	0	0	0	0	0	212
DATA	12:44:11:000	2023-12-03	627390	13.5169	594.744	0.0979828	425.537	350.748	6.31346	0.0430698	11.0422	5.1543	30.4454	80.1761	255	0	0	11.3994	2.1454	2.65412	11.59	98.6105	0	0	33235	42236.1	48854.1	50822.8	0	0	0	0	0	0	243
DATA	12:44:12:000	2023-12-03	627690	13.4838	593.287	0.0977983	424.525	376.988	6.78578	0.0454654	11.8691	6.1942	30.4299	80.1664	255	0	0	11.3994	2.14556	2.65263	11.59	98.6149	0	0	33241.2	42236.1	48738.8	50816.8	0	0	0	0	0	0	220
DATA	12:44:13:000	2023-12-03	627990	13.5285	595.254	0.098047	425.901	364.541	6.56174	0.0443364	11.4764	5.70845	30.4219	80.1701	255	0	0	11.4118	2.14571	2.65337	11.59	98.6166	0	0	33236.5	42235.2	48777.2	50818.2	0	0	0	0	0	0	142
DATA	12:44:14:000	2023-12-03	628290	13.4729	592.808	0.0977391	424.129	379.04	6.82272	0.0456507	11.9322	6.27172	30.406	80.1701	255	0	0	11.4097	2.14535	2.6525	11.59	98.6077	0	0	33237.8	42235.4	48875.4	50824	0	0	0	0	0	0	205
DATA	12:44:15:000	2023-12-03	628590	13.5955	598.202	0.0984179	427.923	318.623	5.73521	0.0400479	10.0288	3.77944	30.3853	80.1769	255	0	0	11.4091	2.14549	2.6515	11.59	98.6185	0	0	33221.3	42238.5	49076.1	50837.4	0	0	0	0	0	0	161
DATA	12:44:16:000	2023-12-03	628890	13.492	593.648	0.0978407	424.684	354.64	6.38352	0.0434277	11.1629	5.30888	30.3604	80.1667	255	0	0	11.4104	2.14545	2.65188	11.59	98.6163	0	0	33236.4	42238	48924.8	50830	0	0	0	0	0	0	176
DATA	12:44:17:000	2023-12-03	629190	13.4674	592.566	0.0977046	423.927	381.443	6.86597	0.0458647	12.0071	6.36018	30.3396	80.1579	255	0	0	11.4125	2.14521	2.65138	11.59	98.61	0	0	33246.6	42238.1	48753.6	50819.7	0	0	0	0	0	0	118
DATA	12:44:18:000	2023-12-03	629490	13.464	592.416	0.0976863	423.769	375.221	6.75398	0.0453052	11.8098	6.12133	30.3284	80.1647	255	0	0	11.4097	2.14526	2.65051	11.59	98.6141	0	0	33245.7	42239.2	48795.3	50823.4	0	0	0	0	0	0	155
DATA	12:44:19:000	2023-12-03	629790	13.4347	591.127	0.0975283	422.77	384.356	6.91841	0.0461295	12.0951	6.46954	30.318	80.1765	255	0	0	11.4091	2.1452	2.651	11.59	98.614	0	0	33250.5	42239.9	48824.9	50826.3	0	0	0	0	0	0	160
DATA	12:44:20:000	2023-12-03	630090	13.5419	595.844	0.0981251	426.181	385.715	6.94287	0.0462468	12.1389	6.52026	30.307	80.1665	255	0	0	11.4104	2.14535	2.6525	11.59	98.6167	0	0	33248.5	42239.3	48542.7	50808.8	0	0	0	0	0	0	 93
DATA	12:44:21:000	2023-12-03	630390	13.4279	590.828	0.0974849	422.582	377.282	6.79108	0.045491	11.8732	6.19911	30.2962	80.1658	255	0	0	11.3994	2.14515	2.65088	11.59	98.613	0	0	33252.3	42240.1	48811.8	50825.9	0	0	0	0	0	0	112
DATA	12:44:22:000	2023-12-03	630690	13.4606	592.266	0.0976692	423.577	390.069	7.02124	0.0466365	12.2747	6.68223	30.2828	80.1686	255	0	0	11.4077	2.14525	2.65138	11.59	98.6203	0	0	33250.6	42242	48684.1	50818.7	0	0	0	0	0	0	100
DATA	12:44:23:000	2023-12-03	630990	13.371	588.324	0.09717	420.781	411.056	7.39901	0.0484889	12.9358	7.44617	30.2721	80.1613	255	0	0	11.4097	2.14515	2.65188	11.59	98.6174	0	0	33259.7	42242	48695.2	50820.1	0	0	0	0	0	0	206
DATA	12:44:24:000	2023-12-03	631290	13.4084	589.97	0.0973799	421.933	401.291	7.22324	0.0476322	12.6277	7.09459	30.2663	80.1646	255	0	0	11.4104	2.14516	2.651	11.59	98.6188	0	0	33231.5	42242.4	48895.1	50833.2	0	0	0	0	0	0	 36
DATA	12:44:25:000	2023-12-03	631590	13.465	592.46	0.0976929	423.712	394.564	7.10215	0.0470354	12.416	6.84779	30.2582	80.1628	255	0	0	11.4118	2.14503	2.65063	11.59	98.6211	0	0	33246.3	42244.9	48781.6	50829.1	0	0	0	0	0	0	 37
DATA	12:44:26:000	2023-12-03	631890	13.4626	592.354	0.0976814	423.604	395.112	7.11202	0.0470848	12.4323	6.86731	30.2438	80.1651	255	0	0	11.4091	2.14513	2.65113	11.59	98.625	0	0	33239.6	42245.4	48891	50836.8	0	0	0	0	0	0	 25
DATA	12:44:27:000	2023-12-03	632190	13.4591	592.2	0.0976591	423.478	374.805	6.74649	0.0452674	11.7929	6.10056	30.2298	80.1645	255	0	0	11.4097	2.14493	2.65026	11.59	98.62	0	0	33253.3	42245.6	48769.3	50828.6	0	0	0	0	0	0	 18
DATA	12:44:28:000	2023-12-03	632490	13.3811	588.768	0.0972279	421.015	422.462	7.60432	0.0494801	13.2921	7.84459	30.2161	80.1626	255	0	0	11.4077	2.14497	2.65113	11.59	98.6245	0	0	33249.3	42247.1	48845.7	50833.9	0	0	0	0	0	0	197
DATA	12:44:29:000	2023-12-03	632790	13.4586	592.178	0.0976584	423.399	392.944	7.07299	0.046893	12.3618	6.78538	30.2059	80.1701	255	0	0	11.4097	2.14484	2.65088	11.59	98.6228	0	0	33249.8	42247.9	48784.9	50830.8	0	0	0	0	0	0	226
