Model:	 LI-7500
SN:	75D-4923
Timestamp:	Dec 3 2023 at 6:52:32
DATAH	Time	Date	Sequence Number	CO2 (mmol/m^3)	CO2 (mg/m^3)	CO2 Absorptance	CO2 (umol/mol)	H2O (mmol/m^3)	H2O (g/m^3)	H2O Absorptance	H2O (mmol/mol)	Dew Point (C)	Temperature (C)	Pressure (kPa)	Diagnostic Value	Diagnostic Value 2	Diagnostic Word	DSI Vin (v)	Cooler Voltage (v)	Chopper Cooler Voltage (v)	Smart Flux Vin (v)	CO2 Signal Strength	Integral	Peak Height	CO2 Sample	CO2 Reference	H2O Sample	H2O Reference	CH4 Seconds	CH4 Nano Seconds	CH4 (umol/mol)	CH4 (mmol/m^3)	CH4 Signal Strength (RSSI)	CH4 Diagnostic Value	CHK
DATA	12:52:33:000	2023-12-03	777990	13.7746	606.082	0.0994168	433.141	371.875	6.69375	0.0450046	11.6936	5.97982	30.0788	80.1734	255	0	0	11.3424	2.14749	2.65649	11.59	98.3102	0	0	33034.8	42083.2	48674.5	50653.9	0	0	0	0	0	0	236
DATA	12:52:34:000	2023-12-03	778290	13.6658	601.295	0.098814	429.686	380.009	6.84016	0.0457386	11.9484	6.29274	30.0715	80.1777	255	0	0	11.3383	2.14729	2.65686	11.59	98.3089	0	0	33069.1	42085.1	48651.8	50655.1	0	0	0	0	0	0	188
DATA	12:52:35:000	2023-12-03	778590	13.6293	599.689	0.0986113	428.564	388.278	6.989	0.0464788	12.2091	6.60488	30.0647	80.1712	255	0	0	11.3321	2.14744	2.65761	11.59	98.312	0	0	33104.2	42084.7	48598.1	50650.6	0	0	0	0	0	0	 84
DATA	12:52:36:000	2023-12-03	778890	13.7009	602.84	0.099012	430.745	388.196	6.98753	0.0464731	12.2046	6.60164	30.0613	80.1833	255	0	0	11.3321	2.14732	2.65686	11.59	98.3086	0	0	33079.7	42084.6	48569.4	50649.8	0	0	0	0	0	0	114
DATA	12:52:37:000	2023-12-03	779190	13.6337	599.883	0.0986409	428.663	403.709	7.26676	0.0478478	12.6932	7.17244	30.0618	80.1778	255	0	0	11.3417	2.14721	2.65699	11.59	98.3071	0	0	33106.4	42085.2	48528.7	50648.3	0	0	0	0	0	0	250
DATA	12:52:38:000	2023-12-03	779490	13.3818	588.799	0.0972376	420.717	419.428	7.5497	0.0492213	13.1866	7.73146	30.0636	80.1831	255	0	0	11.3403	2.14729	2.65624	11.59	98.3143	0	0	33131	42087.3	48527.1	50651.5	0	0	0	0	0	0	 65
DATA	12:52:39:000	2023-12-03	779790	13.6793	601.889	0.0988897	430.058	390.913	7.03643	0.0467139	12.2898	6.70328	30.0661	80.1861	255	0	0	11.3389	2.14706	2.65736	11.59	98.3059	0	0	33041.5	42086.5	48587.3	50653.7	0	0	0	0	0	0	253
DATA	12:52:40:000	2023-12-03	780090	13.6651	601.264	0.0988173	429.589	397.979	7.16362	0.0473437	12.5112	6.96438	30.0717	80.1918	255	0	0	11.3389	2.14728	2.65574	11.59	98.3175	0	0	33078.8	42088.9	48528.6	50654.2	0	0	0	0	0	0	246
DATA	12:52:41:000	2023-12-03	780390	13.662	601.128	0.0988002	429.546	412.884	7.43191	0.0486526	12.9814	7.50177	30.0785	80.1835	255	0	0	11.3403	2.14696	2.65662	11.59	98.3083	0	0	33087.7	42088.7	48482.4	50649.5	0	0	0	0	0	0	162
DATA	12:52:42:000	2023-12-03	780690	13.7118	603.319	0.0990727	431.154	413.004	7.43407	0.0486609	12.9865	7.50626	30.0834	80.1768	255	0	0	11.3266	2.14702	2.65574	11.59	98.3162	0	0	33067.2	42091.3	48515.4	50655	0	0	0	0	0	0	 81
DATA	12:52:43:000	2023-12-03	780990	13.6659	601.3	0.0988229	429.7	419.625	7.55325	0.0492392	13.1944	7.73951	30.0876	80.18	255	0	0	11.3369	2.14702	2.65574	11.59	98.3134	0	0	33092.1	42090.1	48456.8	50651.2	0	0	0	0	0	0	158
DATA	12:52:44:000	2023-12-03	781290	13.6309	599.76	0.0986219	428.633	417.414	7.51345	0.0490437	13.1259	7.66228	30.0924	80.175	255	0	0	11.3376	2.14674	2.65574	11.59	98.3018	0	0	33098	42088.4	48431.8	50647.7	0	0	0	0	0	0	 25
DATA	12:52:45:000	2023-12-03	781590	13.3984	589.53	0.0973307	421.285	426.705	7.68069	0.0498505	13.4168	7.98566	30.0982	80.1836	255	0	0	11.3307	2.14682	2.65512	11.59	98.3094	0	0	33152.8	42090.7	48335	50645	0	0	0	0	0	0	238
DATA	12:52:46:000	2023-12-03	781890	13.3605	587.862	0.0971212	420.1	447.751	8.05952	0.05165	14.0788	8.69544	30.1031	80.1835	255	0	0	11.3389	2.14668	2.65624	11.59	98.3068	0	0	33140.1	42091.2	48320.7	50644.8	0	0	0	0	0	0	241
DATA	12:52:47:000	2023-12-03	782190	13.3897	589.147	0.0972785	421.045	400.309	7.20556	0.0475476	12.5879	7.05128	30.1088	80.1799	255	0	0	11.3383	2.14669	2.65425	11.59	98.3069	0	0	33149.2	42091.2	48483.8	50653.2	0	0	0	0	0	0	230
DATA	12:52:48:000	2023-12-03	782490	13.4366	591.21	0.097539	422.52	386.327	6.95389	0.0463044	12.1482	6.53376	30.1079	80.1796	255	0	0	11.3383	2.14658	2.65362	11.59	98.3076	0	0	33133.4	42092.7	48635	50666.8	0	0	0	0	0	0	226
DATA	12:52:49:000	2023-12-03	782790	13.4344	591.114	0.0975269	422.453	387.554	6.97597	0.0464152	12.1869	6.57948	30.1008	80.1773	255	0	0	11.3389	2.1465	2.65499	11.59	98.3097	0	0	33142.9	42094.6	48563.4	50662.4	0	0	0	0	0	0	199
DATA	12:52:50:000	2023-12-03	783090	13.3842	588.905	0.0972466	420.861	407.223	7.33001	0.0481548	12.805	7.30049	30.0921	80.1777	255	0	0	11.3389	2.14657	2.65512	11.59	98.3095	0	0	33148.3	42093.7	48507.8	50659.4	0	0	0	0	0	0	142
DATA	12:52:51:000	2023-12-03	783390	13.3386	586.898	0.0969942	419.406	414.891	7.46804	0.0488265	13.0454	7.57303	30.0837	80.1794	255	0	0	11.3389	2.14634	2.65375	11.59	98.3063	0	0	33134.2	42094.9	48626.5	50667.7	0	0	0	0	0	0	244
DATA	12:52:52:000	2023-12-03	783690	13.3743	588.469	0.0971951	420.504	407.109	7.32796	0.0481469	12.8	7.29569	30.0774	80.1825	255	0	0	11.3369	2.14637	2.65387	11.59	98.3067	0	0	33159.5	42094.8	48448.8	50656.4	0	0	0	0	0	0	 98
DATA	12:52:53:000	2023-12-03	783990	13.4026	589.714	0.0973495	421.405	397.818	7.16072	0.047327	12.5082	6.9585	30.072	80.1789	255	0	0	11.3376	2.14625	2.65437	11.59	98.3074	0	0	33144.6	42096.4	48552.1	50664.9	0	0	0	0	0	0	 69
DATA	12:52:54:000	2023-12-03	784290	13.3499	587.396	0.0970576	419.745	418.658	7.53584	0.0491538	13.1634	7.70474	30.0683	80.1785	255	0	0	11.3369	2.14661	2.65487	11.59	98.3207	0	0	33166.8	42097.9	48380.4	50654.7	0	0	0	0	0	0	  8
DATA	12:52:55:000	2023-12-03	784590	13.6779	601.828	0.0988866	430.108	427.964	7.70335	0.049958	13.4575	8.02743	30.0666	80.1687	255	0	0	11.3396	2.14602	2.65475	11.59	98.3043	0	0	33057.5	42097.8	48397.2	50656.5	0	0	0	0	0	0	201
DATA	12:52:56:000	2023-12-03	784890	13.363	587.972	0.0971284	420.148	425.285	7.65513	0.0497229	13.3715	7.93516	30.0668	80.1797	255	0	0	11.3355	2.14596	2.654	11.59	98.3074	0	0	33133.8	42099.8	48654.6	50674.7	0	0	0	0	0	0	 95
DATA	12:52:57:000	2023-12-03	785190	13.8521	609.492	0.0998488	435.564	400.949	7.21708	0.0476029	12.6074	7.07242	30.0639	80.1721	255	0	0	11.3369	2.14587	2.654	11.59	98.3041	0	0	32744.8	42099.4	48500.8	50666.3	0	0	0	0	0	0	117
DATA	12:52:58:000	2023-12-03	785490	13.44	591.36	0.0975574	422.58	389.117	7.00411	0.0465541	12.2346	6.63592	30.0578	80.1754	255	0	0	11.3396	2.14606	2.65238	11.59	98.317	0	0	33141.5	42102.7	48560.1	50671.6	0	0	0	0	0	0	186
DATA	12:52:59:000	2023-12-03	785790	13.3951	589.384	0.0973082	421.138	410.201	7.38362	0.0484152	12.8966	7.40494	30.0489	80.1787	255	0	0	11.3396	2.14598	2.65175	11.59	98.3106	0	0	33078.8	42100.9	48568.9	50671.5	0	0	0	0	0	0	235
DATA	12:53:00:000	2023-12-03	786090	13.4107	590.071	0.0973946	421.645	421.942	7.59496	0.0494363	13.2663	7.81785	30.0371	80.1724	255	0	0	11.3279	2.14589	2.65287	11.59	98.3101	0	0	33141	42101.8	48416.7	50662	0	0	0	0	0	0	250
DATA	12:53:01:000	2023-12-03	786390	13.4038	589.767	0.0973606	421.369	420.057	7.56103	0.0492759	13.2051	7.7519	30.0317	80.1822	255	0	0	11.3369	2.14578	2.65225	11.59	98.3083	0	0	33149.6	42102.2	48447.8	50664.7	0	0	0	0	0	0	147
DATA	12:53:02:000	2023-12-03	786690	13.3745	588.478	0.0971931	420.48	409.882	7.37788	0.0483877	12.8862	7.3925	30.0268	80.1749	255	0	0	11.3355	2.1458	2.653	11.59	98.3132	0	0	33048	42104.2	48566.2	50675.5	0	0	0	0	0	0	139
DATA	12:53:03:000	2023-12-03	786990	13.3927	589.279	0.0972932	421.045	425.31	7.65558	0.0497271	13.371	7.93377	30.0203	80.1746	255	0	0	11.3383	2.14573	2.65125	11.59	98.3106	0	0	33151.3	42103.8	48394.6	50663.7	0	0	0	0	0	0	 98
DATA	12:53:04:000	2023-12-03	787290	13.5079	594.348	0.097942	424.651	422.459	7.60426	0.0494836	13.281	7.83483	30.0165	80.1764	255	0	0	11.3362	2.14578	2.65163	11.59	98.3197	0	0	33129.9	42107.1	48467.5	50671.8	0	0	0	0	0	0	121
DATA	12:53:05:000	2023-12-03	787590	13.3044	585.394	0.0968042	418.27	468.919	8.44054	0.053425	14.7421	9.37575	30.0158	80.1731	255	0	0	11.3279	2.14575	2.65163	11.59	98.3114	0	0	33166.2	42103.9	48256.5	50656	0	0	0	0	0	0	  1
DATA	12:53:06:000	2023-12-03	787890	13.586	597.784	0.0983684	427.125	373.78	6.72804	0.0451761	11.7511	6.0508	30.0174	80.1732	255	0	0	11.3334	2.14556	2.65213	11.59	98.3158	0	0	33112.8	42108	48695.5	50686	0	0	0	0	0	0	116
DATA	12:53:07:000	2023-12-03	788190	13.4212	590.533	0.0974536	421.909	404.98	7.28964	0.0479581	12.731	7.21604	30.0142	80.179	255	0	0	11.3238	2.14556	2.65063	11.59	98.3216	0	0	33144.5	42110.5	48617.2	50684.4	0	0	0	0	0	0	 26
DATA	12:53:08:000	2023-12-03	788490	13.567	596.948	0.0982646	426.474	377.56	6.79608	0.045518	11.8685	6.19592	30.0059	80.1802	255	0	0	11.3362	2.14571	2.65075	11.59	98.3287	0	0	33126.6	42111.8	48642.7	50687.4	0	0	0	0	0	0	 95
DATA	12:53:09:000	2023-12-03	788790	13.3827	588.839	0.0972428	420.664	436.864	7.86355	0.0507222	13.7321	8.32695	29.996	80.1807	255	0	0	11.3348	2.1453	2.6525	11.59	98.315	0	0	33154.7	42110.7	48446.9	50675.2	0	0	0	0	0	0	 35
DATA	12:53:10:000	2023-12-03	789090	13.5185	594.814	0.0980031	424.917	423.641	7.62554	0.0495867	13.316	7.87456	29.9899	80.1822	255	0	0	11.3348	2.14517	2.6515	11.59	98.3142	0	0	33157.6	42111.9	48492.4	50680	0	0	0	0	0	0	 20
DATA	12:53:11:000	2023-12-03	789390	13.3037	585.363	0.0968013	418.189	443.768	7.98782	0.0513113	13.9494	8.55762	29.9834	80.1759	255	0	0	11.3355	2.14542	2.64988	11.59	98.3223	0	0	33171.5	42112.5	48345.9	50672	0	0	0	0	0	0	141
DATA	12:53:12:000	2023-12-03	789690	13.4102	590.049	0.0973929	421.532	426.609	7.67896	0.04984	13.4099	7.97655	29.9784	80.1754	255	0	0	11.3245	2.14506	2.651	11.59	98.3136	0	0	33171.3	42112.8	48386.3	50674.5	0	0	0	0	0	0	 30
DATA	12:53:13:000	2023-12-03	789990	13.3486	587.338	0.0970534	419.594	451.454	8.12617	0.0519622	14.1908	8.81104	29.9763	80.1752	255	0	0	11.3334	2.14538	2.65026	11.59	98.3272	0	0	33164.8	42114.9	48389.1	50677.2	0	0	0	0	0	0	227
DATA	12:53:14:000	2023-12-03	790290	13.4837	593.283	0.0978015	423.846	396.18	7.13124	0.0471814	12.4535	6.8937	29.9746	80.1737	255	0	0	11.3321	2.14467	2.65013	11.59	98.3095	0	0	33155.3	42115.6	48576.3	50689	0	0	0	0	0	0	 16
DATA	12:53:15:000	2023-12-03	790590	13.3713	588.337	0.0971739	420.304	414.858	7.46744	0.0488215	13.0403	7.56655	29.9738	80.1753	255	0	0	11.3279	2.14529	2.64839	11.59	98.3267	0	0	33162.9	42115.8	48479.4	50683.8	0	0	0	0	0	0	247
DATA	12:53:16:000	2023-12-03	790890	13.4647	592.447	0.0976967	423.225	397.203	7.14965	0.0472723	12.485	6.93107	29.9704	80.1771	255	0	0	11.3341	2.14506	2.65001	11.59	98.3249	0	0	33155.8	42117.7	48519.5	50687.8	0	0	0	0	0	0	174
DATA	12:53:17:000	2023-12-03	791190	13.4751	592.904	0.0977533	423.561	394.07	7.09326	0.0469943	12.3867	6.8155	29.9656	80.1742	255	0	0	11.3355	2.14499	2.64951	11.59	98.3233	0	0	33151.1	42117.9	48583.2	50691.4	0	0	0	0	0	0	124
DATA	12:53:18:000	2023-12-03	791490	13.4791	593.08	0.0977773	423.664	396.115	7.13007	0.0471764	12.4503	6.89061	29.9602	80.1771	255	0	0	11.3334	2.14506	2.64901	11.59	98.3295	0	0	33150.6	42119.7	48556.9	50693.2	0	0	0	0	0	0	159
DATA	12:53:19:000	2023-12-03	791790	13.8195	608.058	0.0996624	434.415	363.817	6.54871	0.0442709	11.4366	5.65757	29.9551	80.1661	255	0	0	11.3341	2.14494	2.64951	11.59	98.3299	0	0	33119.1	42121.3	48661.2	50701.1	0	0	0	0	0	0	213
DATA	12:53:20:000	2023-12-03	792090	13.5701	597.084	0.0982796	426.562	366.49	6.59682	0.0445144	11.5202	5.76273	29.9454	80.166	255	0	0	11.3355	2.14466	2.64938	11.59	98.3254	0	0	33132.2	42122.5	48723	50703.5	0	0	0	0	0	0	  3
DATA	12:53:21:000	2023-12-03	792390	13.5112	594.493	0.0979517	424.671	397.223	7.15001	0.047272	12.4851	6.92995	29.9319	80.1699	255	0	0	11.3362	2.14493	2.64801	11.59	98.3304	0	0	33141.2	42121.6	48558.6	50696.2	0	0	0	0	0	0	153
DATA	12:53:22:000	2023-12-03	792690	13.6213	599.337	0.0985671	428.128	380.059	6.84106	0.0457433	11.9456	6.28742	29.9202	80.1674	255	0	0	11.3321	2.14484	2.64926	11.59	98.3324	0	0	33137.2	42123.4	48630.5	50700.4	0	0	0	0	0	0	189
DATA	12:53:23:000	2023-12-03	792990	13.5632	596.781	0.0982443	426.261	403.882	7.26988	0.0478609	12.6931	7.17141	29.9107	80.1726	255	0	0	11.3341	2.14459	2.64876	11.59	98.3265	0	0	33133.8	42123.8	48592.5	50699	0	0	0	0	0	0	144
DATA	12:53:24:000	2023-12-03	793290	13.4603	592.253	0.0976779	423.009	403.279	7.25902	0.0478119	12.6736	7.14925	29.9035	80.1742	255	0	0	11.3341	2.14457	2.64801	11.59	98.3275	0	0	33153.1	42124.5	48562.4	50699	0	0	0	0	0	0	103
DATA	12:53:25:000	2023-12-03	793590	13.4199	590.476	0.0974507	421.715	417.537	7.51567	0.0490571	13.1209	7.65727	29.8995	80.1778	255	0	0	11.3355	2.14463	2.64851	11.59	98.3277	0	0	33168.3	42123.9	48485.6	50693.8	0	0	0	0	0	0	  1
DATA	12:53:26:000	2023-12-03	793890	13.4075	589.93	0.0973805	421.282	408.317	7.34971	0.0482527	12.8299	7.33028	29.8966	80.1852	255	0	0	11.3321	2.14414	2.64639	11.59	98.3213	0	0	33155.6	42126.8	48564.2	50700.9	0	0	0	0	0	0	169
DATA	12:53:27:000	2023-12-03	794190	13.4355	591.162	0.0975295	422.213	397.521	7.15538	0.0472983	12.4922	6.93904	29.8937	80.1748	255	0	0	11.3334	2.14442	2.64726	11.59	98.3244	0	0	33161.5	42124.9	48562.3	50699.8	0	0	0	0	0	0	225
DATA	12:53:28:000	2023-12-03	794490	13.4105	590.062	0.0973895	421.425	410.898	7.39616	0.0484741	12.9125	7.4221	29.8898	80.1741	255	0	0	11.3328	2.14407	2.64664	11.59	98.3144	0	0	33172.3	42124.6	48484.3	50695	0	0	0	0	0	0	 63
DATA	12:53:29:000	2023-12-03	794790	13.4648	592.451	0.0976955	423.206	400.268	7.20482	0.0475421	12.5807	7.03913	29.8874	80.1593	255	0	0	11.3355	2.14419	2.64826	11.59	98.3266	0	0	33155.9	42128.5	48617.1	50706.1	0	0	0	0	0	0	217
DATA	12:53:30:000	2023-12-03	795090	13.44	591.36	0.0975599	422.377	394.12	7.09416	0.0469999	12.3859	6.81327	29.8808	80.1671	255	0	0	11.3286	2.14415	2.64714	11.59	98.3222	0	0	33169.2	42127	48539.3	50701.3	0	0	0	0	0	0	178
DATA	12:53:31:000	2023-12-03	795390	13.4618	592.319	0.0976795	422.99	381.655	6.86979	0.0458862	11.9922	6.34578	29.8701	80.1779	255	0	0	11.3334	2.14405	2.64627	11.59	98.3234	0	0	33163.5	42128.8	48655.3	50710.4	0	0	0	0	0	0	202
DATA	12:53:32:000	2023-12-03	795690	13.4155	590.282	0.0974217	421.488	396.364	7.13455	0.0471985	12.453	6.8947	29.8548	80.1827	255	0	0	11.3321	2.1442	2.64514	11.59	98.3586	0	0	33170	42142	48670.4	50724.2	0	0	0	0	0	0	118
DATA	12:53:33:000	2023-12-03	795990	13.6023	598.501	0.0984605	427.335	336.267	6.05281	0.0417209	10.5643	4.52116	29.8293	80.1802	255	0	0	11.3341	2.14404	2.64652	11.59	98.3525	0	0	33141.4	42141.2	48894.8	50736.6	0	0	0	0	0	0	178
DATA	12:53:34:000	2023-12-03	796290	13.6387	600.103	0.0986575	428.415	324.539	5.8417	0.0406116	10.1943	4.01293	29.7867	80.1808	255	0	0	11.3334	2.14389	2.64452	11.59	98.3702	0	0	33150.2	42150.6	48901.8	50747.1	0	0	0	0	0	0	133
DATA	12:53:35:000	2023-12-03	796590	13.6097	598.827	0.0985008	427.423	332.342	5.98216	0.0413521	10.4375	4.34928	29.7396	80.1835	255	0	0	11.3231	2.14361	2.64589	11.59	98.3661	0	0	33146.2	42152.1	48944.8	50750.4	0	0	0	0	0	0	212
DATA	12:53:36:000	2023-12-03	796890	13.5719	597.164	0.0982887	426.171	345.325	6.21585	0.0425668	10.8436	4.89499	29.69	80.1825	255	0	0	11.33	2.14368	2.64552	11.59	98.3664	0	0	33149.2	42151.4	48913.2	50747.7	0	0	0	0	0	0	 49
DATA	12:53:37:000	2023-12-03	797190	13.6314	599.782	0.0986128	428.028	327.736	5.89925	0.0409143	10.291	4.14583	29.6449	80.1727	255	0	0	11.3328	2.14373	2.64402	11.59	98.3752	0	0	33150.8	42154.6	48900	50748.3	0	0	0	0	0	0	 70
DATA	12:53:38:000	2023-12-03	797490	13.5906	597.986	0.098396	426.645	354.693	6.38447	0.0434339	11.1348	5.27494	29.5996	80.1799	255	0	0	11.3321	2.14388	2.6429	11.59	98.3769	0	0	33151.3	42153.6	48812.3	50744.2	0	0	0	0	0	0	168
DATA	12:53:39:000	2023-12-03	797790	13.4982	593.921	0.0978777	423.732	372.513	6.70523	0.0450606	11.6938	5.97981	29.5592	80.1716	255	0	0	11.3314	2.14342	2.64178	11.59	98.3673	0	0	33156.5	42154.8	48832.1	50745.7	0	0	0	0	0	0	243
DATA	12:53:40:000	2023-12-03	798090	13.5486	596.138	0.098162	425.247	375.951	6.76712	0.0453726	11.7999	6.11129	29.5293	80.1763	255	0	0	11.3238	2.14362	2.64377	11.59	98.3768	0	0	33159.6	42156.6	48805.3	50746.8	0	0	0	0	0	0	199
DATA	12:53:41:000	2023-12-03	798390	13.5648	596.851	0.0982461	425.742	347.898	6.26216	0.0428027	10.919	4.9924	29.4995	80.171	255	0	0	11.341	2.14361	2.64215	11.59	98.3822	0	0	33162.9	42159	48851.8	50753	0	0	0	0	0	0	 87
DATA	12:53:42:000	2023-12-03	798690	13.5412	595.813	0.0981185	424.931	362.355	6.52239	0.0441372	11.3709	5.57633	29.468	80.1758	255	0	0	11.3197	2.14329	2.64165	11.59	98.3718	0	0	33161.4	42158.2	48782.8	50747.5	0	0	0	0	0	0	176
DATA	12:53:43:000	2023-12-03	798990	13.5943	598.149	0.0984185	426.568	363.911	6.5504	0.0442827	11.419	5.63704	29.4456	80.1754	255	0	0	11.3396	2.14324	2.6424	11.59	98.37	0	0	33165.7	42158.1	48736.6	50743.7	0	0	0	0	0	0	237
DATA	12:53:44:000	2023-12-03	799290	13.5888	597.907	0.098386	426.342	358.595	6.45471	0.0437941	11.2508	5.4241	29.4263	80.1803	255	0	0	11.3376	2.14352	2.64016	11.59	98.386	0	0	33158.2	42161.7	48846.5	50753.5	0	0	0	0	0	0	 77
DATA	12:53:45:000	2023-12-03	799590	13.6481	600.516	0.0987135	428.2	351.778	6.332	0.0431651	11.0368	5.14716	29.4059	80.1755	255	0	0	11.3328	2.14311	2.63966	11.59	98.3742	0	0	33095.8	42161.3	48856	50755.6	0	0	0	0	0	0	159
DATA	12:53:46:000	2023-12-03	799890	13.6196	599.262	0.0985501	427.306	348.333	6.26999	0.0428442	10.9287	5.00498	29.3866	80.1703	255	0	0	11.3383	2.14308	2.64003	11.59	98.3762	0	0	33149.8	42162.5	48863.2	50756.8	0	0	0	0	0	0	242
DATA	12:53:47:000	2023-12-03	800190	13.5597	596.627	0.098224	425.379	359.549	6.47188	0.0438814	11.2794	5.45965	29.3695	80.1747	255	0	0	11.3389	2.143	2.63853	11.59	98.3766	0	0	33157.3	42163.7	48845.9	50757.8	0	0	0	0	0	0	126
DATA	12:53:48:000	2023-12-03	800490	13.5842	597.705	0.0983575	426.089	368.186	6.62735	0.0446688	11.5487	5.80142	29.3589	80.1829	255	0	0	11.3362	2.14292	2.63841	11.59	98.3829	0	0	33162.5	42167.2	48785.1	50756.7	0	0	0	0	0	0	255
DATA	12:53:49:000	2023-12-03	800790	13.4685	592.614	0.0977143	422.519	388.73	6.99714	0.0465184	12.1948	6.58785	29.3576	80.1714	255	0	0	11.3376	2.14292	2.63853	11.59	98.3736	0	0	33182.6	42163.2	48693.7	50747.4	0	0	0	0	0	0	205
DATA	12:53:50:000	2023-12-03	801090	13.5197	594.867	0.0980027	424.121	382.792	6.89026	0.0459891	12.0084	6.36456	29.3614	80.1732	255	0	0	11.3376	2.1429	2.63841	11.59	98.3801	0	0	33175.4	42166.3	48680.7	50752	0	0	0	0	0	0	 53
DATA	12:53:51:000	2023-12-03	801390	13.5397	595.747	0.0981132	424.759	387.424	6.97363	0.0464028	12.154	6.53949	29.3685	80.1731	255	0	0	11.3328	2.14303	2.63829	11.59	98.3871	0	0	33176.3	42167.8	48674.6	50751.1	0	0	0	0	0	0	178
DATA	12:53:52:000	2023-12-03	801690	13.4232	590.621	0.0974683	421.1	408.736	7.35725	0.048289	12.8225	7.32017	29.3766	80.176	255	0	0	11.3293	2.14251	2.63729	11.59	98.372	0	0	33163.2	42167.4	48659.2	50753.4	0	0	0	0	0	0	194
DATA	12:53:53:000	2023-12-03	801990	13.487	593.428	0.097828	423.125	449.703	8.09465	0.0518145	14.1084	8.72458	29.3827	80.1732	255	0	0	11.3314	2.14237	2.63829	11.59	98.3539	0	0	33178.3	42161.1	48389.4	50734.2	0	0	0	0	0	0	116
DATA	12:53:54:000	2023-12-03	802290	13.4712	592.733	0.0977289	422.645	401.187	7.22137	0.0476222	12.5868	7.04867	29.3911	80.1724	255	0	0	11.3307	2.14249	2.63691	11.59	98.3575	0	0	33184.7	42161.4	48625.4	50745.2	0	0	0	0	0	0	203
DATA	12:53:55:000	2023-12-03	802590	13.4176	590.374	0.0974315	421.027	415.837	7.48507	0.0489059	13.0484	7.57333	29.4	80.1626	255	0	0	11.3321	2.14232	2.63804	11.59	98.368	0	0	33201.2	42167.8	48564.5	50747.9	0	0	0	0	0	0	247
DATA	12:53:56:000	2023-12-03	802890	13.4188	590.427	0.0974396	421.042	426.457	7.67623	0.0498262	13.3809	7.94378	29.411	80.1699	255	0	0	11.3293	2.14235	2.63567	11.59	98.3725	0	0	33196.8	42169.4	48585.8	50751.7	0	0	0	0	0	0	202
DATA	12:53:57:000	2023-12-03	803190	13.3881	589.076	0.0972714	420.043	421.848	7.59326	0.0494304	13.2352	7.78482	29.4227	80.1797	255	0	0	11.33	2.14224	2.63704	11.59	98.3662	0	0	33210.3	42168	48471.2	50744.3	0	0	0	0	0	0	244
DATA	12:53:58:000	2023-12-03	803490	13.3957	589.411	0.0973118	420.333	420.874	7.57573	0.0493449	13.2063	7.75149	29.4347	80.1731	255	0	0	11.3279	2.14198	2.63604	11.59	98.3674	0	0	33196.2	42171.5	48661.3	50758.7	0	0	0	0	0	0	225
DATA	12:53:59:000	2023-12-03	803790	13.4126	590.154	0.0974043	420.879	425.092	7.65166	0.0497081	13.3391	7.89844	29.4469	80.1734	255	0	0	11.33	2.14206	2.63604	11.59	98.3693	0	0	33203.8	42171.4	48514.9	50749.6	0	0	0	0	0	0	113
DATA	12:54:00:000	2023-12-03	804090	13.4916	593.63	0.0978407	423.41	402.837	7.25107	0.0477667	12.6423	7.1116	29.4543	80.1654	255	0	0	11.3231	2.14189	2.63729	11.59	98.3697	0	0	33171.8	42173.5	48743.1	50765.7	0	0	0	0	0	0	 43
DATA	12:54:01:000	2023-12-03	804390	13.5285	595.254	0.0980516	424.484	380.564	6.85015	0.0457891	11.941	6.28474	29.4622	80.1835	255	0	0	11.3286	2.14177	2.63691	11.59	98.3713	0	0	33186.8	42175.6	48700.1	50766.8	0	0	0	0	0	0	165
DATA	12:54:02:000	2023-12-03	804690	13.5672	596.957	0.0982662	425.747	387.53	6.97554	0.0464122	12.1609	6.54835	29.4703	80.1765	255	0	0	11.3272	2.14178	2.63642	11.59	98.3747	0	0	33190.4	42177	48602.6	50760.5	0	0	0	0	0	0	 77
DATA	12:54:03:000	2023-12-03	804990	13.507	594.308	0.0979265	423.92	394.57	7.10226	0.0470362	12.3837	6.81058	29.4793	80.1671	255	0	0	11.33	2.14149	2.63554	11.59	98.3654	0	0	33187.2	42176.2	48655.4	50765.4	0	0	0	0	0	0	213
DATA	12:54:04:000	2023-12-03	805290	13.4663	592.517	0.0977083	422.613	399.195	7.18551	0.0474501	12.5279	6.98081	29.4889	80.1753	255	0	0	11.3293	2.14177	2.63479	11.59	98.3749	0	0	33197.9	42177.1	48585.1	50761	0	0	0	0	0	0	150
DATA	12:54:05:000	2023-12-03	805590	13.4422	591.457	0.097569	421.886	406.595	7.31871	0.0480986	12.7611	7.24936	29.4996	80.1725	255	0	0	11.3197	2.14159	2.63666	11.59	98.3701	0	0	33199.4	42177.1	48606.7	50762.8	0	0	0	0	0	0	199
DATA	12:54:06:000	2023-12-03	805890	13.6046	598.602	0.0984745	426.955	400.396	7.20713	0.0475537	12.5657	7.02561	29.5098	80.1804	255	0	0	11.3259	2.14172	2.63492	11.59	98.376	0	0	33185.4	42178.2	48553.3	50760.8	0	0	0	0	0	0	169
DATA	12:54:07:000	2023-12-03	806190	13.4937	593.723	0.0978589	423.525	411.401	7.40522	0.0485207	12.9126	7.42206	29.5184	80.1732	255	0	0	11.3163	2.14136	2.63642	11.59	98.3694	0	0	33183.9	42179.6	48656.4	50768.6	0	0	0	0	0	0	208
DATA	12:54:08:000	2023-12-03	806490	13.4564	592.082	0.0976509	422.356	411.411	7.4054	0.0485214	12.9129	7.42278	29.5259	80.1749	255	0	0	11.3266	2.14136	2.63567	11.59	98.373	0	0	33196.4	42181.1	48596.6	50765.7	0	0	0	0	0	0	113
DATA	12:54:09:000	2023-12-03	806790	13.5288	595.267	0.0980552	424.639	397.005	7.14609	0.0472556	12.4611	6.90291	29.536	80.1755	255	0	0	11.3266	2.14125	2.63542	11.59	98.3697	0	0	33180.7	42180.9	48665.4	50771.3	0	0	0	0	0	0	172
DATA	12:54:10:000	2023-12-03	807090	13.468	592.592	0.097713	422.75	412.623	7.42721	0.048626	12.9519	7.46683	29.5468	80.1747	255	0	0	11.3259	2.14119	2.63642	11.59	98.3663	0	0	33204	42180.1	48524.1	50761.6	0	0	0	0	0	0	149
DATA	12:54:11:000	2023-12-03	807390	13.4706	592.706	0.0977315	422.877	393.743	7.08737	0.0469671	12.3606	6.78368	29.555	80.1682	255	0	0	11.3279	2.14104	2.63567	11.59	98.3634	0	0	33204.2	42180.7	48640.3	50769.7	0	0	0	0	0	0	176
DATA	12:54:12:000	2023-12-03	807690	13.3911	589.208	0.0972826	420.359	421.262	7.58272	0.0493813	13.2238	7.7712	29.5626	80.1745	255	0	0	11.3169	2.1411	2.63554	11.59	98.3719	0	0	33193.4	42183.5	48792.6	50780.4	0	0	0	0	0	0	106
DATA	12:54:13:000	2023-12-03	807990	13.4318	590.999	0.0975144	421.682	416.992	7.50586	0.0490088	13.0912	7.6219	29.5641	80.1663	255	0	0	11.3286	2.14098	2.63467	11.59	98.3719	0	0	33211.7	42184.9	48617.4	50772.2	0	0	0	0	0	0	184
DATA	12:54:14:000	2023-12-03	808290	13.5175	594.77	0.0979864	424.36	367.739	6.6193	0.0446279	11.5446	5.79358	29.5621	80.1681	255	0	0	11.3266	2.14084	2.6343	11.59	98.3694	0	0	33190.7	42185.4	48826.2	50785.2	0	0	0	0	0	0	 44
DATA	12:54:15:000	2023-12-03	808590	13.4669	592.544	0.0977085	422.717	396.475	7.13655	0.047208	12.4451	6.88444	29.5567	80.1771	255	0	0	11.3211	2.14074	2.63405	11.59	98.3615	0	0	33196.7	42183.2	48672.2	50774.5	0	0	0	0	0	0	171
DATA	12:54:16:000	2023-12-03	808890	13.436	591.184	0.0975329	421.775	407.419	7.33354	0.0481701	12.7895	7.28154	29.5534	80.1708	255	0	0	11.3272	2.14072	2.63579	11.59	98.368	0	0	33199.3	42186.2	48633.9	50774.2	0	0	0	0	0	0	129
DATA	12:54:17:000	2023-12-03	809190	13.4029	589.728	0.0973545	420.726	430.355	7.74639	0.0501637	13.5091	8.08456	29.5557	80.1733	255	0	0	11.3279	2.14056	2.63405	11.59	98.3673	0	0	33197.4	42187.9	48607.7	50776.3	0	0	0	0	0	0	235
DATA	12:54:18:000	2023-12-03	809490	13.5957	598.211	0.0984246	426.823	374.877	6.74779	0.0452763	11.7689	6.07135	29.5599	80.1661	255	0	0	11.3252	2.14057	2.63504	11.59	98.3702	0	0	33200.6	42189	48662.3	50780.8	0	0	0	0	0	0	144
DATA	12:54:19:000	2023-12-03	809790	13.4566	592.09	0.0976521	422.41	401.126	7.22027	0.0476193	12.5916	7.05472	29.5625	80.1755	255	0	0	11.3272	2.14038	2.63417	11.59	98.3691	0	0	33200.2	42190.7	48671.7	50782.7	0	0	0	0	0	0	 86
DATA	12:54:20:000	2023-12-03	810090	13.4763	592.957	0.097761	423.025	404.857	7.28743	0.047947	12.7086	7.18985	29.5629	80.1762	255	0	0	11.3266	2.14041	2.63405	11.59	98.3715	0	0	33196.9	42191.3	48733.9	50788	0	0	0	0	0	0	 33
DATA	12:54:21:000	2023-12-03	810390	13.5349	595.536	0.0980867	424.891	396.762	7.14172	0.0472329	12.4553	6.89518	29.5609	80.1707	255	0	0	11.3272	2.14032	2.6338	11.59	98.3723	0	0	33188.3	42192.7	48797.7	50793.3	0	0	0	0	0	0	185
DATA	12:54:22:000	2023-12-03	810690	13.585	597.74	0.0983594	426.464	354.633	6.38339	0.0434273	11.1327	5.27053	29.5579	80.1698	255	0	0	11.3252	2.14031	2.63554	11.59	98.3744	0	0	33186.7	42193.8	48881.8	50799	0	0	0	0	0	0	 38
DATA	12:54:23:000	2023-12-03	810990	13.4958	593.815	0.0978658	423.654	391.871	7.05368	0.0467975	12.3014	6.71418	29.5517	80.1701	255	0	0	11.3259	2.1401	2.6343	11.59	98.3755	0	0	33192.2	42196.6	48789.9	50797	0	0	0	0	0	0	 45
DATA	12:54:24:000	2023-12-03	811290	13.5205	594.902	0.0980023	424.437	362.988	6.53378	0.0441946	11.395	5.60531	29.5482	80.1676	255	0	0	11.3252	2.14006	2.6338	11.59	98.3739	0	0	33202.2	42196.4	48821.4	50797.5	0	0	0	0	0	0	 91
DATA	12:54:25:000	2023-12-03	811590	13.5582	596.561	0.09821	425.679	354.827	6.38689	0.0434446	11.1403	5.27778	29.545	80.1558	255	0	0	11.3279	2.14026	2.63242	11.59	98.3907	0	0	33191.8	42201.3	48870.6	50806.8	0	0	0	0	0	0	 68
DATA	12:54:26:000	2023-12-03	811890	13.5526	596.314	0.098175	425.456	348.065	6.26517	0.0428184	10.9268	5.00068	29.5288	80.1605	255	0	0	11.3266	2.13994	2.6333	11.59	98.3895	0	0	33197.9	42204.4	48933.9	50815.2	0	0	0	0	0	0	125
DATA	12:54:27:000	2023-12-03	812190	13.5163	594.717	0.0979766	424.27	362.227	6.52009	0.0441257	11.3701	5.57292	29.5032	80.1625	255	0	0	11.3245	2.13994	2.63417	11.59	98.3836	0	0	33200.2	42201.9	48758	50803	0	0	0	0	0	0	188
DATA	12:54:28:000	2023-12-03	812490	13.5262	595.153	0.0980367	424.521	388.803	6.99845	0.0465251	12.2026	6.59647	29.4802	80.1676	255	0	0	11.3231	2.13978	2.63255	11.59	98.3904	0	0	33198.6	42206.8	48747.7	50805.2	0	0	0	0	0	0	225
DATA	12:54:29:000	2023-12-03	812790	13.5137	594.603	0.0979608	424.157	378.914	6.82045	0.0456366	11.893	6.22185	29.4638	80.1579	255	0	0	11.3259	2.1396	2.63155	11.59	98.3823	0	0	33208.4	42205.2	48774.1	50805.8	0	0	0	0	0	0	125
DATA	12:54:30:000	2023-12-03	813090	13.4661	592.508	0.0976984	422.654	405.408	7.29734	0.0479921	12.7243	7.20446	29.4541	80.1571	255	0	0	11.3245	2.13976	2.63255	11.59	98.3905	0	0	33196.4	42207	48784.4	50807.8	0	0	0	0	0	0	115
DATA	12:54:31:000	2023-12-03	813390	13.5542	596.385	0.0981928	425.357	380.161	6.8429	0.0457517	11.9302	6.26876	29.4492	80.1674	255	0	0	11.3224	2.13965	2.6318	11.59	98.3851	0	0	33208.8	42205.9	48736.5	50806.4	0	0	0	0	0	0	120
DATA	12:54:32:000	2023-12-03	813690	13.4677	592.579	0.0977077	422.657	392.623	7.06721	0.0468638	12.3217	6.73685	29.4431	80.1631	255	0	0	11.3245	2.1395	2.62968	11.59	98.3868	0	0	33219.4	42208.4	48714.2	50805.5	0	0	0	0	0	0	180
DATA	12:54:33:000	2023-12-03	813990	13.4463	591.637	0.0975924	421.943	400.718	7.21292	0.0475825	12.5745	7.03387	29.438	80.1698	255	0	0	11.3259	2.13916	2.6318	11.59	98.378	0	0	33229.3	42208.6	48611.8	50799.5	0	0	0	0	0	0	 82
DATA	12:54:34:000	2023-12-03	814290	13.4623	592.341	0.0976804	422.426	393.222	7.078	0.0469182	12.3387	6.75869	29.4359	80.1728	255	0	0	11.3252	2.13939	2.63093	11.59	98.382	0	0	33218.2	42207.7	48719	50805.5	0	0	0	0	0	0	219
DATA	12:54:35:000	2023-12-03	814590	13.4332	591.061	0.0975178	421.597	410.35	7.3863	0.0484268	12.8787	7.38068	29.4364	80.157	255	0	0	11.3039	2.1393	2.63018	11.59	98.3833	0	0	33224.7	42209.2	48624.3	50801.9	0	0	0	0	0	0	  1
DATA	12:54:36:000	2023-12-03	814890	13.4153	590.273	0.0974204	420.968	412.947	7.43305	0.048655	12.9582	7.47312	29.4394	80.1705	255	0	0	11.3163	2.13932	2.63055	11.59	98.3868	0	0	33231.1	42210.5	48601.6	50802	0	0	0	0	0	0	 30
DATA	12:54:37:000	2023-12-03	815190	13.3718	588.359	0.0971753	419.611	413.771	7.44788	0.0487227	12.9842	7.50228	29.4389	80.169	255	0	0	11.3231	2.13917	2.62943	11.59	98.3915	0	0	33229.3	42214.2	48704.6	50812.2	0	0	0	0	0	0	170
DATA	12:54:38:000	2023-12-03	815490	13.4024	589.706	0.097351	420.543	421.654	7.58977	0.0494129	13.2307	7.77857	29.433	80.1727	255	0	0	11.3231	2.139	2.62956	11.59	98.3873	0	0	33241.2	42214.4	48575.2	50805.6	0	0	0	0	0	0	  6
DATA	12:54:39:000	2023-12-03	815790	13.3887	589.103	0.0972718	420.136	425.293	7.65527	0.0497261	13.3457	7.90439	29.4264	80.1666	255	0	0	11.3252	2.13911	2.6313	11.59	98.394	0	0	33246.7	42216	48530.6	50805.1	0	0	0	0	0	0	  7
DATA	12:54:40:000	2023-12-03	816090	13.4763	592.957	0.09776	422.877	407.61	7.33698	0.048188	12.7905	7.28215	29.4242	80.1676	255	0	0	11.3218	2.13887	2.62968	11.59	98.3921	0	0	33231.7	42218	48610	50812.3	0	0	0	0	0	0	 81
DATA	12:54:41:000	2023-12-03	816390	13.4727	592.799	0.0977373	422.784	419.52	7.55136	0.0492244	13.1649	7.70354	29.4205	80.1628	255	0	0	11.3231	2.13854	2.62943	11.59	98.3804	0	0	33246	42216.8	48520.6	50806.1	0	0	0	0	0	0	 56
DATA	12:54:42:000	2023-12-03	816690	13.4559	592.06	0.0976502	422.179	408.206	7.34771	0.0482427	12.8075	7.30311	29.4161	80.1764	255	0	0	11.3114	2.13892	2.62893	11.59	98.395	0	0	33234.1	42218.5	48648.2	50814.6	0	0	0	0	0	0	 90
DATA	12:54:43:000	2023-12-03	816990	13.4309	590.96	0.0975083	421.429	426.562	7.67812	0.049836	13.3845	7.94755	29.414	80.1693	255	0	0	11.3259	2.1386	2.62706	11.59	98.3826	0	0	33227.1	42217	48567.3	50808.8	0	0	0	0	0	0	193
DATA	12:54:44:000	2023-12-03	817290	13.486	593.384	0.097816	423.178	416.982	7.50568	0.049007	13.0845	7.61435	29.4154	80.1659	255	0	0	11.3224	2.13877	2.62956	11.59	98.3913	0	0	33223.3	42218.7	48617.5	50813.2	0	0	0	0	0	0	 67
DATA	12:54:45:000	2023-12-03	817590	13.5847	597.727	0.0983622	426.268	428.879	7.71982	0.050033	13.4576	8.02747	29.4205	80.1686	255	0	0	11.3231	2.13837	2.62831	11.59	98.3777	0	0	33204.3	42217.5	48543.9	50809.2	0	0	0	0	0	0	183
DATA	12:54:46:000	2023-12-03	817890	13.5339	595.492	0.098079	424.687	399.806	7.19651	0.0475005	12.5457	7.00016	29.4279	80.168	255	0	0	11.3238	2.13825	2.62893	11.59	98.3729	0	0	33219.5	42216.9	48663	50814.8	0	0	0	0	0	0	 51
DATA	12:54:47:000	2023-12-03	818190	13.4821	593.212	0.0977946	423.025	410.883	7.39589	0.0484757	12.8922	7.39951	29.4331	80.1764	255	0	0	11.3252	2.13822	2.62831	11.59	98.3743	0	0	33218.9	42217.8	48664	50814.7	0	0	0	0	0	0	130
DATA	12:54:48:000	2023-12-03	818490	13.5045	594.198	0.0979146	423.766	404.517	7.28131	0.0479147	12.6936	7.17152	29.4371	80.1701	255	0	0	11.3211	2.13835	2.62843	11.59	98.38	0	0	33208.2	42218.8	48692.3	50817.2	0	0	0	0	0	0	104
DATA	12:54:49:000	2023-12-03	818790	13.3816	588.79	0.0972387	419.893	434.235	7.81623	0.0504987	13.6256	8.21105	29.4409	80.1744	255	0	0	11.3218	2.13809	2.62881	11.59	98.3778	0	0	33250.1	42220.8	48525.6	50810	0	0	0	0	0	0	 80
DATA	12:54:50:000	2023-12-03	819090	13.8872	611.037	0.100038	435.773	418.775	7.53795	0.04916	13.1409	7.67862	29.444	80.1723	255	0	0	11.3218	2.13816	2.62881	11.59	98.3757	0	0	33121.1	42219.1	48627.3	50815	0	0	0	0	0	0	148
DATA	12:54:51:000	2023-12-03	819390	13.5512	596.253	0.0981729	425.253	371.085	6.67953	0.0449314	11.6451	5.91891	29.4467	80.1687	255	0	0	11.3114	2.13812	2.62781	11.59	98.381	0	0	33208.6	42221.9	48815.2	50828.8	0	0	0	0	0	0	164
DATA	12:54:52:000	2023-12-03	819690	13.4927	593.679	0.0978537	423.435	412.85	7.4313	0.0486473	12.9563	7.47012	29.4484	80.1658	255	0	0	11.3224	2.13805	2.62769	11.59	98.3818	0	0	33215.7	42223	48687.4	50822.8	0	0	0	0	0	0	 38
DATA	12:54:53:000	2023-12-03	819990	13.5745	597.278	0.0983058	425.964	387.711	6.9788	0.0464278	12.1663	6.55421	29.4512	80.1736	255	0	0	11.3163	2.13804	2.62831	11.59	98.3887	0	0	33208.7	42226	48780.4	50831.3	0	0	0	0	0	0	 92
DATA	12:54:54:000	2023-12-03	820290	13.5229	595.008	0.098017	424.385	387.443	6.97397	0.0464032	12.159	6.54428	29.4535	80.1666	255	0	0	11.3204	2.13778	2.62819	11.59	98.3747	0	0	33216.1	42223.1	48781.5	50830.3	0	0	0	0	0	0	102
DATA	12:54:55:000	2023-12-03	820590	13.7025	602.91	0.0990141	430.002	376.938	6.78488	0.0454606	11.8288	6.14563	29.4536	80.1703	255	0	0	11.3231	2.13768	2.62706	11.59	98.3717	0	0	33173.1	42222.9	48827	50831.8	0	0	0	0	0	0	 43
DATA	12:54:56:000	2023-12-03	820890	13.7233	603.825	0.0991279	430.672	373.046	6.71483	0.0451083	11.7071	5.99534	29.4514	80.1665	255	0	0	11.3218	2.13781	2.62719	11.59	98.3778	0	0	33185.5	42224	48793.3	50830	0	0	0	0	0	0	 14
DATA	12:54:57:000	2023-12-03	821190	13.4935	593.714	0.0978564	423.416	396.693	7.14047	0.047227	12.4479	6.88723	29.4483	80.174	255	0	0	11.3204	2.13772	2.62819	11.59	98.3851	0	0	33218.9	42228.2	48755.8	50833.5	0	0	0	0	0	0	134
DATA	12:54:58:000	2023-12-03	821490	13.5822	597.617	0.0983485	426.219	394.607	7.10293	0.047041	12.3831	6.81039	29.4469	80.1699	255	0	0	11.319	2.13763	2.62706	11.59	98.3799	0	0	33209.2	42227	48721.6	50830.8	0	0	0	0	0	0	 26
