Model:	 LI-7500
SN:	75D-4923
Timestamp:	Dec 3 2023 at 13:08:36
DATAH	Time	Date	Sequence Number	CO2 (mmol/m^3)	CO2 (mg/m^3)	CO2 Absorptance	CO2 (umol/mol)	H2O (mmol/m^3)	H2O (g/m^3)	H2O Absorptance	H2O (mmol/mol)	Dew Point (C)	Temperature (C)	Pressure (kPa)	Diagnostic Value	Diagnostic Value 2	Diagnostic Word	DSI Vin (v)	Cooler Voltage (v)	Chopper Cooler Voltage (v)	Smart Flux Vin (v)	CO2 Signal Strength	Integral	Peak Height	CO2 Sample	CO2 Reference	H2O Sample	H2O Reference	CH4 Seconds	CH4 Nano Seconds	CH4 (umol/mol)	CH4 (mmol/m^3)	CH4 Signal Strength (RSSI)	CH4 Diagnostic Value	CHK
DATA	19:08:36:000	2023-12-03	549990	13.9882	615.481	0.100649	418.958	585.14	10.5325	0.0627306	17.5254	11.9951	16.1015	80.2928	255	0	0	12.4307	1.95451	2.13016	12.62	97.5762	0	0	34286.5	43739.7	49717.6	52894.3	0	0	0	0	0	0	124
DATA	19:08:37:000	2023-12-03	550290	13.9946	615.762	0.100687	419.127	585.029	10.5305	0.0627247	17.5211	11.9922	16.1022	80.2975	255	0	0	12.4307	1.95427	2.12929	12.62	97.5706	0	0	34285.4	43739.2	49716.9	52894.7	0	0	0	0	0	0	163
DATA	19:08:38:000	2023-12-03	550590	13.9922	615.657	0.100674	419.078	585.677	10.5422	0.062774	17.5415	12.0091	16.1028	80.2932	255	0	0	12.43	1.95442	2.13016	12.62	97.5827	0	0	34288.1	43743.3	49718.7	52900	0	0	0	0	0	0	143
DATA	19:08:39:000	2023-12-03	550890	13.9867	615.415	0.100642	418.878	586.352	10.5543	0.0628248	17.5603	12.0266	16.1034	80.3001	255	0	0	12.4307	1.95466	2.13041	12.62	97.5697	0	0	34281.9	43735.5	49708.6	52890.7	0	0	0	0	0	0	151
DATA	19:08:40:000	2023-12-03	551190	13.9844	615.314	0.100628	418.808	586.326	10.5539	0.0628217	17.5594	12.0259	16.1039	80.3005	255	0	0	12.43	1.95436	2.12953	12.62	97.556	0	0	34279.7	43731.9	49703.7	52886.2	0	0	0	0	0	0	252
DATA	19:08:41:000	2023-12-03	551490	13.9815	615.186	0.100612	418.751	587.077	10.5674	0.0628782	17.5832	12.0454	16.1051	80.2951	255	0	0	12.43	1.95452	2.12879	12.62	97.5552	0	0	34279.3	43730.1	49697.1	52883.7	0	0	0	0	0	0	 50
DATA	19:08:42:000	2023-12-03	551790	13.9787	615.063	0.100605	418.65	586.839	10.5631	0.062867	17.5753	12.0393	16.1053	80.2984	255	0	0	12.4238	1.95431	2.12978	12.62	97.561	0	0	34282	43734.5	49700.5	52889.2	0	0	0	0	0	0	167
DATA	19:08:43:000	2023-12-03	552090	13.9825	615.23	0.10062	418.72	587.077	10.5674	0.0628809	17.5806	12.0455	16.1063	80.3071	255	0	0	12.4293	1.95456	2.13066	12.62	97.5486	0	0	34275.1	43726.9	49691.2	52879.3	0	0	0	0	0	0	255
DATA	19:08:44:000	2023-12-03	552390	13.9852	615.349	0.100637	418.832	587.324	10.5718	0.0629008	17.5893	12.0519	16.1072	80.3014	255	0	0	12.43	1.95425	2.1319	12.62	97.5431	0	0	34276.2	43727	49692.2	52880.5	0	0	0	0	0	0	140
DATA	19:08:45:000	2023-12-03	552690	14.0043	616.189	0.100739	419.451	587.958	10.5832	0.0629472	17.6103	12.0683	16.1079	80.2926	255	0	0	12.43	1.95454	2.12929	12.62	97.5488	0	0	34276.9	43727.1	49693.1	52881.2	0	0	0	0	0	0	 67
DATA	19:08:46:000	2023-12-03	552990	13.9905	615.582	0.100663	419	589.066	10.6032	0.063032	17.6419	12.097	16.1089	80.3	255	0	0	12.43	1.9543	2.13003	12.62	97.5178	0	0	34266.8	43715.2	49673.9	52867.7	0	0	0	0	0	0	 50
DATA	19:08:47:000	2023-12-03	553290	13.9867	615.415	0.100639	418.926	588.453	10.5922	0.0629826	17.6252	12.0812	16.1101	80.2928	255	0	0	12.4293	1.95446	2.13028	12.62	97.5289	0	0	34267.8	43718.9	49681.5	52872.8	0	0	0	0	0	0	177
DATA	19:08:48:000	2023-12-03	553590	13.9953	615.793	0.10069	419.2	588.68	10.5962	0.0630027	17.6327	12.0871	16.1111	80.2899	255	0	0	12.4231	1.95442	2.13153	12.62	97.5161	0	0	34262.1	43713.5	49679.7	52872.1	0	0	0	0	0	0	197
DATA	19:08:49:000	2023-12-03	553890	13.9977	615.899	0.100701	419.275	588.575	10.5944	0.0629934	17.6297	12.0845	16.1122	80.2897	255	0	0	12.4307	1.95418	2.1314	12.62	97.5109	0	0	34264	43713.1	49673.8	52868.2	0	0	0	0	0	0	 41
DATA	19:08:50:000	2023-12-03	554190	13.9887	615.503	0.100648	419.06	590.058	10.621	0.0631034	17.6764	12.1228	16.1136	80.2795	255	0	0	12.43	1.95434	2.12966	12.62	97.5078	0	0	34262.8	43710.4	49668.5	52863.5	0	0	0	0	0	0	190
DATA	19:08:51:000	2023-12-03	554490	13.9893	615.529	0.100651	419.082	589.668	10.614	0.0630744	17.6649	12.1127	16.1136	80.2787	255	0	0	12.4286	1.95445	2.13228	12.62	97.5048	0	0	34258.8	43708.2	49664.6	52860.8	0	0	0	0	0	0	121
DATA	19:08:52:000	2023-12-03	554790	13.9979	615.908	0.100695	419.393	590.359	10.6265	0.0631243	17.6878	12.1305	16.1138	80.2686	255	0	0	12.4231	1.9545	2.13053	12.62	97.4875	0	0	34252.7	43700	49656.1	52858.7	0	0	0	0	0	0	 18
DATA	19:08:53:000	2023-12-03	555090	14.0041	616.18	0.100734	419.485	590.192	10.6235	0.0631148	17.6789	12.1263	16.115	80.2869	255	0	0	12.4279	1.95433	2.13041	12.62	97.4963	0	0	34254.6	43705.3	49659	52858.6	0	0	0	0	0	0	197
DATA	19:08:54:000	2023-12-03	555390	13.9963	615.837	0.100692	419.25	588.803	10.5985	0.0630097	17.6372	12.0906	16.116	80.2875	255	0	0	12.4293	1.95438	2.12978	12.62	97.4244	0	0	34233.6	43672.8	49630.9	52822	0	0	0	0	0	0	230
DATA	19:08:55:000	2023-12-03	555690	14.0128	616.563	0.100781	419.759	589.465	10.6104	0.0630592	17.6577	12.1077	16.1177	80.285	255	0	0	12.4293	1.95444	2.13066	12.62	97.4278	0	0	34232.8	43673.7	49633.1	52824.7	0	0	0	0	0	0	110
DATA	19:08:56:000	2023-12-03	555990	13.966	614.504	0.100524	418.367	589.609	10.613	0.06307	17.6624	12.1115	16.1189	80.2835	255	0	0	12.4293	1.9544	2.13153	12.62	97.4498	0	0	34239.8	43683.9	49648.2	52834.3	0	0	0	0	0	0	162
DATA	19:08:57:000	2023-12-03	556290	13.9844	615.314	0.100627	418.914	589.345	10.6082	0.0630514	17.6543	12.1048	16.1205	80.2848	255	0	0	12.43	1.95451	2.13165	12.62	97.448	0	0	34240.7	43682.2	49639.7	52833.8	0	0	0	0	0	0	240
DATA	19:08:58:000	2023-12-03	556590	14.0004	616.018	0.100716	419.404	590.398	10.6272	0.063133	17.6863	12.132	16.1225	80.2833	255	0	0	12.4293	1.95433	2.13028	12.62	97.4373	0	0	34234.9	43678.9	49634.5	52831.1	0	0	0	0	0	0	 15
DATA	19:08:59:000	2023-12-03	556890	14.0051	616.224	0.100739	419.552	590.507	10.6291	0.063139	17.6899	12.1349	16.1244	80.2824	255	0	0	12.43	1.95437	2.13165	12.62	97.3773	0	0	34207.3	43651.7	49611	52806.7	0	0	0	0	0	0	142
DATA	19:09:00:000	2023-12-03	557190	14.0178	616.783	0.100809	419.933	591.31	10.6436	0.0632001	17.714	12.1556	16.1257	80.2826	255	0	0	12.43	1.9546	2.13153	12.62	97.4072	0	0	34222.4	43663.1	49618.9	52819.6	0	0	0	0	0	0	112
DATA	19:09:01:000	2023-12-03	557490	14.0177	616.779	0.100812	419.914	591.527	10.6475	0.0632197	17.7198	12.1613	16.1272	80.2861	255	0	0	12.4293	1.95445	2.13116	12.62	97.4192	0	0	34224.9	43669.8	49622.6	52822.5	0	0	0	0	0	0	150
DATA	19:09:02:000	2023-12-03	557790	14.015	616.66	0.100793	419.859	591.475	10.6465	0.0632124	17.7193	12.16	16.1288	80.2817	255	0	0	12.43	1.95445	2.13153	12.62	97.4127	0	0	34223.8	43666.9	49618.5	52819.1	0	0	0	0	0	0	 98
DATA	19:09:03:000	2023-12-03	558090	14.0141	616.62	0.100789	419.81	591.501	10.647	0.0632152	17.7191	12.1607	16.1301	80.2863	255	0	0	12.4293	1.9544	2.12991	12.62	97.4037	0	0	34219.3	43663.3	49614	52812.9	0	0	0	0	0	0	 60
DATA	19:09:04:000	2023-12-03	558390	14.0185	616.814	0.100812	419.962	591.683	10.6503	0.0632283	17.7254	12.1655	16.1318	80.2829	255	0	0	12.4293	1.95458	2.13165	12.62	97.4069	0	0	34218.3	43663.2	49611.4	52816.7	0	0	0	0	0	0	137
DATA	19:09:05:000	2023-12-03	558690	14.028	617.232	0.100864	420.232	591.897	10.6541	0.0632445	17.7313	12.1711	16.1331	80.2859	255	0	0	12.4293	1.95455	2.13128	12.62	97.3919	0	0	34212.4	43656.7	49608	52809.6	0	0	0	0	0	0	235
DATA	19:09:06:000	2023-12-03	558990	14.0234	617.03	0.10084	420.113	591.687	10.6504	0.0632294	17.7257	12.1658	16.1348	80.2829	255	0	0	12.4293	1.95438	2.13066	12.62	97.3601	0	0	34206.7	43643.9	49591.3	52805.4	0	0	0	0	0	0	 28
DATA	19:09:07:000	2023-12-03	559290	14.0342	617.505	0.1009	420.455	592.346	10.6622	0.0632796	17.7463	12.1827	16.136	80.2796	255	0	0	12.4293	1.95438	2.13128	12.62	97.3817	0	0	34209.1	43653.5	49602	52807.8	0	0	0	0	0	0	143
DATA	19:09:08:000	2023-12-03	559590	14.0219	616.964	0.100835	420.032	591.917	10.6545	0.0632495	17.7311	12.1718	16.1374	80.2904	255	0	0	12.4293	1.95409	2.13116	12.62	97.3757	0	0	34208.4	43653.3	49601.8	52804.9	0	0	0	0	0	0	131
DATA	19:09:09:000	2023-12-03	559890	14.0452	617.989	0.100962	420.725	593.904	10.6903	0.0634002	17.7904	12.2228	16.1389	80.2919	255	0	0	12.4293	1.95417	2.13128	12.62	97.3738	0	0	34208.1	43651.8	49600.8	52804.7	0	0	0	0	0	0	149
DATA	19:09:10:000	2023-12-03	560190	14.0358	617.575	0.100909	420.462	592.542	10.6658	0.0632951	17.7504	12.188	16.1401	80.2886	255	0	0	12.43	1.95423	2.1314	12.62	97.3797	0	0	34209.7	43653.9	49600.5	52805.7	0	0	0	0	0	0	180
DATA	19:09:11:000	2023-12-03	560490	14.0335	617.474	0.100899	420.388	592.866	10.6716	0.0633219	17.7599	12.1963	16.1412	80.2899	255	0	0	12.4293	1.95453	2.13041	12.62	97.3819	0	0	34206.7	43652.4	49599.1	52804.9	0	0	0	0	0	0	166
DATA	19:09:12:000	2023-12-03	560790	14.0419	617.844	0.10094	420.7	592.976	10.6736	0.0633267	17.7658	12.1992	16.1427	80.2788	255	0	0	12.4293	1.9545	2.13203	12.62	97.3733	0	0	34204.1	43648.8	49596.1	52802.2	0	0	0	0	0	0	202
DATA	19:09:13:000	2023-12-03	561090	14.0371	617.632	0.100915	420.509	592.861	10.6715	0.0633186	17.7603	12.1964	16.1439	80.2881	255	0	0	12.4286	1.95405	2.13128	12.62	97.3748	0	0	34208.4	43653.3	49601.7	52805.8	0	0	0	0	0	0	124
DATA	19:09:14:000	2023-12-03	561390	14.0375	617.65	0.100919	420.54	592.752	10.6695	0.0633114	17.7579	12.1937	16.1456	80.285	255	0	0	12.4286	1.95442	2.13215	12.62	97.3783	0	0	34206.2	43651.7	49598.7	52804.5	0	0	0	0	0	0	253
DATA	19:09:15:000	2023-12-03	561690	14.0484	618.13	0.100982	420.861	593.227	10.6781	0.06335	17.7719	12.2059	16.147	80.2864	255	0	0	12.4286	1.95428	2.13066	12.62	97.372	0	0	34203.5	43650.1	49594	52801.5	0	0	0	0	0	0	 32
DATA	19:09:16:000	2023-12-03	561990	14.0515	618.266	0.100997	420.942	593.417	10.6815	0.0633628	17.777	12.2108	16.1481	80.289	255	0	0	12.4286	1.95406	2.13053	12.62	97.3622	0	0	34199.8	43647.5	49588.2	52799.7	0	0	0	0	0	0	 75
DATA	19:09:17:000	2023-12-03	562290	14.0494	618.174	0.100986	420.89	593.901	10.6902	0.0634006	17.792	12.2233	16.1496	80.2873	255	0	0	12.4293	1.95431	2.13153	12.62	97.3557	0	0	34197.7	43642.5	49586.9	52796	0	0	0	0	0	0	216
DATA	19:09:18:000	2023-12-03	562590	14.0471	618.072	0.10097	420.808	593.765	10.6878	0.0633879	17.7874	12.2199	16.1507	80.2902	255	0	0	12.4266	1.95431	2.1314	12.62	97.3625	0	0	34200.9	43645.5	49589.7	52797.8	0	0	0	0	0	0	 76
DATA	19:09:19:000	2023-12-03	562890	14.0471	618.072	0.100971	420.82	593.809	10.6886	0.0633914	17.7892	12.2211	16.1521	80.2883	255	0	0	12.4286	1.95432	2.13153	12.62	97.3617	0	0	34198.6	43645.1	49587.8	52796.3	0	0	0	0	0	0	110
DATA	19:09:20:000	2023-12-03	563190	14.0493	618.169	0.100983	420.904	593.352	10.6803	0.0633566	17.7763	12.2094	16.1534	80.2851	255	0	0	12.4286	1.95404	2.13178	12.62	97.3551	0	0	34198.5	43644.4	49584.6	52795.3	0	0	0	0	0	0	149
DATA	19:09:21:000	2023-12-03	563490	14.0526	618.314	0.101001	421.005	594.11	10.694	0.0634143	17.7991	12.2289	16.1547	80.2851	255	0	0	12.4266	1.95452	2.13203	12.62	97.3523	0	0	34192.9	43639.2	49581	52791.2	0	0	0	0	0	0	158
DATA	19:09:22:000	2023-12-03	563790	14.0565	618.486	0.101027	421.065	594.865	10.7076	0.0634753	17.8193	12.2483	16.1558	80.2962	255	0	0	12.4279	1.9546	2.1319	12.62	97.3534	0	0	34193.7	43639.1	49580	52792	0	0	0	0	0	0	122
DATA	19:09:23:000	2023-12-03	564090	14.0609	618.68	0.101049	421.255	595.168	10.713	0.0634965	17.8308	12.2561	16.1569	80.2854	255	0	0	12.4293	1.95452	2.13016	12.62	97.35	0	0	34191.1	43638.2	49577.4	52790.4	0	0	0	0	0	0	190
DATA	19:09:24:000	2023-12-03	564390	14.0639	618.812	0.101066	421.315	595.451	10.7181	0.0635195	17.838	12.2634	16.158	80.2915	255	0	0	12.4286	1.95441	2.13153	12.62	97.3607	0	0	34195.1	43643.9	49582.1	52794.6	0	0	0	0	0	0	 35
DATA	19:09:25:000	2023-12-03	564690	14.0617	618.715	0.101052	421.308	595.189	10.7134	0.0634974	17.8327	12.2567	16.1589	80.2804	255	0	0	12.4286	1.95426	2.13053	12.62	97.3489	0	0	34191	43639.9	49576.8	52791.8	0	0	0	0	0	0	 77
DATA	19:09:26:000	2023-12-03	564990	14.0667	618.935	0.101079	421.444	595.069	10.7112	0.0634885	17.8285	12.2537	16.1598	80.2833	255	0	0	12.4286	1.9542	2.13265	12.62	97.3531	0	0	34192.2	43642.2	49578.3	52793.5	0	0	0	0	0	0	115
DATA	19:09:27:000	2023-12-03	565290	14.0682	619.001	0.101087	421.492	595.528	10.7195	0.063523	17.8424	12.2655	16.1607	80.2831	255	0	0	12.4286	1.95435	2.13165	12.62	97.3507	0	0	34190	43639.9	49575.2	52793.2	0	0	0	0	0	0	247
DATA	19:09:28:000	2023-12-03	565590	14.0692	619.045	0.101091	421.562	595.927	10.7267	0.0635518	17.856	12.2757	16.1617	80.2757	255	0	0	12.4286	1.95425	2.13091	12.62	97.3539	0	0	34192	43642.2	49576.2	52795.1	0	0	0	0	0	0	 14
DATA	19:09:29:000	2023-12-03	565890	14.0668	618.939	0.101078	421.501	595.584	10.7205	0.0635259	17.8462	12.267	16.1627	80.2738	255	0	0	12.4286	1.95422	2.13228	12.62	97.3442	0	0	34189.1	43638.1	49573.4	52790.1	0	0	0	0	0	0	109
DATA	19:09:30:000	2023-12-03	566190	14.0771	619.392	0.101136	421.772	596.029	10.7285	0.0635609	17.858	12.2784	16.1632	80.2811	255	0	0	12.4279	1.95423	2.13178	12.62	97.3496	0	0	34189.2	43640.4	49573.7	52791.9	0	0	0	0	0	0	111
DATA	19:09:31:000	2023-12-03	566490	14.0753	619.313	0.101122	421.752	596.275	10.733	0.0635768	17.8668	12.2847	16.1642	80.275	255	0	0	12.4279	1.95417	2.13153	12.62	97.3484	0	0	34188	43640.4	49570.2	52791.2	0	0	0	0	0	0	200
DATA	19:09:32:000	2023-12-03	566790	14.0805	619.542	0.101154	421.895	596.796	10.7423	0.0636191	17.8818	12.298	16.1646	80.2776	255	0	0	12.4279	1.95445	2.13128	12.62	97.3527	0	0	34188.1	43640	49571.1	52791.7	0	0	0	0	0	0	 23
DATA	19:09:33:000	2023-12-03	567090	14.0896	619.942	0.101202	422.156	597.143	10.7486	0.0636438	17.8917	12.3069	16.1655	80.2801	255	0	0	12.4279	1.9541	2.13215	12.62	97.3455	0	0	34185.1	43639.7	49565.7	52790.9	0	0	0	0	0	0	110
DATA	19:09:34:000	2023-12-03	567390	14.0866	619.81	0.101185	422.067	597.323	10.7518	0.0636571	17.8972	12.3115	16.1662	80.2801	255	0	0	12.4272	1.95431	2.1319	12.62	97.3457	0	0	34184.5	43638	49566.3	52788.4	0	0	0	0	0	0	209
DATA	19:09:35:000	2023-12-03	567690	14.096	620.224	0.101237	422.389	597.872	10.7617	0.0636992	17.9153	12.3255	16.1668	80.2725	255	0	0	12.4279	1.95424	2.13078	12.62	97.3418	0	0	34183.6	43636.8	49563.5	52787.7	0	0	0	0	0	0	132
DATA	19:09:36:000	2023-12-03	567990	14.0878	619.863	0.101192	422.161	597.651	10.7577	0.0636822	17.9094	12.3199	16.1674	80.2694	255	0	0	12.4286	1.95438	2.13128	12.62	97.3533	0	0	34186.7	43640.8	49566.4	52791.8	0	0	0	0	0	0	196
DATA	19:09:37:000	2023-12-03	568290	14.0936	620.118	0.101223	422.318	597.575	10.7564	0.0636756	17.9065	12.3181	16.1681	80.2727	255	0	0	12.4279	1.95427	2.13103	12.62	97.3453	0	0	34184.5	43638.1	49563.2	52788.5	0	0	0	0	0	0	149
DATA	19:09:38:000	2023-12-03	568590	14.0943	620.149	0.101228	422.343	598.095	10.7657	0.0637159	17.9222	12.3313	16.1689	80.2722	255	0	0	12.4272	1.95416	2.13165	12.62	97.3474	0	0	34186	43640	49566	52790.9	0	0	0	0	0	0	115
DATA	19:09:39:000	2023-12-03	568890	14.0969	620.264	0.10124	422.456	598.427	10.7717	0.0637399	17.9337	12.3398	16.1692	80.2655	255	0	0	12.4279	1.95434	2.1319	12.62	97.3471	0	0	34184.1	43638.4	49561.6	52789.5	0	0	0	0	0	0	 92
DATA	19:09:40:000	2023-12-03	569190	14.0908	619.995	0.101209	422.228	598.375	10.7707	0.0637378	17.9302	12.3385	16.1697	80.2744	255	0	0	12.4279	1.9541	2.1329	12.62	97.3499	0	0	34187.8	43641.6	49566.6	52792.9	0	0	0	0	0	0	 96
DATA	19:09:41:000	2023-12-03	569490	14.0964	620.242	0.101242	422.342	598.287	10.7692	0.0637327	17.9252	12.3363	16.1703	80.2848	255	0	0	12.4279	1.95436	2.13253	12.62	97.3511	0	0	34184.7	43640	49561.8	52791.3	0	0	0	0	0	0	 38
DATA	19:09:42:000	2023-12-03	569790	14.0994	620.374	0.101261	422.376	598.162	10.7669	0.0637256	17.9191	12.3331	16.1708	80.2955	255	0	0	12.4279	1.95426	2.13228	12.62	97.3451	0	0	34182.6	43638.2	49561.1	52789.2	0	0	0	0	0	0	160
DATA	19:09:43:000	2023-12-03	570090	14.099	620.356	0.101261	422.373	598.647	10.7756	0.063764	17.9341	12.3455	16.1712	80.2938	255	0	0	12.4279	1.95447	2.13165	12.62	97.3485	0	0	34183	43637.9	49559.9	52788.7	0	0	0	0	0	0	237
DATA	19:09:44:000	2023-12-03	570390	14.0982	620.321	0.101256	422.322	599.156	10.7848	0.0638017	17.9482	12.3584	16.1719	80.2992	255	0	0	12.4272	1.95446	2.13128	12.62	97.3474	0	0	34183.3	43637.6	49560.1	52788.5	0	0	0	0	0	0	150
DATA	19:09:45:000	2023-12-03	570690	14.1001	620.404	0.101267	422.383	598.964	10.7814	0.0637881	17.9426	12.3536	16.1726	80.2987	255	0	0	12.4279	1.95421	2.13265	12.62	97.3448	0	0	34183.8	43638.5	49561	52790.6	0	0	0	0	0	0	 60
DATA	19:09:46:000	2023-12-03	570990	14.1118	620.919	0.101331	422.714	599.187	10.7854	0.0638046	17.9484	12.3593	16.1729	80.3024	255	0	0	12.4279	1.95442	2.13178	12.62	97.3189	0	0	34169.3	43625.1	49542.8	52772.8	0	0	0	0	0	0	165
DATA	19:09:47:000	2023-12-03	571290	14.1088	620.787	0.101315	422.657	599.044	10.7828	0.0637941	17.9456	12.3557	16.1736	80.2963	255	0	0	12.4272	1.95436	2.13278	12.62	97.3502	0	0	34182.4	43639.6	49559.1	52791	0	0	0	0	0	0	 73
DATA	19:09:48:000	2023-12-03	571590	14.1144	621.034	0.101345	422.826	599.475	10.7905	0.0638264	17.9585	12.3667	16.174	80.2963	255	0	0	12.4272	1.95432	2.13128	12.62	97.3472	0	0	34179.8	43638.6	49556.2	52789.2	0	0	0	0	0	0	118
DATA	19:09:49:000	2023-12-03	571890	14.1127	620.959	0.101336	422.751	599.6	10.7928	0.0638363	17.9612	12.3698	16.1741	80.3008	255	0	0	12.4279	1.95416	2.13116	12.62	97.3416	0	0	34179.5	43637.4	49554.9	52788.3	0	0	0	0	0	0	 72
DATA	19:09:50:000	2023-12-03	572190	14.1183	621.205	0.101371	422.909	599.783	10.7961	0.0638531	17.9663	12.3745	16.1743	80.3028	255	0	0	12.4279	1.95435	2.13203	12.62	97.348	0	0	34178.9	43638.7	49555.8	52789.6	0	0	0	0	0	0	116
DATA	19:09:51:000	2023-12-03	572490	14.116	621.104	0.101355	422.851	599.806	10.7965	0.0638524	17.9674	12.3751	16.1742	80.3007	255	0	0	12.4272	1.95436	2.13328	12.62	97.3465	0	0	34177.5	43638	49552.8	52787.8	0	0	0	0	0	0	  4
DATA	19:09:52:000	2023-12-03	572790	14.1225	621.39	0.101389	423.051	599.869	10.7976	0.0638557	17.9695	12.3767	16.1741	80.2997	255	0	0	12.4272	1.95432	2.1334	12.62	97.3365	0	0	34175.2	43633.8	49548.7	52782.9	0	0	0	0	0	0	 93
DATA	19:09:53:000	2023-12-03	573090	14.1208	621.315	0.101381	423.004	600.183	10.8033	0.0638808	17.9792	12.3846	16.1744	80.2989	255	0	0	12.4272	1.95415	2.13165	12.62	97.3296	0	0	34174.5	43632.1	49547.2	52780.7	0	0	0	0	0	0	121
DATA	19:09:54:000	2023-12-03	573390	14.1231	621.416	0.101396	423.078	600.222	10.804	0.0638854	17.9805	12.3856	16.1747	80.2981	255	0	0	12.4272	1.95421	2.13228	12.62	97.3327	0	0	34174.2	43633	49545.8	52782.7	0	0	0	0	0	0	233
DATA	19:09:55:000	2023-12-03	573690	14.1259	621.54	0.101408	423.163	601.147	10.8206	0.0639537	18.0083	12.4091	16.1755	80.298	255	0	0	12.4272	1.95433	2.13265	12.62	97.3307	0	0	34171.6	43631.1	49540.9	52779.8	0	0	0	0	0	0	 19
DATA	19:09:56:000	2023-12-03	573990	14.1277	621.619	0.101418	423.23	601.187	10.8214	0.0639561	18.01	12.4102	16.1761	80.2958	255	0	0	12.4266	1.9544	2.1334	12.62	97.3342	0	0	34172.4	43632.1	49542.5	52782	0	0	0	0	0	0	  7
DATA	19:09:57:000	2023-12-03	574290	14.1344	621.914	0.101455	423.446	601.654	10.8298	0.0639916	18.0247	12.422	16.1767	80.293	255	0	0	12.4272	1.95437	2.13091	12.62	97.3262	0	0	34169	43628.8	49539.2	52779.1	0	0	0	0	0	0	204
DATA	19:09:58:000	2023-12-03	574590	14.1367	622.015	0.101467	423.527	601.366	10.8246	0.0639703	18.0165	12.4148	16.177	80.2909	255	0	0	12.4272	1.95415	2.13265	12.62	97.3343	0	0	34172.9	43634.2	49543.4	52783.9	0	0	0	0	0	0	 83
DATA	19:09:59:000	2023-12-03	574890	14.1355	621.962	0.101459	423.481	601.856	10.8334	0.064006	18.0308	12.4272	16.1776	80.2929	255	0	0	12.4272	1.95439	2.13315	12.62	97.3356	0	0	34172	43632.8	49542.9	52783.2	0	0	0	0	0	0	249
DATA	19:10:00:000	2023-12-03	575190	14.1368	622.019	0.101466	423.527	601.631	10.8294	0.0639883	18.0244	12.4215	16.1779	80.2917	255	0	0	12.4272	1.95418	2.13165	12.62	97.3337	0	0	34171.4	43633.7	49542.6	52783.3	0	0	0	0	0	0	117
DATA	19:10:01:000	2023-12-03	575490	14.1409	622.2	0.101487	423.663	601.556	10.828	0.063982	18.0227	12.4196	16.1784	80.2892	255	0	0	12.4266	1.95409	2.13377	12.62	97.3298	0	0	34169.7	43632.8	49539.4	52781.4	0	0	0	0	0	0	203
DATA	19:10:02:000	2023-12-03	575790	14.1372	622.037	0.101467	423.536	601.661	10.8299	0.0639903	18.0251	12.4223	16.1786	80.2924	255	0	0	12.4272	1.9542	2.13228	12.62	97.3277	0	0	34168.7	43630.9	49536.7	52779.1	0	0	0	0	0	0	 78
DATA	19:10:03:000	2023-12-03	576090	14.1417	622.235	0.101493	423.655	602.279	10.841	0.0640379	18.043	12.438	16.1795	80.2957	255	0	0	12.4272	1.95413	2.13303	12.62	97.3256	0	0	34168.9	43630.5	49537	52778.9	0	0	0	0	0	0	131
DATA	19:10:04:000	2023-12-03	576390	14.1357	621.971	0.101461	423.472	601.757	10.8316	0.0639987	18.0272	12.4248	16.1799	80.2964	255	0	0	12.4266	1.9544	2.13278	12.62	97.3395	0	0	34170.2	43634.5	49539.4	52783.3	0	0	0	0	0	0	101
DATA	19:10:05:000	2023-12-03	576690	14.1397	622.147	0.101482	423.623	602.266	10.8408	0.064037	18.0438	12.4377	16.1803	80.2905	255	0	0	12.4266	1.95438	2.13352	12.62	97.3415	0	0	34171.9	43635.5	49541.1	52784.3	0	0	0	0	0	0	 63
DATA	19:10:06:000	2023-12-03	576990	14.1425	622.27	0.101498	423.696	602.209	10.8398	0.0640332	18.0416	12.4363	16.1805	80.2927	255	0	0	12.4272	1.95418	2.13203	12.62	97.3345	0	0	34171.3	43634.1	49538.6	52782.5	0	0	0	0	0	0	 65
DATA	19:10:07:000	2023-12-03	577290	14.1455	622.402	0.101516	423.778	602.666	10.848	0.064069	18.055	12.4478	16.1807	80.2943	255	0	0	12.4272	1.95433	2.13203	12.62	97.3359	0	0	34170.9	43633.4	49538.5	52784.2	0	0	0	0	0	0	231
DATA	19:10:08:000	2023-12-03	577590	14.1524	622.706	0.101551	423.988	603.164	10.857	0.0641044	18.07	12.4604	16.1815	80.2938	255	0	0	12.4266	1.95435	2.1349	12.62	97.3383	0	0	34168.8	43634.3	49537.2	52783.2	0	0	0	0	0	0	183
DATA	19:10:09:000	2023-12-03	577890	14.1568	622.899	0.101578	424.129	603.213	10.8578	0.0641107	18.0719	12.4617	16.1818	80.2922	255	0	0	12.4266	1.95438	2.13365	12.62	97.3391	0	0	34168.4	43634.4	49536.2	52783.8	0	0	0	0	0	0	159
DATA	19:10:10:000	2023-12-03	578190	14.151	622.644	0.101547	423.935	602.973	10.8535	0.0640926	18.0638	12.4557	16.1821	80.2961	255	0	0	12.4259	1.95415	2.13303	12.62	97.3336	0	0	34168	43633.9	49535.3	52783.2	0	0	0	0	0	0	229
DATA	19:10:11:000	2023-12-03	578490	14.1553	622.833	0.10157	424.046	602.957	10.8532	0.0640914	18.0626	12.4553	16.1826	80.2997	255	0	0	12.4272	1.95433	2.13265	12.62	97.3332	0	0	34167.5	43632.2	49534.1	52782.9	0	0	0	0	0	0	 68
DATA	19:10:12:000	2023-12-03	578790	14.1585	622.974	0.101587	424.148	603.589	10.8646	0.064139	18.0818	12.4713	16.1831	80.2986	255	0	0	12.4259	1.95443	2.1329	12.62	97.3407	0	0	34169.7	43634.8	49536.9	52785.6	0	0	0	0	0	0	 77
DATA	19:10:13:000	2023-12-03	579090	14.1534	622.75	0.10156	424.031	603.645	10.8656	0.064144	18.085	12.4727	16.1833	80.2918	255	0	0	12.4286	1.95439	2.1329	12.62	97.3361	0	0	34166.2	43633.1	49532.6	52781.9	0	0	0	0	0	0	120
DATA	19:10:14:000	2023-12-03	579390	14.1713	623.537	0.101658	424.565	604.265	10.8768	0.0641907	18.1035	12.4883	16.1837	80.2925	255	0	0	12.4272	1.95431	2.13265	12.62	97.3326	0	0	34163.6	43632.2	49529.9	52780.6	0	0	0	0	0	0	139
DATA	19:10:15:000	2023-12-03	579690	14.1686	623.418	0.101643	424.46	603.892	10.8701	0.0641625	18.0913	12.4789	16.184	80.2971	255	0	0	12.4286	1.95412	2.13215	12.62	97.3302	0	0	34162	43632.7	49528	52780.9	0	0	0	0	0	0	 87
DATA	19:10:16:000	2023-12-03	579990	14.1679	623.388	0.10164	424.433	603.988	10.8718	0.0641699	18.0939	12.4814	16.1842	80.2982	255	0	0	12.4272	1.95443	2.13278	12.62	97.3407	0	0	34164.2	43634.7	49530.8	52783.6	0	0	0	0	0	0	123
DATA	19:10:17:000	2023-12-03	580290	14.1744	623.674	0.101672	424.65	604.402	10.8792	0.0641985	18.1073	12.4918	16.1846	80.2941	255	0	0	12.4279	1.95408	2.13352	12.62	97.329	0	0	34162.9	43632.5	49527.9	52782.2	0	0	0	0	0	0	 38
DATA	19:10:18:000	2023-12-03	580590	14.1716	623.55	0.101657	424.564	604.656	10.8838	0.0642177	18.1148	12.4983	16.1849	80.2946	255	0	0	12.4252	1.95432	2.13328	12.62	97.3317	0	0	34162.5	43631.6	49528.5	52780.1	0	0	0	0	0	0	 89
DATA	19:10:19:000	2023-12-03	580890	14.1637	623.203	0.101612	424.342	604.145	10.8746	0.0641786	18.1001	12.4854	16.1849	80.2919	255	0	0	12.4266	1.95429	2.13203	12.62	97.3266	0	0	34160.9	43629.6	49524.9	52776.3	0	0	0	0	0	0	126
DATA	19:10:20:000	2023-12-03	581190	14.1658	623.295	0.101627	424.383	604.174	10.8751	0.0641829	18.1	12.4861	16.1852	80.2961	255	0	0	12.4272	1.95412	2.13265	12.62	97.324	0	0	34162	43629.9	49526.3	52777.4	0	0	0	0	0	0	 74
DATA	19:10:21:000	2023-12-03	581490	14.1708	623.515	0.101652	424.559	604.321	10.8778	0.0641925	18.1055	12.4898	16.1854	80.2912	255	0	0	12.4272	1.95445	2.13377	12.62	97.3309	0	0	34162.4	43630.2	49526.3	52779.4	0	0	0	0	0	0	127
DATA	19:10:22:000	2023-12-03	581790	14.1454	622.398	0.101514	423.776	602.931	10.8528	0.0640878	18.063	12.4548	16.1857	80.2954	255	0	0	12.4266	1.95436	2.13352	12.62	97.3277	0	0	34164.9	43629.6	49529.1	52778.1	0	0	0	0	0	0	105
DATA	19:10:23:000	2023-12-03	582090	14.1771	623.792	0.101688	424.739	604.823	10.8868	0.0642313	18.1202	12.5025	16.1861	80.293	255	0	0	12.4259	1.95409	2.13303	12.62	97.3256	0	0	34160.9	43630.9	49525.3	52778.8	0	0	0	0	0	0	 75
DATA	19:10:24:000	2023-12-03	582390	14.1758	623.735	0.101682	424.692	604.692	10.8845	0.0642223	18.1159	12.4993	16.1867	80.2947	255	0	0	12.4259	1.95401	2.1329	12.62	97.3189	0	0	34158.3	43628.5	49520.7	52775.5	0	0	0	0	0	0	109
DATA	19:10:25:000	2023-12-03	582690	14.1731	623.616	0.101669	424.588	604.385	10.8789	0.0642007	18.1057	12.4915	16.187	80.2992	255	0	0	12.4259	1.95415	2.13303	12.62	97.3214	0	0	34158.8	43628.4	49521.1	52775.7	0	0	0	0	0	0	 92
DATA	19:10:26:000	2023-12-03	582990	14.1833	624.065	0.101723	424.89	605.115	10.8921	0.0642546	18.1275	12.51	16.1876	80.3	255	0	0	12.4252	1.95445	2.13328	12.62	97.3266	0	0	34158.1	43628.3	49521.5	52775.5	0	0	0	0	0	0	 69
DATA	19:10:27:000	2023-12-03	583290	14.1779	623.828	0.101695	424.773	605.05	10.8909	0.0642507	18.1274	12.5083	16.1881	80.2917	255	0	0	12.4259	1.95414	2.13402	12.62	97.3215	0	0	34160.8	43628.6	49523.3	52776.7	0	0	0	0	0	0	 89
DATA	19:10:28:000	2023-12-03	583590	14.1756	623.726	0.101681	424.653	605.099	10.8918	0.0642538	18.1267	12.5096	16.1883	80.3015	255	0	0	12.4252	1.95437	2.13265	12.62	97.3267	0	0	34158.7	43629	49521.8	52776.7	0	0	0	0	0	0	 62
DATA	19:10:29:000	2023-12-03	583890	14.1851	624.144	0.101734	424.944	605.096	10.8917	0.0642538	18.1269	12.5095	16.1889	80.3004	255	0	0	12.4245	1.95424	2.13228	12.62	97.3205	0	0	34156.3	43627.3	49517.3	52774.7	0	0	0	0	0	0	136
DATA	19:10:30:000	2023-12-03	584190	14.1889	624.312	0.101754	425.087	605.612	10.901	0.064292	18.1436	12.5226	16.1893	80.2949	255	0	0	12.4252	1.95435	2.1324	12.62	97.3259	0	0	34157	43628.8	49519.2	52776.9	0	0	0	0	0	0	139
DATA	19:10:31:000	2023-12-03	584490	14.1929	624.488	0.101777	425.149	605.851	10.9053	0.0643111	18.1483	12.5286	16.1896	80.306	255	0	0	12.4252	1.95445	2.13265	12.62	97.3205	0	0	34154.1	43625.6	49514.8	52772.8	0	0	0	0	0	0	 79
DATA	19:10:32:000	2023-12-03	584790	14.1868	624.219	0.101745	424.98	605.404	10.8973	0.0642783	18.1355	12.5174	16.19	80.3035	255	0	0	12.4252	1.95436	2.13352	12.62	97.321	0	0	34155.1	43626.6	49517.1	52774	0	0	0	0	0	0	 77
DATA	19:10:33:000	2023-12-03	585090	14.1609	623.08	0.1016	424.261	604.094	10.8737	0.0641768	18.0987	12.4844	16.1908	80.293	255	0	0	12.4252	1.95435	2.13452	12.62	97.3237	0	0	34158.4	43627.8	49520.4	52774.9	0	0	0	0	0	0	188
DATA	19:10:34:000	2023-12-03	585390	14.1858	624.175	0.101737	424.954	605.653	10.9018	0.0642956	18.1431	12.5237	16.1911	80.3031	255	0	0	12.4252	1.95435	2.13278	12.62	97.3243	0	0	34156.1	43628.1	49517	52774.8	0	0	0	0	0	0	 23
DATA	19:10:35:000	2023-12-03	585690	14.1967	624.655	0.101794	425.307	606.087	10.9096	0.0643265	18.1572	12.5346	16.1918	80.2983	255	0	0	12.4245	1.95439	2.13352	12.62	97.323	0	0	34154.5	43627.1	49515.6	52774.4	0	0	0	0	0	0	100
DATA	19:10:36:000	2023-12-03	585990	14.1986	624.738	0.101805	425.376	606.154	10.9108	0.0643321	18.1598	12.5364	16.1925	80.2961	255	0	0	12.4252	1.95414	2.13415	12.62	97.3206	0	0	34155.8	43628.2	49516.9	52776.7	0	0	0	0	0	0	147
DATA	19:10:37:000	2023-12-03	586290	14.1941	624.54	0.10178	425.234	606.235	10.9122	0.0643376	18.1619	12.5384	16.1929	80.2976	255	0	0	12.4252	1.95444	2.13465	12.62	97.3261	0	0	34155	43628.2	49515.9	52774.8	0	0	0	0	0	0	196
DATA	19:10:38:000	2023-12-03	586590	14.1856	624.166	0.101736	424.975	605.608	10.9009	0.0642922	18.1429	12.5227	16.1934	80.2985	255	0	0	12.4252	1.95445	2.1339	12.62	97.3272	0	0	34154.6	43628.5	49516.3	52775.4	0	0	0	0	0	0	101
DATA	19:10:39:000	2023-12-03	586890	14.2036	624.958	0.101834	425.519	606.239	10.9123	0.0643398	18.162	12.5386	16.194	80.2979	255	0	0	12.4238	1.95427	2.13315	12.62	97.318	0	0	34151.8	43625.9	49511.3	52773.6	0	0	0	0	0	0	  2
DATA	19:10:40:000	2023-12-03	587190	14.2084	625.17	0.101862	425.667	606.902	10.9242	0.0643908	18.1821	12.5552	16.1942	80.2972	255	0	0	12.4245	1.95455	2.13315	12.62	97.3255	0	0	34150.6	43627	49510.5	52773.7	0	0	0	0	0	0	224
DATA	19:10:41:000	2023-12-03	587490	14.184	624.096	0.101728	424.923	605.846	10.9052	0.0643105	18.1499	12.5287	16.1943	80.2996	255	0	0	12.4252	1.95435	2.13165	12.62	97.3243	0	0	34156.3	43628.1	49517.2	52775.2	0	0	0	0	0	0	 85
DATA	19:10:42:000	2023-12-03	587790	14.2084	625.17	0.10186	425.691	607.135	10.9284	0.0644071	18.1901	12.5611	16.1948	80.2927	255	0	0	12.4245	1.9544	2.13415	12.62	97.321	0	0	34148.4	43626.2	49508.2	52771.3	0	0	0	0	0	0	165
DATA	19:10:43:000	2023-12-03	588090	14.2113	625.297	0.101873	425.764	607.01	10.9262	0.0643955	18.1857	12.558	16.1954	80.2956	255	0	0	12.4252	1.95428	2.13415	12.62	97.3214	0	0	34148.9	43627.4	49510	52775.2	0	0	0	0	0	0	192
DATA	19:10:44:000	2023-12-03	588390	14.2154	625.478	0.101898	425.866	607.555	10.936	0.0644385	18.2012	12.5717	16.1955	80.2996	255	0	0	12.4245	1.9544	2.13427	12.62	97.3206	0	0	34148.7	43626	49508.2	52773.6	0	0	0	0	0	0	218
DATA	19:10:45:000	2023-12-03	588690	14.2169	625.544	0.101909	425.894	607.429	10.9337	0.0644313	18.1967	12.5685	16.1957	80.3027	255	0	0	12.4252	1.95425	2.1344	12.62	97.316	0	0	34147.9	43625.2	49507.1	52773	0	0	0	0	0	0	210
DATA	19:10:46:000	2023-12-03	588990	14.2171	625.552	0.101905	425.948	607.546	10.9358	0.0644365	18.2022	12.5715	16.1962	80.2938	255	0	0	12.4245	1.95433	2.1329	12.62	97.3209	0	0	34150.2	43626.7	49510.4	52773.5	0	0	0	0	0	0	 84
DATA	19:10:47:000	2023-12-03	589290	14.2093	625.209	0.101862	425.719	607.267	10.9308	0.0644149	18.1941	12.5645	16.1963	80.2929	255	0	0	12.4245	1.95406	2.13352	12.62	97.3136	0	0	34148.8	43625.7	49508.5	52772.5	0	0	0	0	0	0	151
DATA	19:10:48:000	2023-12-03	589590	14.2188	625.627	0.101918	425.933	607.493	10.9349	0.0644353	18.1978	12.5702	16.197	80.3065	255	0	0	12.4245	1.95431	2.13515	12.62	97.3231	0	0	34150.2	43627.9	49508.8	52774.8	0	0	0	0	0	0	107
DATA	19:10:49:000	2023-12-03	589890	14.215	625.46	0.101897	425.853	607.43	10.9337	0.0644302	18.1974	12.5687	16.1974	80.3002	255	0	0	12.4238	1.95436	2.1339	12.62	97.3224	0	0	34148.4	43627.1	49506.9	52775.1	0	0	0	0	0	0	203
