Model:	 LI-7500
SN:	75D-4923
Timestamp:	Dec 9 2023 at 13:14:47
DATAH	Time	Date	Sequence Number	CO2 (mmol/m^3)	CO2 (mg/m^3)	CO2 Absorptance	CO2 (umol/mol)	H2O (mmol/m^3)	H2O (g/m^3)	H2O Absorptance	H2O (mmol/mol)	Dew Point (C)	Temperature (C)	Pressure (kPa)	Diagnostic Value	Diagnostic Value 2	Diagnostic Word	DSI Vin (v)	Cooler Voltage (v)	Chopper Cooler Voltage (v)	Smart Flux Vin (v)	CO2 Signal Strength	Integral	Peak Height	CO2 Sample	CO2 Reference	H2O Sample	H2O Reference	CH4 Seconds	CH4 Nano Seconds	CH4 (umol/mol)	CH4 (mmol/m^3)	CH4 Signal Strength (RSSI)	CH4 Diagnostic Value	CHK
DATA	21:14:44:000	2023-12-09	439320	14.2241	625.86	0.101372	432.279	658.993	11.8619	0.0677942	20.0272	13.6695	13.444	78.4039	255	0	0	13.0591	1.92556	2.04574	13.22	96.8982	0	0	34196.9	43667.9	50078	53603.8	0	0	0	0	0	0	227
DATA	21:14:45:000	2023-12-09	439620	14.2291	626.08	0.101397	432.438	658.754	11.8576	0.0677759	20.0203	13.664	13.444	78.4026	255	0	0	13.0598	1.92553	2.04649	13.22	96.9605	0	0	34218.6	43696.2	50095.1	53625.2	0	0	0	0	0	0	249
DATA	21:14:46:000	2023-12-09	439920	14.2057	625.051	0.101275	431.753	658.246	11.8484	0.0677427	20.006	13.6521	13.4449	78.3982	255	0	0	13.0598	1.92551	2.04674	13.22	96.9556	0	0	34221.8	43694.1	50098.7	53624	0	0	0	0	0	0	250
DATA	21:14:47:000	2023-12-09	440220	14.2094	625.214	0.101294	431.833	658.3	11.8494	0.0677455	20.0062	13.6534	13.4455	78.4042	255	0	0	13.0604	1.92564	2.04624	13.22	97.0482	0	0	34255.6	43734.9	50137	53659.1	0	0	0	0	0	0	155
DATA	21:14:48:000	2023-12-09	440520	14.1968	624.659	0.101226	431.448	656.893	11.8241	0.0676431	19.9633	13.6206	13.4465	78.4049	255	0	0	13.0591	1.9258	2.04599	13.22	97.0248	0	0	34245.2	43723.1	50122.4	53644.9	0	0	0	0	0	0	 85
DATA	21:14:49:000	2023-12-09	440820	14.1825	624.03	0.101145	431.073	653.463	11.7623	0.0673915	19.8618	13.5402	13.4474	78.3942	255	0	0	13.0591	1.92539	2.04649	13.22	97.0494	0	0	34256.7	43737.3	50143.1	53664.8	0	0	0	0	0	0	 73
DATA	21:14:50:000	2023-12-09	441120	14.1863	624.197	0.101165	431.181	654.81	11.7866	0.0674886	19.9024	13.5719	13.4484	78.3959	255	0	0	13.0598	1.92562	2.04387	13.22	97.2684	0	0	34334.8	43834.2	50223.3	53746.2	0	0	0	0	0	0	 99
DATA	21:14:51:000	2023-12-09	441420	14.1807	623.951	0.101134	431.003	654.254	11.7766	0.0674477	19.8852	13.5589	13.4499	78.3977	255	0	0	13.0604	1.92562	2.04599	13.22	97.1227	0	0	34284.2	43768.6	50166.7	53686.7	0	0	0	0	0	0	162
DATA	21:14:52:000	2023-12-09	441720	14.1847	624.127	0.101156	431.148	653.172	11.7571	0.0673691	19.8533	13.5336	13.4514	78.3939	255	0	0	13.0591	1.92534	2.04562	13.22	97.1012	0	0	34282.5	43761.1	50166.5	53679.2	0	0	0	0	0	0	111
DATA	21:14:53:000	2023-12-09	442020	14.1624	623.146	0.101034	430.448	652.214	11.7399	0.0672981	19.8232	13.5111	13.453	78.3984	255	0	0	13.0598	1.92541	2.04649	13.22	97.1337	0	0	34293.2	43775.2	50179.2	53687.3	0	0	0	0	0	0	 65
DATA	21:14:54:000	2023-12-09	442320	14.1523	622.701	0.100983	430.115	651.325	11.7239	0.0672361	19.795	13.4903	13.455	78.4036	255	0	0	13.0598	1.92545	2.04661	13.22	97.1709	0	0	34303.8	43791.7	50192.9	53705.3	0	0	0	0	0	0	  5
DATA	21:14:55:000	2023-12-09	442620	14.1758	623.735	0.101109	430.863	651.742	11.7314	0.0672653	19.8092	13.5002	13.4567	78.398	255	0	0	13.0598	1.9257	2.04499	13.22	97.1777	0	0	34307.4	43792.8	50199.2	53706.1	0	0	0	0	0	0	 46
DATA	21:14:56:000	2023-12-09	442920	14.1538	622.767	0.10099	430.196	650.736	11.7132	0.0671923	19.7787	13.4766	13.4587	78.3982	255	0	0	13.0598	1.92552	2.04611	13.22	97.1703	0	0	34305.8	43790.8	50198.9	53702	0	0	0	0	0	0	 15
DATA	21:14:57:000	2023-12-09	443220	14.1661	623.308	0.101054	430.592	650.815	11.7147	0.0671966	19.7821	13.4786	13.4609	78.3948	255	0	0	13.0598	1.92548	2.04562	13.22	97.1408	0	0	34293.6	43777.8	50187.4	53689.9	0	0	0	0	0	0	169
DATA	21:14:58:000	2023-12-09	443520	14.1794	623.894	0.101127	430.974	649.617	11.6931	0.0671098	19.7447	13.4504	13.4631	78.3995	255	0	0	13.0598	1.92545	2.04524	13.22	97.1124	0	0	34282.7	43765.3	50178.7	53675.8	0	0	0	0	0	0	166
DATA	21:14:59:000	2023-12-09	443820	14.1807	623.951	0.101136	430.989	650.448	11.7081	0.0671718	19.7688	13.4702	13.4652	78.4045	255	0	0	13.0591	1.92554	2.04599	13.22	97.1309	0	0	34293.2	43772.9	50190.1	53684.9	0	0	0	0	0	0	152
DATA	21:15:00:000	2023-12-09	444120	14.1489	622.552	0.100962	430.04	648.585	11.6745	0.0670344	19.713	13.4263	13.4675	78.4019	255	0	0	13.0611	1.92531	2.04599	13.22	97.151	0	0	34300.3	43783.7	50198.6	53692.1	0	0	0	0	0	0	206
DATA	21:15:01:000	2023-12-09	444420	14.1642	623.225	0.101048	430.474	648.083	11.6655	0.0670005	19.6964	13.4145	13.4698	78.4081	255	0	0	13.0611	1.92544	2.04574	13.22	97.1501	0	0	34304.1	43782.3	50201.9	53688.1	0	0	0	0	0	0	 85
DATA	21:15:02:000	2023-12-09	444720	14.171	623.524	0.101087	430.684	647.127	11.6483	0.0669322	19.6674	13.392	13.4724	78.4083	255	0	0	13.0611	1.92565	2.04462	13.22	97.121	0	0	34286.3	43767.7	50184.8	53673.1	0	0	0	0	0	0	219
DATA	21:15:03:000	2023-12-09	445020	14.1685	623.414	0.101067	430.652	646.438	11.6359	0.0668766	19.6485	13.3758	13.4749	78.401	255	0	0	13.0618	1.92565	2.04574	13.22	97.1084	0	0	34279.9	43761.9	50181.6	53669.1	0	0	0	0	0	0	103
DATA	21:15:04:000	2023-12-09	445320	14.1764	623.762	0.101111	430.898	647.17	11.6491	0.0669309	19.671	13.3933	13.4772	78.4005	255	0	0	13.0598	1.92538	2.04586	13.22	97.1208	0	0	34288	43769.6	50188.8	53674.7	0	0	0	0	0	0	213
DATA	21:15:05:000	2023-12-09	445620	14.175	623.7	0.101103	430.848	645.484	11.6187	0.0668072	19.6194	13.3534	13.4801	78.4027	255	0	0	13.0611	1.92556	2.04586	13.22	97.0985	0	0	34278.1	43758.2	50183.6	53665.3	0	0	0	0	0	0	230
DATA	21:15:06:000	2023-12-09	445920	14.1825	624.03	0.101146	431.123	645.116	11.6121	0.0667825	19.6104	13.3448	13.4828	78.3949	255	0	0	13.0604	1.92545	2.04586	13.22	97.0986	0	0	34279.2	43759.1	50186.7	53662.2	0	0	0	0	0	0	 72
DATA	21:15:07:000	2023-12-09	446220	14.1831	624.056	0.101146	431.123	644.904	11.6083	0.0667645	19.6031	13.3399	13.4854	78.3988	255	0	0	13.0611	1.92559	2.04624	13.22	97.0788	0	0	34271.6	43749.1	50177.2	53649.9	0	0	0	0	0	0	135
DATA	21:15:08:000	2023-12-09	446520	14.1844	624.114	0.101156	431.142	644.191	11.5954	0.0667142	19.5805	13.3231	13.4885	78.4034	255	0	0	13.0598	1.92547	2.04574	13.22	97.0631	0	0	34267.8	43742.9	50172.7	53647.1	0	0	0	0	0	0	116
DATA	21:15:09:000	2023-12-09	446820	14.1966	624.65	0.101219	431.554	643.722	11.587	0.0666771	19.5681	13.3121	13.4909	78.3967	255	0	0	13.0611	1.92551	2.04661	13.22	97.0514	0	0	34259.2	43737.3	50170.5	53637	0	0	0	0	0	0	182
DATA	21:15:10:000	2023-12-09	447120	14.1754	623.718	0.101107	430.875	642.736	11.5692	0.0666071	19.5366	13.2887	13.4932	78.4035	255	0	0	13.0591	1.92563	2.04574	13.22	97.0368	0	0	34253.5	43729.8	50164.1	53630.7	0	0	0	0	0	0	124
DATA	21:15:11:000	2023-12-09	447420	14.1996	624.782	0.101238	431.653	642.348	11.5623	0.0665792	19.5267	13.2796	13.4958	78.3966	255	0	0	13.0598	1.92562	2.04462	13.22	97.009	0	0	34245.5	43717.4	50154.4	53618.1	0	0	0	0	0	0	101
DATA	21:15:12:000	2023-12-09	447720	14.1949	624.576	0.101212	431.487	641.515	11.5473	0.0665173	19.5004	13.2598	13.498	78.4013	255	0	0	13.0604	1.92561	2.04574	13.22	96.9831	0	0	34233	43705.7	50144.9	53603.7	0	0	0	0	0	0	220
DATA	21:15:13:000	2023-12-09	448020	14.1919	624.444	0.101194	431.422	641.009	11.5382	0.0664795	19.4861	13.2478	13.4992	78.397	255	0	0	13.0598	1.92555	2.04636	13.22	96.9607	0	0	34226	43696.1	50140.6	53595.4	0	0	0	0	0	0	251
DATA	21:15:14:000	2023-12-09	448320	14.2011	624.848	0.101245	431.678	640.263	11.5247	0.0664253	19.4624	13.23	13.5006	78.4016	255	0	0	13.0591	1.92557	2.04499	13.22	96.9496	0	0	34222.5	43691	50136.2	53591	0	0	0	0	0	0	 61
DATA	21:15:15:000	2023-12-09	448620	14.1927	624.479	0.101198	431.445	640.664	11.532	0.066453	19.4756	13.2397	13.5029	78.3981	255	0	0	13.0591	1.92551	2.04574	13.22	96.9362	0	0	34215.5	43685.4	50131.5	53586.4	0	0	0	0	0	0	 38
DATA	21:15:16:000	2023-12-09	448920	14.2021	624.892	0.101249	431.73	639.54	11.5117	0.0663714	19.4414	13.213	13.5053	78.3989	255	0	0	13.0598	1.92559	2.04649	13.22	96.9135	0	0	34205.2	43674.5	50124.3	53574.9	0	0	0	0	0	0	231
DATA	21:15:17:000	2023-12-09	449220	14.2056	625.046	0.10127	431.812	639.674	11.5141	0.0663829	19.4444	13.2163	13.508	78.4042	255	0	0	13.0598	1.92533	2.04636	13.22	96.8858	0	0	34198.3	43664	50118	53565.2	0	0	0	0	0	0	 81
DATA	21:15:18:000	2023-12-09	449520	14.2036	624.958	0.101257	431.791	639.051	11.5029	0.0663346	19.4272	13.2015	13.5106	78.3976	255	0	0	13.0598	1.9256	2.04537	13.22	96.8635	0	0	34188.2	43652	50109	53552.3	0	0	0	0	0	0	135
DATA	21:15:19:000	2023-12-09	449820	14.2143	625.429	0.101316	432.089	638.134	11.4864	0.0662691	19.3981	13.1797	13.5129	78.4032	255	0	0	13.0598	1.92549	2.04586	13.22	96.8406	0	0	34180.4	43642.4	50103.2	53543.4	0	0	0	0	0	0	130
DATA	21:15:20:000	2023-12-09	450120	14.2241	625.86	0.10137	432.404	637.888	11.482	0.0662512	19.3914	13.1739	13.5151	78.4007	255	0	0	13.0598	1.92523	2.04611	13.22	96.8022	0	0	34166.8	43627.2	50090.5	53529.7	0	0	0	0	0	0	195
DATA	21:15:21:000	2023-12-09	450420	14.2191	625.64	0.10134	432.271	637.169	11.469	0.0661962	19.3704	13.1567	13.5172	78.3979	255	0	0	13.0598	1.92552	2.04736	13.22	96.7916	0	0	34161.8	43620.2	50086.5	53521.8	0	0	0	0	0	0	226
DATA	21:15:22:000	2023-12-09	450720	14.2274	626.006	0.101384	432.55	636.542	11.4578	0.0661488	19.3525	13.1418	13.5196	78.3937	255	0	0	13.0598	1.92542	2.04636	13.22	96.7563	0	0	34149.9	43605	50076.1	53508.7	0	0	0	0	0	0	240
DATA	21:15:23:000	2023-12-09	451020	14.2332	626.261	0.10142	432.679	636.336	11.454	0.0661375	19.3441	13.1369	13.5216	78.4028	255	0	0	13.0598	1.92544	2.04724	13.22	96.7353	0	0	34138.9	43595.4	50067.2	53499.3	0	0	0	0	0	0	 11
DATA	21:15:24:000	2023-12-09	451320	14.2426	626.674	0.101466	433.015	635.945	11.447	0.0661053	19.3345	13.1276	13.5237	78.3942	255	0	0	13.0591	1.92548	2.04661	13.22	96.7105	0	0	34128.7	43583.9	50061.4	53484.8	0	0	0	0	0	0	 63
DATA	21:15:25:000	2023-12-09	451620	14.2326	626.234	0.101411	432.716	634.39	11.419	0.0659897	19.2875	13.0902	13.5256	78.3938	255	0	0	13.0598	1.92531	2.04674	13.22	96.6798	0	0	34116.7	43571.4	50050.8	53474.1	0	0	0	0	0	0	 33
DATA	21:15:26:000	2023-12-09	451920	14.2538	627.167	0.101529	433.342	634.921	11.4286	0.0660322	19.3028	13.1032	13.5275	78.3977	255	0	0	13.0598	1.92528	2.04574	13.22	96.6575	0	0	34108	43561.6	50042.6	53465	0	0	0	0	0	0	180
DATA	21:15:27:000	2023-12-09	452220	14.2384	626.49	0.101447	432.863	633.983	11.4117	0.0659638	19.2738	13.0806	13.5294	78.4002	255	0	0	13.0591	1.92548	2.04699	13.22	96.641	0	0	34104.2	43552.6	50039.6	53456.5	0	0	0	0	0	0	 28
DATA	21:15:28:000	2023-12-09	452520	14.243	626.692	0.101472	433.005	633.092	11.3957	0.065898	19.2468	13.0592	13.5313	78.4003	255	0	0	13.0591	1.92552	2.04611	13.22	96.6132	0	0	34091.7	43539.7	50028.2	53443.6	0	0	0	0	0	0	254
DATA	21:15:29:000	2023-12-09	452820	14.253	627.132	0.101523	433.311	632.705	11.3887	0.0658676	19.2351	13.0499	13.533	78.4004	255	0	0	13.0598	1.92542	2.04661	13.22	96.5795	0	0	34080.2	43525.3	50018.1	53431.8	0	0	0	0	0	0	253
DATA	21:15:30:000	2023-12-09	453120	14.2607	627.471	0.101567	433.568	632.749	11.3895	0.0658718	19.2375	13.0511	13.5351	78.3968	255	0	0	13.0591	1.92543	2.04661	13.22	96.5595	0	0	34072.7	43516.2	50012.2	53423.7	0	0	0	0	0	0	120
DATA	21:15:31:000	2023-12-09	453420	14.2581	627.356	0.101554	433.469	632.519	11.3853	0.0658566	19.2296	13.0456	13.5369	78.4009	255	0	0	13.0598	1.92557	2.04774	13.22	96.5412	0	0	34064	43507	50005.9	53414.9	0	0	0	0	0	0	195
DATA	21:15:32:000	2023-12-09	453720	14.2683	627.805	0.101608	433.783	632.388	11.383	0.0658456	19.2258	13.0426	13.5384	78.4006	255	0	0	13.0598	1.92536	2.04711	13.22	96.4975	0	0	34048.2	43488.9	49986.5	53398.4	0	0	0	0	0	0	120
DATA	21:15:33:000	2023-12-09	454020	14.2745	628.078	0.101641	433.961	631.966	11.3754	0.065814	19.2125	13.0325	13.5403	78.4031	255	0	0	13.0598	1.92556	2.04699	13.22	96.4751	0	0	34038.8	43477.2	49981.4	53387.3	0	0	0	0	0	0	 85
DATA	21:15:34:000	2023-12-09	454320	14.2675	627.77	0.101601	433.785	631.109	11.36	0.0657494	19.1881	13.0118	13.542	78.3969	255	0	0	13.0591	1.92566	2.04699	13.22	96.4561	0	0	34032.8	43467.9	49976.8	53378.9	0	0	0	0	0	0	224
DATA	21:15:35:000	2023-12-09	454620	14.2684	627.81	0.101608	433.814	630.789	11.3542	0.0657273	19.1784	13.0041	13.544	78.3972	255	0	0	13.0591	1.92543	2.04674	13.22	96.4259	0	0	34022.9	43456	49967.6	53366.8	0	0	0	0	0	0	206
DATA	21:15:36:000	2023-12-09	454920	14.2738	628.047	0.101635	434.011	629.984	11.3397	0.065666	19.1554	12.9847	13.5456	78.3916	255	0	0	13.0591	1.92543	2.04711	13.22	96.4002	0	0	34014.6	43444.5	49960.8	53355.5	0	0	0	0	0	0	 91
DATA	21:15:37:000	2023-12-09	455220	14.2772	628.197	0.101653	434.088	630.313	11.3456	0.0656903	19.1642	12.9928	13.5474	78.3969	255	0	0	13.0598	1.92538	2.04611	13.22	96.3715	0	0	34003.2	43431.9	49949.4	53343	0	0	0	0	0	0	 47
DATA	21:15:38:000	2023-12-09	455520	14.2807	628.351	0.101672	434.191	629.723	11.335	0.0656467	19.1461	12.9785	13.5487	78.3979	255	0	0	13.0584	1.92552	2.04661	13.22	96.3487	0	0	33991	43420.5	49940.8	53331.3	0	0	0	0	0	0	 10
DATA	21:15:39:000	2023-12-09	455820	14.2839	628.492	0.101692	434.269	629.328	11.3279	0.0656197	19.1333	12.969	13.5502	78.4018	255	0	0	13.0598	1.92574	2.04611	13.22	96.3277	0	0	33981.1	43409.4	49932	53323.6	0	0	0	0	0	0	 14
DATA	21:15:40:000	2023-12-09	456120	14.2857	628.571	0.101699	434.324	629.033	11.3226	0.0655959	19.1243	12.9619	13.5517	78.4022	255	0	0	13.0598	1.92528	2.04823	13.22	96.2847	0	0	33970.5	43393.5	49918.7	53307.9	0	0	0	0	0	0	158
DATA	21:15:41:000	2023-12-09	456420	14.2819	628.404	0.101682	434.215	628.663	11.3159	0.0655712	19.1133	12.953	13.553	78.4014	255	0	0	13.0598	1.92544	2.04661	13.22	96.2534	0	0	33956.2	43378.2	49908.6	53293.4	0	0	0	0	0	0	 25
DATA	21:15:42:000	2023-12-09	456720	14.289	628.716	0.101718	434.434	627.941	11.3029	0.0655159	19.0915	12.9355	13.5544	78.4011	255	0	0	13.0598	1.92552	2.04699	13.22	96.2302	0	0	33946.8	43367.2	49900.6	53284.1	0	0	0	0	0	0	 93
DATA	21:15:43:000	2023-12-09	457020	14.296	629.024	0.101753	434.7	627.556	11.296	0.0654851	19.0822	12.9262	13.555	78.3917	255	0	0	13.0598	1.92547	2.04724	13.22	96.2017	0	0	33938.1	43354.7	49891.8	53271.4	0	0	0	0	0	0	147
DATA	21:15:44:000	2023-12-09	457320	14.3006	629.226	0.10178	434.784	627.205	11.2897	0.0654614	19.0691	12.9176	13.5556	78.4019	255	0	0	13.0591	1.92549	2.04798	13.22	96.1669	0	0	33926.8	43338.9	49879.3	53255.2	0	0	0	0	0	0	127
DATA	21:15:45:000	2023-12-09	457620	14.305	629.42	0.101807	434.908	626.829	11.2829	0.0654355	19.0572	12.9085	13.5562	78.4038	255	0	0	13.0598	1.92553	2.04624	13.22	96.1356	0	0	33914.3	43324.4	49869.2	53241.4	0	0	0	0	0	0	 39
DATA	21:15:46:000	2023-12-09	457920	14.3047	629.407	0.101802	434.887	626.521	11.2774	0.0654104	19.0473	12.9011	13.5574	78.4064	255	0	0	13.0598	1.92552	2.04774	13.22	96.1078	0	0	33901.7	43312	49855.5	53231.2	0	0	0	0	0	0	 22
DATA	21:15:47:000	2023-12-09	458220	14.3062	629.473	0.101813	434.961	626.025	11.2685	0.0653755	19.0334	12.889	13.5585	78.4016	255	0	0	13.0598	1.92563	2.04724	13.22	96.0853	0	0	33893.7	43301	49853.3	53222.3	0	0	0	0	0	0	242
DATA	21:15:48:000	2023-12-09	458520	14.3047	629.407	0.101804	434.928	625.425	11.2576	0.065331	19.0158	12.8744	13.5597	78.3996	255	0	0	13.0591	1.92507	2.04674	13.22	96.0528	0	0	33885.6	43290.6	49845.7	53213.4	0	0	0	0	0	0	110
DATA	21:15:49:000	2023-12-09	458820	14.3154	629.878	0.101862	435.225	625.67	11.2621	0.0653491	19.022	12.8805	13.5611	78.4051	255	0	0	13.0598	1.92549	2.04674	13.22	96.0433	0	0	33879.7	43283.1	49841.1	53206.8	0	0	0	0	0	0	 38
DATA	21:15:50:000	2023-12-09	459120	14.3141	629.82	0.101856	435.213	625.444	11.258	0.0653332	19.0163	12.875	13.5625	78.4005	255	0	0	13.0598	1.92514	2.04649	13.22	96.0096	0	0	33868.7	43270.7	49829.9	53194.6	0	0	0	0	0	0	238
DATA	21:15:51:000	2023-12-09	459420	14.3169	629.944	0.10187	435.269	624.757	11.2456	0.0652814	18.9942	12.8583	13.5637	78.406	255	0	0	13.0591	1.92536	2.04761	13.22	95.9976	0	0	33860.4	43263.6	49823.7	53187.4	0	0	0	0	0	0	 80
DATA	21:15:52:000	2023-12-09	459720	14.3207	630.111	0.101889	435.436	624.444	11.24	0.0652566	18.9869	12.8507	13.5652	78.3972	255	0	0	13.0598	1.92544	2.04798	13.22	95.9818	0	0	33855.3	43255.8	49820.9	53181.5	0	0	0	0	0	0	 70
DATA	21:15:53:000	2023-12-09	460020	14.3234	630.23	0.101903	435.523	624.976	11.2496	0.0652958	19.0033	12.8638	13.5665	78.3967	255	0	0	13.0591	1.92535	2.04761	13.22	95.9529	0	0	33843.9	43243.4	49809.5	53170.7	0	0	0	0	0	0	 89
DATA	21:15:54:000	2023-12-09	460320	14.3201	630.084	0.101886	435.416	624.449	11.2401	0.0652572	18.987	12.851	13.5678	78.3982	255	0	0	13.0591	1.92538	2.04699	13.22	95.9182	0	0	33832.9	43227.6	49794.8	53154.4	0	0	0	0	0	0	 52
DATA	21:15:55:000	2023-12-09	460620	14.336	630.784	0.101971	435.888	623.724	11.227	0.0652032	18.9644	12.8333	13.5694	78.4007	255	0	0	13.0598	1.9252	2.04736	13.22	95.8916	0	0	33820.9	43216.9	49787.6	53142.7	0	0	0	0	0	0	  0
DATA	21:15:56:000	2023-12-09	460920	14.3298	630.511	0.101937	435.719	623.089	11.2156	0.0651556	18.9459	12.8178	13.5706	78.3976	255	0	0	13.0598	1.92525	2.04811	13.22	95.8704	0	0	33812.8	43207.1	49780.1	53134.5	0	0	0	0	0	0	150
DATA	21:15:57:000	2023-12-09	461220	14.3327	630.639	0.101959	435.767	623.291	11.2192	0.0651757	18.9503	12.8229	13.5718	78.4052	255	0	0	13.0598	1.92559	2.04798	13.22	95.839	0	0	33801.8	43190.3	49764.7	53119.6	0	0	0	0	0	0	117
DATA	21:15:58:000	2023-12-09	461520	14.339	630.916	0.101987	436.003	622.615	11.2071	0.0651209	18.9317	12.8063	13.5729	78.3975	255	0	0	13.0591	1.92549	2.04736	13.22	95.8177	0	0	33794.9	43181.5	49761.9	53111.5	0	0	0	0	0	0	 96
DATA	21:15:59:000	2023-12-09	461820	14.3389	630.912	0.101988	435.998	622.035	11.1966	0.0650791	18.914	12.7922	13.5744	78.3981	255	0	0	13.0598	1.92542	2.04749	13.22	95.7973	0	0	33786	43172.8	49756.3	53103.4	0	0	0	0	0	0	 37
DATA	21:16:00:000	2023-12-09	462120	14.3475	631.29	0.102037	436.22	622.808	11.2105	0.0651384	18.9358	12.8112	13.5753	78.4056	255	0	0	13.0598	1.92533	2.04761	13.22	95.7684	0	0	33775.1	43160.5	49742.8	53090.2	0	0	0	0	0	0	  4
DATA	21:16:01:000	2023-12-09	462420	14.3412	631.013	0.101997	436.081	621.664	11.19	0.0650488	18.9033	12.7832	13.5765	78.3964	255	0	0	13.0598	1.92539	2.04774	13.22	95.7469	0	0	33767	43150.3	49735.2	53078.3	0	0	0	0	0	0	197
DATA	21:16:02:000	2023-12-09	462720	14.3464	631.242	0.102029	436.199	621.378	11.1848	0.0650307	18.8929	12.7762	13.5775	78.4039	255	0	0	13.0598	1.92554	2.04923	13.22	95.7272	0	0	33758.3	43140.3	49726.7	53071.1	0	0	0	0	0	0	139
DATA	21:16:03:000	2023-12-09	463020	14.3538	631.567	0.102067	436.459	621.125	11.1802	0.0650104	18.8867	12.7701	13.5791	78.3981	255	0	0	13.0598	1.92541	2.04774	13.22	95.691	0	0	33746.9	43125	49714.8	53056.6	0	0	0	0	0	0	240
DATA	21:16:04:000	2023-12-09	463320	14.3489	631.352	0.102042	436.279	621.325	11.1839	0.0650264	18.8914	12.7751	13.58	78.4038	255	0	0	13.0604	1.92548	2.04936	13.22	95.6632	0	0	33736.2	43111.9	49703	53044.7	0	0	0	0	0	0	168
DATA	21:16:05:000	2023-12-09	463620	14.353	631.532	0.102062	436.409	620.267	11.1648	0.0649462	18.8595	12.7491	13.5808	78.4032	255	0	0	13.0598	1.92541	2.04798	13.22	95.6424	0	0	33728.9	43103.1	49699.7	53036.1	0	0	0	0	0	0	 87
DATA	21:16:06:000	2023-12-09	463920	14.3551	631.624	0.102077	436.457	620.478	11.1686	0.0649646	18.8652	12.7543	13.582	78.4063	255	0	0	13.0591	1.92534	2.04736	13.22	95.6233	0	0	33722.5	43095	49692.9	53029.6	0	0	0	0	0	0	253
DATA	21:16:07:000	2023-12-09	464220	14.3586	631.778	0.102091	436.587	620.643	11.1716	0.0649735	18.8712	12.7585	13.5835	78.4025	254	0	0	13.0598	1.92547	2.04848	13.22	95.6006	0	0	33714	43083.8	49686.3	53019.8	0	0	0	0	0	0	 63
DATA	21:16:08:000	2023-12-09	464520	14.358	631.752	0.102091	436.555	620.891	11.176	0.064994	18.8782	12.7646	13.5843	78.4052	254	0	0	13.0598	1.92548	2.04798	13.22	95.588	0	0	33707.9	43078.1	49679.3	53013.1	0	0	0	0	0	0	223
DATA	21:16:09:000	2023-12-09	464820	14.3619	631.924	0.102107	436.742	619.761	11.1557	0.0649067	18.8468	12.7369	13.586	78.3934	254	0	0	13.0598	1.92551	2.04848	13.22	95.5715	0	0	33699.4	43070.4	49674.5	53006.6	0	0	0	0	0	0	124
DATA	21:16:10:000	2023-12-09	465120	14.3584	631.77	0.102091	436.604	619.159	11.1449	0.064864	18.8271	12.7221	13.5872	78.3993	254	0	0	13.0591	1.92535	2.04786	13.22	95.5405	0	0	33691.2	43057.6	49666.5	52995.9	0	0	0	0	0	0	 54
DATA	21:16:11:000	2023-12-09	465420	14.3557	631.651	0.102079	436.518	619.675	11.1541	0.0649045	18.8426	12.7349	13.5883	78.4003	254	0	0	13.0598	1.92561	2.04811	13.22	95.5144	0	0	33680.7	43043.9	49655.9	52982.3	0	0	0	0	0	0	144
DATA	21:16:12:000	2023-12-09	465720	14.3529	631.528	0.102059	436.449	618.778	11.138	0.0648343	18.816	12.7129	13.5898	78.3979	254	0	0	13.0598	1.92556	2.04886	13.22	95.4893	0	0	33671.2	43033	49646.6	52972	0	0	0	0	0	0	149
DATA	21:16:13:000	2023-12-09	466020	14.3709	632.32	0.102161	436.956	618.207	11.1277	0.064795	18.797	12.6988	13.5904	78.4052	254	0	0	13.0604	1.92554	2.04811	13.22	95.4616	0	0	33664	43020.6	49639.1	52960.8	0	0	0	0	0	0	135
DATA	21:16:14:000	2023-12-09	466320	14.3733	632.425	0.102172	437.044	618.264	11.1288	0.0647976	18.7993	12.7003	13.5913	78.4028	254	0	0	13.0591	1.92538	2.04873	13.22	95.4312	0	0	33652.8	43008.1	49629.1	52948.7	0	0	0	0	0	0	133
DATA	21:16:15:000	2023-12-09	466620	14.3729	632.408	0.102172	437.037	617.581	11.1165	0.0647486	18.7788	12.6835	13.5922	78.4021	254	0	0	13.0598	1.92547	2.04811	13.22	95.4173	0	0	33645.6	43001.2	49624.4	52941.1	0	0	0	0	0	0	126
DATA	21:16:16:000	2023-12-09	466920	14.3778	632.623	0.102196	437.175	617.105	11.1079	0.0647115	18.7639	12.6718	13.5936	78.4044	254	0	0	13.0591	1.92551	2.04736	13.22	95.3993	0	0	33638.1	42992.8	49617	52934.2	0	0	0	0	0	0	 63
DATA	21:16:17:000	2023-12-09	467220	14.3747	632.487	0.102179	437.089	617.347	11.1122	0.0647292	18.7715	12.6778	13.5944	78.4033	254	0	0	13.0591	1.92552	2.04749	13.22	95.3756	0	0	33629.1	42982	49609.6	52924.3	0	0	0	0	0	0	 68
DATA	21:16:18:000	2023-12-09	467520	14.3809	632.76	0.102214	437.286	617.016	11.1063	0.0647058	18.7618	12.6697	13.5952	78.402	254	0	0	13.0591	1.92539	2.04886	13.22	95.3429	0	0	33618.6	42968.3	49599.2	52910.5	0	0	0	0	0	0	 61
DATA	21:16:19:000	2023-12-09	467820	14.3804	632.738	0.102212	437.239	616.561	11.0981	0.0646727	18.7467	12.6585	13.5962	78.4079	254	0	0	13.0598	1.92524	2.04774	13.22	95.317	0	0	33611.1	42957.7	49590.2	52901.4	0	0	0	0	0	0	106
DATA	21:16:20:000	2023-12-09	468120	14.3876	633.054	0.102251	437.476	616.21	11.0918	0.0646463	18.7368	12.6498	13.5969	78.4049	254	0	0	13.0591	1.92543	2.04873	13.22	95.301	0	0	33603.6	42949.1	49586.1	52892.6	0	0	0	0	0	0	 49
DATA	21:16:21:000	2023-12-09	468420	14.3877	633.059	0.102251	437.46	615.921	11.0866	0.0646244	18.7271	12.6427	13.5976	78.4085	254	0	0	13.0604	1.92529	2.04923	13.22	95.28	0	0	33596.1	42940.7	49577.1	52884.8	0	0	0	0	0	0	  1
DATA	21:16:22:000	2023-12-09	468720	14.3877	633.059	0.102248	437.535	615.895	11.0861	0.0646204	18.7296	12.6421	13.599	78.3954	254	0	0	13.0598	1.9252	2.04836	13.22	95.2504	0	0	33584.3	42928.1	49565.8	52873.6	0	0	0	0	0	0	 70
DATA	21:16:23:000	2023-12-09	469020	14.3944	633.354	0.102285	437.732	615.481	11.0787	0.0645904	18.7167	12.6319	13.5997	78.3968	254	0	0	13.0598	1.92538	2.04811	13.22	95.2423	0	0	33579.7	42923	49563.9	52869.7	0	0	0	0	0	0	 88
DATA	21:16:24:000	2023-12-09	469320	14.4038	633.767	0.102334	438.024	615.6	11.0808	0.0645977	18.7206	12.6349	13.6007	78.3959	254	0	0	13.0591	1.92543	2.04774	13.22	95.2221	0	0	33572.2	42913.5	49556.1	52859.4	0	0	0	0	0	0	 35
DATA	21:16:25:000	2023-12-09	469620	14.3934	633.31	0.102277	437.707	615.053	11.071	0.0645562	18.7039	12.6214	13.6019	78.3964	254	0	0	13.0598	1.92558	2.04848	13.22	95.2071	0	0	33566.8	42905.6	49551.2	52851.7	0	0	0	0	0	0	 38
DATA	21:16:26:000	2023-12-09	469920	14.3947	633.367	0.102286	437.749	614.496	11.0609	0.0645161	18.6871	12.6077	13.6029	78.3962	254	0	0	13.0598	1.92531	2.04961	13.22	95.1763	0	0	33555.4	42893.8	49540.9	52840	0	0	0	0	0	0	 79
DATA	21:16:27:000	2023-12-09	470220	14.4102	634.049	0.102371	438.196	615.084	11.0715	0.0645612	18.7039	12.6223	13.6038	78.4009	254	0	0	13.0598	1.92517	2.04911	13.22	95.1479	0	0	33546.6	42882	49531.2	52829.9	0	0	0	0	0	0	 19
DATA	21:16:28:000	2023-12-09	470520	14.4014	633.662	0.102323	437.941	614.127	11.0543	0.0644893	18.6753	12.5986	13.605	78.399	254	0	0	13.0591	1.92529	2.04961	13.22	95.1387	0	0	33542.1	42877	49528.4	52825.1	0	0	0	0	0	0	194
DATA	21:16:29:000	2023-12-09	470820	14.4042	633.785	0.102339	438.033	613.731	11.0472	0.0644609	18.6636	12.5888	13.6061	78.398	254	0	0	13.0598	1.92548	2.04761	13.22	95.1282	0	0	33534.8	42870.8	49522.6	52820.5	0	0	0	0	0	0	 93
DATA	21:16:30:000	2023-12-09	471120	14.4132	634.181	0.102384	438.309	613.945	11.051	0.064474	18.6702	12.5942	13.607	78.3979	254	0	0	13.0591	1.92516	2.04823	13.22	95.0907	0	0	33524.2	42856.3	49511.6	52807.1	0	0	0	0	0	0	206
DATA	21:16:31:000	2023-12-09	471420	14.4021	633.692	0.102324	437.974	614.493	11.0609	0.0645148	18.687	12.6078	13.6078	78.3976	254	0	0	13.0591	1.92548	2.04948	13.22	95.0741	0	0	33517.8	42846.4	49502.2	52798	0	0	0	0	0	0	  4
DATA	21:16:32:000	2023-12-09	471720	14.397	633.468	0.1023	437.827	613.756	11.0476	0.0644628	18.6649	12.5896	13.6089	78.3964	254	0	0	13.0598	1.9252	2.04886	13.22	95.0462	0	0	33512.6	42836	49493.3	52788.1	0	0	0	0	0	0	135
DATA	21:16:33:000	2023-12-09	472020	14.3945	633.358	0.102284	437.729	613.619	11.0451	0.0644499	18.6598	12.5863	13.6102	78.4008	254	0	0	13.0598	1.92559	2.04823	13.22	95.034	0	0	33501.3	42827.6	49491.8	52779.9	0	0	0	0	0	0	104
DATA	21:16:34:000	2023-12-09	472320	14.4241	634.66	0.102447	438.632	612.499	11.025	0.0643693	18.6259	12.5585	13.6111	78.4005	254	0	0	13.0591	1.92531	2.04923	13.22	95.0013	0	0	33489.8	42814.9	49483.6	52768.2	0	0	0	0	0	0	 21
DATA	21:16:35:000	2023-12-09	472620	14.4178	634.383	0.102408	438.451	612.173	11.0191	0.0643417	18.6164	12.5504	13.6117	78.3988	254	0	0	13.0598	1.92521	2.04961	13.22	94.9763	0	0	33483.7	42804.4	49474	52758.9	0	0	0	0	0	0	 47
DATA	21:16:36:000	2023-12-09	472920	14.4238	634.647	0.102444	438.642	612.232	11.0202	0.0643488	18.6186	12.5519	13.6118	78.3973	254	0	0	13.0598	1.92536	2.04923	13.22	94.9612	0	0	33477.3	42796.5	49467.4	52748.6	0	0	0	0	0	0	158
DATA	21:16:37:000	2023-12-09	473220	14.4216	634.55	0.10243	438.559	612.002	11.016	0.0643298	18.6109	12.5462	13.612	78.4001	254	0	0	13.0598	1.92559	2.04861	13.22	94.9398	0	0	33466.6	42785.1	49458.2	52738.2	0	0	0	0	0	0	178
DATA	21:16:38:000	2023-12-09	473520	14.4182	634.401	0.10241	438.474	611.25	11.0025	0.0642727	18.5888	12.5274	13.6122	78.3969	254	0	0	13.0584	1.92541	2.04986	13.22	94.9145	0	0	33460.6	42775	49450.6	52729.1	0	0	0	0	0	0	184
DATA	21:16:39:000	2023-12-09	473820	14.4251	634.704	0.102446	438.696	611.488	11.0068	0.0642895	18.5966	12.5334	13.6129	78.395	254	0	0	13.0591	1.92555	2.04886	13.22	94.9003	0	0	33453.2	42767.6	49445.2	52722.1	0	0	0	0	0	0	102
DATA	21:16:40:000	2023-12-09	474120	14.4202	634.489	0.102424	438.509	611.176	11.0012	0.0642692	18.5854	12.5257	13.6135	78.402	254	0	0	13.0591	1.92561	2.04911	13.22	94.8801	0	0	33443.9	42758	49437.6	52713.3	0	0	0	0	0	0	207
DATA	21:16:41:000	2023-12-09	474420	14.4245	634.678	0.102448	438.643	611.046	10.9988	0.06426	18.5817	12.5225	13.6144	78.4015	254	0	0	13.0598	1.9253	2.04973	13.22	94.8572	0	0	33440.1	42750	49432	52706.5	0	0	0	0	0	0	 36
DATA	21:16:42:000	2023-12-09	474720	14.4235	634.634	0.102441	438.609	610.711	10.9928	0.0642338	18.5713	12.5141	13.6148	78.4024	254	0	0	13.0598	1.92554	2.04811	13.22	94.8373	0	0	33430.1	42739.3	49423.4	52696	0	0	0	0	0	0	 16
DATA	21:16:43:000	2023-12-09	475020	14.4275	634.81	0.102466	438.736	610.336	10.986	0.0642086	18.5601	12.5048	13.6156	78.4016	254	0	0	13.0604	1.92549	2.04873	13.22	94.8233	0	0	33422	42733.3	49418	52689.5	0	0	0	0	0	0	 81
DATA	21:16:44:000	2023-12-09	475320	14.4323	635.021	0.102491	438.875	609.631	10.9734	0.0641549	18.5384	12.4872	13.6164	78.4031	254	0	0	13.0598	1.92549	2.04936	13.22	94.8054	0	0	33416.3	42725.3	49412.8	52683.6	0	0	0	0	0	0	138
DATA	21:16:45:000	2023-12-09	475620	14.4261	634.748	0.102453	438.711	610.121	10.9822	0.0641888	18.5543	12.4995	13.617	78.3988	254	0	0	13.0598	1.92525	2.04973	13.22	94.7767	0	0	33409.8	42714.1	49406.8	52674	0	0	0	0	0	0	 18
DATA	21:16:46:000	2023-12-09	475920	14.4397	635.347	0.102525	439.111	609.635	10.9734	0.0641514	18.539	12.4874	13.6179	78.4015	254	0	0	13.0598	1.9255	2.04923	13.22	94.7654	0	0	33401.6	42707.2	49399.3	52666.7	0	0	0	0	0	0	 57
DATA	21:16:47:000	2023-12-09	476220	14.4205	634.502	0.102425	438.527	608.96	10.9613	0.0641033	18.5185	12.4706	13.6181	78.4015	254	0	0	13.0598	1.92539	2.04936	13.22	94.7468	0	0	33397.3	42699.6	49394.3	52660.2	0	0	0	0	0	0	 93
DATA	21:16:48:000	2023-12-09	476520	14.4429	635.488	0.102546	439.209	609.097	10.9637	0.0641137	18.5226	12.474	13.6185	78.4016	254	0	0	13.0598	1.92565	2.04961	13.22	94.7362	0	0	33392.8	42692.9	49390.9	52653.5	0	0	0	0	0	0	126
