Model:	 LI-7500
SN:	75D-4923
Timestamp:	Dec 9 2023 at 12:56:24
DATAH	Time	Date	Sequence Number	CO2 (mmol/m^3)	CO2 (mg/m^3)	CO2 Absorptance	CO2 (umol/mol)	H2O (mmol/m^3)	H2O (g/m^3)	H2O Absorptance	H2O (mmol/mol)	Dew Point (C)	Temperature (C)	Pressure (kPa)	Diagnostic Value	Diagnostic Value 2	Diagnostic Word	DSI Vin (v)	Cooler Voltage (v)	Chopper Cooler Voltage (v)	Smart Flux Vin (v)	CO2 Signal Strength	Integral	Peak Height	CO2 Sample	CO2 Reference	H2O Sample	H2O Reference	CH4 Seconds	CH4 Nano Seconds	CH4 (umol/mol)	CH4 (mmol/m^3)	CH4 Signal Strength (RSSI)	CH4 Diagnostic Value	CHK
DATA	20:56:21:000	2023-12-09	108420	13.9601	614.244	0.0999364	424.884	688.941	12.4009	0.0699474	20.9683	14.3737	13.7978	78.3847	255	0	0	13.0749	1.94078	2.0809	13.22	99.2779	0	0	34955.3	44617.7	50388.1	54032.1	0	0	0	0	0	0	199
DATA	20:56:22:000	2023-12-09	108720	14.2499	626.996	0.101507	433.711	682.071	12.2773	0.0694558	20.7596	14.2189	13.7973	78.3833	255	0	0	13.0742	1.9408	2.08016	13.22	99.1402	0	0	34906.3	44555.6	50335.6	54004.6	0	0	0	0	0	0	 90
DATA	20:56:23:000	2023-12-09	109020	14.1834	624.07	0.10115	431.688	687.226	12.3701	0.069824	20.9165	14.3352	13.7969	78.383	255	0	0	13.0742	1.94077	2.08103	13.22	99.0375	0	0	34963.3	44509.7	50378.4	53936.3	0	0	0	0	0	0	184
DATA	20:56:24:000	2023-12-09	109320	13.8635	609.994	0.0994095	421.959	678.593	12.2147	0.0692078	20.6541	14.1398	13.7951	78.3811	255	0	0	13.0742	1.94071	2.07829	13.22	99.5412	0	0	35091.5	44736.5	50530	54197.6	0	0	0	0	0	0	124
DATA	20:56:25:000	2023-12-09	109620	13.9989	615.952	0.100149	426.048	686.576	12.3584	0.06978	20.8955	14.3204	13.7938	78.3866	255	0	0	13.0749	1.94063	2.08016	13.22	99.6345	0	0	35127.3	44779.1	50575.5	54264.4	0	0	0	0	0	0	 84
DATA	20:56:26:000	2023-12-09	109920	14.0678	618.983	0.100522	428.189	685.347	12.3362	0.0696908	20.8602	14.2927	13.7946	78.3789	255	0	0	13.0742	1.94044	2.07878	13.22	98.976	0	0	34881.7	44484.7	50326.1	54020.7	0	0	0	0	0	0	135
DATA	20:56:27:000	2023-12-09	110220	13.9732	614.821	0.100005	425.27	681.511	12.2672	0.0694144	20.7416	14.206	13.7947	78.3862	255	0	0	13.0756	1.94048	2.08053	13.22	99.2774	0	0	34996.4	44619.9	50450.4	54091	0	0	0	0	0	0	172
DATA	20:56:28:000	2023-12-09	110520	13.9372	613.237	0.0998107	424.178	684.413	12.3194	0.0696239	20.8301	14.2716	13.794	78.3852	255	0	0	13.0742	1.94051	2.07991	13.22	99.5653	0	0	35106.6	44749.1	50571.2	54226.9	0	0	0	0	0	0	140
DATA	20:56:29:000	2023-12-09	110820	13.9944	615.754	0.100122	425.958	680.792	12.2543	0.0693649	20.7218	14.1897	13.7943	78.3782	255	0	0	13.0749	1.94013	2.07916	13.22	99.2379	0	0	34753.5	44605.1	50444.9	54087.3	0	0	0	0	0	0	165
DATA	20:56:30:000	2023-12-09	111120	14.0496	618.182	0.100422	427.63	680.634	12.2514	0.0693526	20.7166	14.1861	13.7943	78.3797	255	0	0	13.0756	1.94048	2.07903	13.22	99.226	0	0	34976.5	44596.8	50436.6	54121	0	0	0	0	0	0	185
DATA	20:56:31:000	2023-12-09	111420	14.4052	633.829	0.102348	438.414	685.797	12.3443	0.0697243	20.8719	14.3028	13.7937	78.3865	255	0	0	13.0749	1.94011	2.07779	13.22	99.075	0	0	34890.4	44531.9	50342.4	54018.2	0	0	0	0	0	0	 91
DATA	20:56:32:000	2023-12-09	111720	14.0278	617.223	0.100303	426.949	686.238	12.3523	0.069754	20.8863	14.3127	13.793	78.3825	255	0	0	13.0749	1.94014	2.07779	13.22	99.2341	0	0	35004.5	44603.2	50438.2	54083.6	0	0	0	0	0	0	 14
DATA	20:56:33:000	2023-12-09	112020	13.9753	614.913	0.100014	425.381	679.272	12.2269	0.0692516	20.6757	14.1551	13.7913	78.3765	255	0	0	13.0756	1.94012	2.07841	13.22	99.7375	0	0	35192.7	44829.7	50654.9	54288.7	0	0	0	0	0	0	147
DATA	20:56:34:000	2023-12-09	112320	14.0081	616.356	0.100194	426.335	685.658	12.3418	0.069711	20.8679	14.2995	13.7901	78.3843	255	0	0	13.0749	1.94016	2.07966	13.22	99.1689	0	0	34967	44573.7	50396.4	54046.2	0	0	0	0	0	0	 15
DATA	20:56:35:000	2023-12-09	112620	14.1135	620.994	0.100766	429.568	683.723	12.307	0.0695705	20.8102	14.2557	13.7884	78.3794	255	0	0	13.0742	1.9401	2.07754	13.22	98.8523	0	0	34845.8	44431.9	50240.5	53944.6	0	0	0	0	0	0	 40
DATA	20:56:36:000	2023-12-09	112920	14.011	616.484	0.100215	426.387	687.488	12.3748	0.0698445	20.9218	14.3405	13.7872	78.3903	255	0	0	13.0742	1.93967	2.07766	13.22	98.8876	0	0	34879.2	44451.3	50300.7	53967	0	0	0	0	0	0	 22
DATA	20:56:37:000	2023-12-09	113220	13.9917	615.635	0.100109	425.828	687.876	12.3818	0.0698718	20.9351	14.3492	13.7858	78.3846	255	0	0	13.0749	1.93997	2.07853	13.22	99.0218	0	0	34818.9	44509.2	50267.9	54012.4	0	0	0	0	0	0	189
DATA	20:56:38:000	2023-12-09	113520	13.9674	614.566	0.0999769	425.091	691.904	12.4543	0.0701595	21.0578	14.4394	13.7842	78.3837	255	0	0	13.0721	1.93969	2.07704	13.22	99.4489	0	0	35044	44703.5	50505.1	54195.1	0	0	0	0	0	0	124
DATA	20:56:39:000	2023-12-09	113820	13.7913	606.817	0.099012	419.768	679.084	12.2235	0.0692406	20.6694	14.1503	13.7832	78.3767	255	0	0	13.0735	1.9398	2.07841	13.22	99.3802	0	0	35059.5	44671.7	50540	54169.7	0	0	0	0	0	0	 17
DATA	20:56:40:000	2023-12-09	114120	13.8207	608.111	0.0991716	420.66	685.017	12.3303	0.0696636	20.8498	14.2846	13.7827	78.377	255	0	0	13.0728	1.93938	2.07679	13.22	99.2126	0	0	34945.1	44599.8	50410.7	54082.1	0	0	0	0	0	0	102
DATA	20:56:41:000	2023-12-09	114420	13.9854	615.358	0.100074	425.632	688.139	12.3865	0.0698908	20.9428	14.3548	13.7813	78.3842	255	0	0	13.0728	1.93944	2.07791	13.22	99.2315	0	0	34957.9	44607.8	50466.2	54124.5	0	0	0	0	0	0	171
DATA	20:56:42:000	2023-12-09	114720	13.9163	612.317	0.0996958	423.494	684.556	12.322	0.0696331	20.8321	14.2741	13.7805	78.3905	255	0	0	13.0735	1.93944	2.07716	13.22	99.2263	0	0	34938.1	44605.4	50446.7	54100.1	0	0	0	0	0	0	131
DATA	20:56:43:000	2023-12-09	115020	14.0439	617.932	0.100392	427.389	686.064	12.3492	0.0697428	20.8786	14.3081	13.78	78.3881	255	0	0	13.0714	1.93921	2.07729	13.22	99.0472	0	0	34915.4	44526.8	50373.7	54023.2	0	0	0	0	0	0	 42
DATA	20:56:44:000	2023-12-09	115320	14.1526	622.714	0.10098	430.76	683.837	12.3091	0.0695797	20.8138	14.2578	13.7787	78.3763	255	0	0	13.0721	1.93927	2.07816	13.22	99.2279	0	0	34961.5	44607.6	50406.7	54090.6	0	0	0	0	0	0	 62
DATA	20:56:45:000	2023-12-09	115620	13.9955	615.802	0.100128	425.964	687.581	12.3765	0.0698497	20.9271	14.342	13.7765	78.3783	255	0	0	13.0721	1.9394	2.07604	13.22	99.5225	0	0	35047.1	44738.9	50559.8	54238.2	0	0	0	0	0	0	 69
DATA	20:56:46:000	2023-12-09	115920	14.0398	617.751	0.100366	427.3	686.185	12.3513	0.0697475	20.884	14.3105	13.7736	78.3798	255	0	0	13.0721	1.93921	2.07691	13.22	99.3059	0	0	34994.5	44643.1	50463.2	54119	0	0	0	0	0	0	158
DATA	20:56:47:000	2023-12-09	116220	13.9418	613.439	0.0998325	424.326	686.994	12.3659	0.0698059	20.909	14.3286	13.772	78.3778	255	0	0	13.0721	1.93887	2.07716	13.22	98.4347	0	0	34670.6	44254.2	50071.9	53710.5	0	0	0	0	0	0	132
DATA	20:56:48:000	2023-12-09	116520	14.0123	616.541	0.100217	426.466	684.879	12.3278	0.0696547	20.8444	14.2808	13.7691	78.378	255	0	0	13.0721	1.93886	2.07691	13.22	99.2179	0	0	34972.7	44606.5	50420.5	54083.9	0	0	0	0	0	0	113
DATA	20:56:49:000	2023-12-09	116820	13.8753	610.513	0.0994686	422.306	683.546	12.3038	0.0695588	20.8043	14.2505	13.7649	78.3752	255	0	0	13.0721	1.93901	2.07641	13.22	99.4125	0	0	35081.2	44692.7	50530.4	54149.7	0	0	0	0	0	0	193
DATA	20:56:50:000	2023-12-09	117120	13.9947	615.767	0.100126	425.908	685.553	12.34	0.0697071	20.8638	14.2956	13.7623	78.3804	255	0	0	13.0728	1.93881	2.07567	13.22	99.6179	0	0	35131.7	44786.7	50589.2	54250.9	0	0	0	0	0	0	 72
DATA	20:56:51:000	2023-12-09	117420	14.0289	617.272	0.100308	426.946	677.371	12.1927	0.0691171	20.6146	14.1102	13.7613	78.3806	255	0	0	13.0728	1.93871	2.07716	13.22	99.3605	0	0	34909	44671.8	50407.9	54120.7	0	0	0	0	0	0	 23
DATA	20:56:52:000	2023-12-09	117720	13.9932	615.701	0.100114	425.879	687.927	12.3827	0.0698735	20.9368	14.3489	13.7598	78.3766	255	0	0	13.0721	1.93884	2.07729	13.22	99.1277	0	0	34931.2	44566.1	50394	54060.2	0	0	0	0	0	0	 83
DATA	20:56:53:000	2023-12-09	118020	14.1269	621.584	0.10084	429.949	683.704	12.3067	0.0695707	20.8084	14.2537	13.7579	78.3758	255	0	0	13.0721	1.9389	2.07592	13.22	99.1862	0	0	34945.2	44591.9	50399.7	54065.6	0	0	0	0	0	0	 81
DATA	20:56:54:000	2023-12-09	118320	14.0691	619.04	0.100527	428.165	686.392	12.3551	0.0697635	20.889	14.3142	13.7565	78.3801	255	0	0	13.0714	1.93869	2.07617	13.22	98.9545	0	0	34909.2	44489.4	50324.3	53966.4	0	0	0	0	0	0	 59
DATA	20:56:55:000	2023-12-09	118620	14.2552	627.229	0.101537	433.849	684.594	12.3227	0.0696361	20.8352	14.2736	13.7552	78.3761	255	0	0	13.0721	1.93861	2.07604	13.22	99.0601	0	0	34907.9	44537.5	50375.7	54000	0	0	0	0	0	0	 34
DATA	20:56:56:000	2023-12-09	118920	13.9758	614.935	0.100014	425.347	690.217	12.4239	0.0700326	21.0064	14.4	13.7548	78.3757	255	0	0	13.0721	1.93845	2.07529	13.22	99.5198	0	0	35111.7	44745.5	50574	54223.6	0	0	0	0	0	0	134
DATA	20:56:57:000	2023-12-09	119220	14.0429	617.888	0.100383	427.378	680.126	12.2423	0.0693143	20.6988	14.1725	13.7546	78.3776	255	0	0	13.0708	1.9385	2.07542	13.22	99.0413	0	0	34871.6	44530	50388.5	54020.3	0	0	0	0	0	0	245
DATA	20:56:58:000	2023-12-09	119520	13.9983	615.925	0.100139	426.02	681.668	12.27	0.0694234	20.7457	14.2074	13.7541	78.3776	255	0	0	13.0714	1.9385	2.07542	13.22	99.3248	0	0	35035.4	44657.4	50487.1	54149.8	0	0	0	0	0	0	205
DATA	20:56:59:000	2023-12-09	119820	13.9661	614.508	0.0999644	425.012	677.444	12.194	0.0691212	20.6158	14.1115	13.7537	78.3826	255	0	0	13.0714	1.93826	2.07442	13.22	99.1019	0	0	34946.3	44559.2	50427.8	54057.1	0	0	0	0	0	0	145
DATA	20:57:00:000	2023-12-09	120120	14.0094	616.414	0.100198	426.359	676.959	12.1853	0.0690844	20.6024	14.1004	13.7533	78.3771	255	0	0	13.0714	1.93829	2.07317	13.22	99.343	0	0	35036.3	44667.3	50524.7	54190.1	0	0	0	0	0	0	 49
DATA	20:57:01:000	2023-12-09	120420	14.0337	617.483	0.100332	427.101	681.41	12.2654	0.0694054	20.738	14.2015	13.7531	78.3766	255	0	0	13.0721	1.93818	2.07517	13.22	98.8607	0	0	34865.8	44451.4	50346.5	53965.9	0	0	0	0	0	0	  5
DATA	20:57:02:000	2023-12-09	120720	14.0002	616.009	0.100153	426.077	681.536	12.2676	0.0694166	20.7416	14.2044	13.7534	78.3776	255	0	0	13.0714	1.93802	2.07517	13.22	99.1599	0	0	35014.4	44587.3	50466.1	54098.1	0	0	0	0	0	0	102
DATA	20:57:03:000	2023-12-09	121020	13.9771	614.992	0.100028	425.328	678.809	12.2186	0.0692215	20.6564	14.1425	13.753	78.3859	255	0	0	13.0714	1.93775	2.07367	13.22	98.937	0	0	34913.3	44489.2	50386.3	54044.7	0	0	0	0	0	0	 43
DATA	20:57:04:000	2023-12-09	121320	14.0647	618.847	0.100504	428.022	684.14	12.3145	0.069604	20.82	14.2632	13.7517	78.3804	255	0	0	13.0714	1.93805	2.07442	13.22	99.3939	0	0	35043.4	44692.2	50573.2	54218.1	0	0	0	0	0	0	143
DATA	20:57:05:000	2023-12-09	121620	14.043	617.892	0.100385	427.37	676.728	12.1811	0.0690709	20.5949	14.095	13.751	78.3786	255	0	0	13.0708	1.93803	2.07367	13.22	98.9367	0	0	34878.1	44486.8	50371.5	54038.8	0	0	0	0	0	0	217
DATA	20:57:06:000	2023-12-09	121920	13.9119	612.124	0.0996684	423.412	676.773	12.1819	0.0690726	20.5977	14.096	13.7504	78.3727	255	0	0	13.0708	1.93776	2.0743	13.22	99.1494	0	0	34946.9	44584.6	50486.2	54105.9	0	0	0	0	0	0	124
DATA	20:57:07:000	2023-12-09	122220	14.0121	616.532	0.100216	426.439	679.108	12.2239	0.0692409	20.6677	14.1491	13.7501	78.3768	255	0	0	13.0708	1.93763	2.07392	13.22	99.1993	0	0	34993.2	44608.2	50530.3	54168.8	0	0	0	0	0	0	125
DATA	20:57:08:000	2023-12-09	122520	13.8956	611.406	0.0995811	422.899	679.962	12.2393	0.0693006	20.694	14.1685	13.7496	78.3756	255	0	0	13.0708	1.93775	2.07317	13.22	98.7339	0	0	34826.6	44397.9	50337	53947.6	0	0	0	0	0	0	107
DATA	20:57:09:000	2023-12-09	122820	13.9574	614.126	0.0999172	424.801	680.146	12.2426	0.0693148	20.7006	14.1726	13.748	78.3713	255	0	0	13.0714	1.9376	2.07342	13.22	98.8953	0	0	34879.5	44471.7	50391.3	54009.3	0	0	0	0	0	0	 91
DATA	20:57:10:000	2023-12-09	123120	13.8977	611.499	0.099592	422.956	679.612	12.233	0.0692772	20.683	14.1603	13.7457	78.3758	255	0	0	13.0701	1.93743	2.07367	13.22	99.2689	0	0	35008.4	44641	50540.9	54200.3	0	0	0	0	0	0	202
DATA	20:57:11:000	2023-12-09	123420	14.1278	621.623	0.100843	429.977	686.798	12.3624	0.0697905	20.9026	14.3227	13.7444	78.372	255	0	0	13.0708	1.93786	2.07417	13.22	99.1697	0	0	34945.1	44592.9	50478.2	54148.2	0	0	0	0	0	0	115
DATA	20:57:12:000	2023-12-09	123720	14.0112	616.493	0.10021	426.397	682.95	12.2931	0.0695157	20.7839	14.2358	13.7426	78.3774	255	0	0	13.0701	1.93744	2.07342	13.22	99.307	0	0	35036.9	44658.1	50571.2	54189.3	0	0	0	0	0	0	227
DATA	20:57:13:000	2023-12-09	124020	14.0597	618.627	0.100477	427.845	677.987	12.2038	0.0691619	20.6316	14.1231	13.7402	78.3818	255	0	0	13.0708	1.93758	2.07292	13.22	98.9538	0	0	34919	44498.2	50394.5	54038.2	0	0	0	0	0	0	 61
DATA	20:57:14:000	2023-12-09	124320	13.9008	611.635	0.0996082	423.016	673.663	12.1259	0.0688503	20.5003	14.0242	13.7369	78.3798	255	0	0	13.0701	1.93767	2.0738	13.22	98.7634	0	0	34802	44411.8	50319.4	53945.1	0	0	0	0	0	0	 23
DATA	20:57:15:000	2023-12-09	124620	14.0358	617.575	0.100345	427.14	678.793	12.2183	0.0692189	20.6572	14.1411	13.7334	78.3758	255	0	0	13.0701	1.93745	2.07155	13.22	98.7701	0	0	34810.7	44416.6	50332.2	53980.6	0	0	0	0	0	0	 70
DATA	20:57:16:000	2023-12-09	124920	14.1084	620.77	0.100745	429.295	685.718	12.3429	0.0697192	20.8652	14.2977	13.7312	78.3852	255	0	0	13.0701	1.93767	2.0728	13.22	98.7886	0	0	34815.1	44423.1	50349.4	53974.2	0	0	0	0	0	0	 57
DATA	20:57:17:000	2023-12-09	125220	13.9747	614.887	0.100014	425.254	690.065	12.4212	0.0700253	20.9989	14.3952	13.7293	78.3796	255	0	0	13.0708	1.93741	2.07193	13.22	99.3702	0	0	35048	44686.8	50587.1	54235.3	0	0	0	0	0	0	 42
DATA	20:57:18:000	2023-12-09	125520	13.9507	613.831	0.0998817	424.523	678.258	12.2086	0.0691801	20.6396	14.1286	13.7274	78.3792	255	0	0	13.0701	1.93679	2.07218	13.22	99.1682	0	0	34992.2	44601	50553.5	54129.8	0	0	0	0	0	0	115
DATA	20:57:19:000	2023-12-09	125820	14.0146	616.642	0.100226	426.469	679.5	12.231	0.0692674	20.6774	14.1567	13.7262	78.3786	255	0	0	13.0708	1.93749	2.07305	13.22	98.9918	0	0	34872.4	44515.9	50430.5	54075.9	0	0	0	0	0	0	  5
DATA	20:57:20:000	2023-12-09	126120	13.9744	614.874	0.100008	425.242	678.858	12.2194	0.0692209	20.6577	14.142	13.7242	78.3788	255	0	0	13.0708	1.93713	2.07317	13.22	99.0941	0	0	34951.7	44564.9	50468.5	54114.1	0	0	0	0	0	0	 82
DATA	20:57:21:000	2023-12-09	126420	13.9718	614.759	0.0999973	425.143	683.33	12.2999	0.0695447	20.7928	14.2433	13.7215	78.3818	255	0	0	13.0708	1.93712	2.07242	13.22	98.9902	0	0	34914.9	44518.3	50433.1	54093.6	0	0	0	0	0	0	169
DATA	20:57:22:000	2023-12-09	126720	14.0292	617.285	0.100313	426.875	683.465	12.3024	0.0695566	20.7962	14.2462	13.7198	78.3839	255	0	0	13.0708	1.93712	2.07155	13.22	99.1179	0	0	34950.8	44575.7	50474.2	54136.5	0	0	0	0	0	0	149
DATA	20:57:23:000	2023-12-09	127020	14.3241	630.26	0.101903	435.907	682.991	12.2938	0.069516	20.7846	14.2354	13.7184	78.373	255	0	0	13.0694	1.93721	2.0713	13.22	98.9146	0	0	34845	44483.5	50388.8	54031	0	0	0	0	0	0	243
DATA	20:57:24:000	2023-12-09	127320	14.0179	616.788	0.100248	426.542	682.214	12.2799	0.0694641	20.7587	14.2178	13.7168	78.3811	255	0	0	13.0701	1.93689	2.07242	13.22	99.2321	0	0	34976	44628.9	50533.9	54183.9	0	0	0	0	0	0	 62
DATA	20:57:25:000	2023-12-09	127620	14.1107	620.871	0.100752	429.371	682.708	12.2887	0.0694999	20.774	14.2289	13.7154	78.3797	255	0	0	13.0701	1.93653	2.07205	13.22	99.0735	0	0	34888.4	44560.5	50457.5	54107.4	0	0	0	0	0	0	105
DATA	20:57:26:000	2023-12-09	127920	13.9652	614.469	0.0999642	424.932	682.437	12.2839	0.0694841	20.7651	14.2227	13.7141	78.3816	255	0	0	13.0701	1.93662	2.0713	13.22	98.8576	0	0	34848.1	44462.7	50374.1	54034.9	0	0	0	0	0	0	161
DATA	20:57:27:000	2023-12-09	128220	14.1131	620.976	0.100765	429.429	684.79	12.3262	0.069649	20.8366	14.2757	13.7125	78.3817	255	0	0	13.0701	1.93671	2.07193	13.22	99.4042	0	0	35059.2	44707.8	50587	54211.6	0	0	0	0	0	0	197
DATA	20:57:28:000	2023-12-09	128520	14.0137	616.603	0.100225	426.444	688.598	12.3948	0.0699206	20.9544	14.3613	13.7101	78.3739	255	0	0	13.0701	1.93694	2.07193	13.22	99.1876	0	0	35008.9	44608.5	50493.1	54223.7	0	0	0	0	0	0	140
DATA	20:57:29:000	2023-12-09	128820	13.9651	614.464	0.0999603	424.965	680.727	12.2531	0.0693563	20.7148	14.1836	13.7083	78.3734	255	0	0	13.0701	1.93652	2.0708	13.22	99.2862	0	0	35016.5	44656.2	50539.8	54213	0	0	0	0	0	0	 54
DATA	20:57:30:000	2023-12-09	129120	14.0629	618.768	0.100492	427.942	685.064	12.3312	0.0696683	20.8469	14.2816	13.7074	78.3729	255	0	0	13.0701	1.93655	2.07105	13.22	99.0864	0	0	34960.9	44566.1	50485.2	54124.6	0	0	0	0	0	0	145
DATA	20:57:31:000	2023-12-09	129420	14.025	617.1	0.100289	426.778	684.017	12.3123	0.0695954	20.8145	14.2579	13.706	78.3745	255	0	0	13.0708	1.93658	2.07205	13.22	99.3331	0	0	35036.7	44676.9	50579.4	54234.6	0	0	0	0	0	0	193
DATA	20:57:32:000	2023-12-09	129720	13.9645	614.438	0.0999584	424.91	678.99	12.2218	0.0692339	20.6602	14.144	13.7044	78.379	255	0	0	13.0694	1.93638	2.0708	13.22	98.9803	0	0	34873.5	44519.8	50420.1	54048.7	0	0	0	0	0	0	228
DATA	20:57:33:000	2023-12-09	130020	14.0068	616.299	0.100186	426.217	690.379	12.4268	0.0700469	21.0077	14.4008	13.7027	78.3749	255	0	0	13.0708	1.93626	2.07068	13.22	99.0815	0	0	34981.6	44566.3	50480.4	54117.1	0	0	0	0	0	0	119
DATA	20:57:34:000	2023-12-09	130320	14.2885	628.694	0.101717	434.746	684.178	12.3152	0.0696055	20.817	14.2613	13.7	78.3819	255	0	0	13.0701	1.93632	2.06993	13.22	99.3356	0	0	35027.7	44680.1	50562.9	54223.5	0	0	0	0	0	0	186
DATA	20:57:35:000	2023-12-09	130620	13.9957	615.811	0.100124	425.869	682.005	12.2761	0.0694467	20.7524	14.212	13.6978	78.3755	255	0	0	13.0694	1.93638	2.06918	13.22	99.0183	0	0	34933.2	44536.9	50420.2	54092.6	0	0	0	0	0	0	 90
DATA	20:57:36:000	2023-12-09	130920	14.2458	626.815	0.101486	433.456	691.915	12.4545	0.0701593	21.0528	14.4348	13.6952	78.379	255	0	0	13.0694	1.93615	2.07043	13.22	99.1034	0	0	34915.6	44577.1	50426.8	54097.7	0	0	0	0	0	0	 97
DATA	20:57:37:000	2023-12-09	131220	13.9578	614.143	0.0999193	424.714	685.673	12.3421	0.0697097	20.8639	14.2946	13.6928	78.3745	255	0	0	13.0694	1.93597	2.07118	13.22	98.8711	0	0	34889.8	44474	50373.1	53996.4	0	0	0	0	0	0	160
DATA	20:57:38:000	2023-12-09	131520	14.1095	620.818	0.100745	429.311	677.138	12.1885	0.0690984	20.6033	14.1011	13.6905	78.3773	255	0	0	13.0687	1.93591	2.06981	13.22	99.2183	0	0	34970.8	44630.7	50512.3	54167.1	0	0	0	0	0	0	127
DATA	20:57:39:000	2023-12-09	131820	14.0001	616.004	0.100149	425.991	679.81	12.2366	0.0692902	20.6851	14.1617	13.6883	78.375	255	0	0	13.0694	1.93595	2.06906	13.22	98.838	0	0	34853.2	44459.3	50396.1	54013.4	0	0	0	0	0	0	238
DATA	20:57:40:000	2023-12-09	132120	14.0294	617.294	0.100307	426.914	680.746	12.2534	0.0693556	20.715	14.1829	13.6862	78.3688	255	0	0	13.0694	1.93624	2.06981	13.22	98.8271	0	0	34868.2	44452	50368.2	53990.3	0	0	0	0	0	0	255
DATA	20:57:41:000	2023-12-09	132420	14.228	626.032	0.101386	432.932	683.844	12.3092	0.069579	20.8081	14.2528	13.6836	78.3726	255	0	0	13.0701	1.93591	2.06968	13.22	98.8985	0	0	34854.8	44486.8	50360.5	54031.9	0	0	0	0	0	0	 53
DATA	20:57:42:000	2023-12-09	132720	14.0469	618.064	0.100405	427.416	683.653	12.3058	0.0695672	20.802	14.2484	13.6818	78.3731	255	0	0	13.0701	1.93578	2.07043	13.22	99.1331	0	0	34965.5	44593.4	50488.4	54166.9	0	0	0	0	0	0	 82
DATA	20:57:43:000	2023-12-09	133020	14.1754	623.718	0.101105	431.288	687.439	12.3739	0.0698393	20.9154	14.3337	13.6805	78.3796	255	0	0	13.0701	1.93573	2.06769	13.22	99.1521	0	0	35038.3	44602.4	50523.9	54207.1	0	0	0	0	0	0	128
DATA	20:57:44:000	2023-12-09	133320	13.8152	607.869	0.0991409	420.335	687.74	12.3793	0.0698595	20.9248	14.3404	13.6791	78.3782	255	0	0	13.0687	1.93564	2.06943	13.22	99.1255	0	0	34921.5	44591.1	50482.5	54140.2	0	0	0	0	0	0	165
DATA	20:57:45:000	2023-12-09	133620	14.0228	617.003	0.100275	426.645	679.295	12.2273	0.0692556	20.6676	14.1495	13.6782	78.3791	255	0	0	13.0687	1.93571	2.06906	13.22	99.0395	0	0	34953.5	44551.9	50487.5	54123.3	0	0	0	0	0	0	156
DATA	20:57:46:000	2023-12-09	133920	14.1142	621.025	0.100768	429.449	679.403	12.2293	0.06926	20.672	14.1519	13.6775	78.3747	255	0	0	13.0694	1.93568	2.06856	13.22	98.7915	0	0	34821.1	44440.6	50324.8	53937.4	0	0	0	0	0	0	254
DATA	20:57:47:000	2023-12-09	134220	14.1077	620.739	0.100734	429.253	689.616	12.4131	0.0699921	20.9829	14.3823	13.6756	78.3737	255	0	0	13.0694	1.93557	2.06856	13.22	98.6787	0	0	34780.2	44390.7	50271.2	53895.3	0	0	0	0	0	0	176
DATA	20:57:48:000	2023-12-09	134520	14.0528	618.323	0.10044	427.574	681.136	12.2604	0.0693896	20.7244	14.191	13.6738	78.3748	255	0	0	13.0687	1.93555	2.06956	13.22	98.8969	0	0	34862.4	44489	50416.8	54045.1	0	0	0	0	0	0	226
DATA	20:57:49:000	2023-12-09	134820	14.1124	620.946	0.100763	429.381	678.455	12.2122	0.0691956	20.6426	14.1301	13.6725	78.3756	255	0	0	13.0687	1.93562	2.06943	13.22	99.077	0	0	34912.9	44569.4	50467.1	54122.8	0	0	0	0	0	0	 92
DATA	20:57:50:000	2023-12-09	135120	14.1581	622.956	0.101009	430.786	685.945	12.347	0.069731	20.8711	14.2996	13.6715	78.3727	255	0	0	13.0687	1.93551	2.06831	13.22	99.4962	0	0	35077.2	44759	50697.7	54356.2	0	0	0	0	0	0	221
DATA	20:57:51:000	2023-12-09	135420	14.1195	621.258	0.100798	429.607	681.611	12.269	0.0694192	20.739	14.2016	13.6698	78.3731	255	0	0	13.0687	1.93528	2.06843	13.22	98.9793	0	0	34928.7	44528.2	50467.2	54078.5	0	0	0	0	0	0	 68
DATA	20:57:52:000	2023-12-09	135720	14.5939	642.132	0.103355	444.022	680.913	12.2564	0.0693704	20.7169	14.1857	13.6681	78.376	255	0	0	13.0687	1.93532	2.06744	13.22	99.3099	0	0	34998.2	44676.7	50576.9	54219.6	0	0	0	0	0	0	122
DATA	20:57:53:000	2023-12-09	136020	14.0046	616.202	0.100173	426.111	678.607	12.2149	0.0692029	20.6477	14.1333	13.6681	78.3726	255	0	0	13.0694	1.93508	2.06781	13.22	98.8678	0	0	34855.6	44479.7	50401.8	54041	0	0	0	0	0	0	 24
DATA	20:57:54:000	2023-12-09	136320	13.985	615.34	0.10007	425.469	676.58	12.1784	0.0690605	20.5837	14.0871	13.6678	78.381	255	0	0	13.0694	1.93528	2.06769	13.22	98.7958	0	0	34789.2	44445.7	50332.3	54037.8	0	0	0	0	0	0	181
DATA	20:57:55:000	2023-12-09	136620	14.3492	631.365	0.102036	436.603	687.183	12.3693	0.0698168	20.9089	14.3272	13.6677	78.3713	255	0	0	13.0687	1.93539	2.06731	13.22	99.2115	0	0	34969.6	44631.9	50551.5	54198.5	0	0	0	0	0	0	170
DATA	20:57:56:000	2023-12-09	136920	14.0905	619.982	0.100643	428.683	677.117	12.1881	0.0690989	20.6003	14.0993	13.6666	78.3798	255	0	0	13.0687	1.9352	2.06731	13.22	99.0878	0	0	34936.6	44577.7	50476.3	54164.9	0	0	0	0	0	0	147
DATA	20:57:57:000	2023-12-09	137220	13.8614	609.902	0.0993951	421.683	676.295	12.1733	0.0690398	20.5738	14.0805	13.6651	78.3851	255	0	0	13.0687	1.93513	2.06831	13.22	99.1879	0	0	34938.4	44623.3	50517.6	54193.1	0	0	0	0	0	0	220
DATA	20:57:58:000	2023-12-09	137520	14.0091	616.4	0.1002	426.224	682.712	12.2888	0.0695001	20.7714	14.2262	13.6635	78.3757	255	0	0	13.068	1.93523	2.06731	13.22	99.2258	0	0	35034.7	44639.6	50577.9	54256.8	0	0	0	0	0	0	131
DATA	20:57:59:000	2023-12-09	137820	14.2751	628.104	0.101641	434.296	674.072	12.1333	0.0688768	20.5075	14.0295	13.6616	78.379	255	0	0	13.0687	1.93488	2.06769	13.22	98.5284	0	0	34766.3	44328.6	50275.8	53913.6	0	0	0	0	0	0	124
DATA	20:58:00:000	2023-12-09	138120	13.9665	614.526	0.0999673	424.882	682.98	12.2936	0.0695195	20.7773	14.232	13.6594	78.3832	255	0	0	13.0687	1.93514	2.06681	13.22	98.8957	0	0	34878.1	44491.8	50443.2	54058.7	0	0	0	0	0	0	148
DATA	20:58:01:000	2023-12-09	138420	14.0191	616.84	0.100258	426.471	682.226	12.2801	0.0694687	20.7538	14.2148	13.6564	78.3843	255	0	0	13.0687	1.93517	2.06744	13.22	98.7814	0	0	34826.7	44440.1	50366.9	53983.3	0	0	0	0	0	0	 96
DATA	20:58:02:000	2023-12-09	138720	14.0267	617.175	0.100294	426.747	679.894	12.2381	0.0692966	20.6851	14.1618	13.6536	78.3753	255	0	0	13.0687	1.93519	2.06644	13.22	99.2458	0	0	35006.5	44648.9	50569.5	54174.5	0	0	0	0	0	0	179
DATA	20:58:03:000	2023-12-09	139020	14.1359	621.98	0.10089	430.04	682.577	12.2864	0.0694905	20.7652	14.2225	13.6519	78.3803	255	0	0	13.0687	1.93497	2.06681	13.22	98.6395	0	0	34750.2	44377.9	50273.8	53907.4	0	0	0	0	0	0	  7
DATA	20:58:04:000	2023-12-09	139320	14.2882	628.681	0.101716	434.652	681.623	12.2692	0.0694247	20.7352	14.2008	13.6497	78.3834	255	0	0	13.0687	1.93495	2.06631	13.22	98.952	0	0	34871.6	44518.6	50500.6	54084.4	0	0	0	0	0	0	 95
DATA	20:58:05:000	2023-12-09	139620	14.1131	620.976	0.100763	429.354	678.023	12.2044	0.0691625	20.6271	14.1189	13.6477	78.3777	255	0	0	13.0687	1.93491	2.06656	13.22	99.133	0	0	34947	44600.4	50517.1	54144.3	0	0	0	0	0	0	232
DATA	20:58:06:000	2023-12-09	139920	14.0747	619.287	0.100559	428.138	673.536	12.1236	0.0688428	20.4883	14.0164	13.6452	78.3857	255	0	0	13.068	1.93498	2.06656	13.22	98.6584	0	0	34797.9	44386.3	50326	54003.3	0	0	0	0	0	0	 29
DATA	20:58:07:000	2023-12-09	140220	14.2119	625.324	0.101297	432.357	676.905	12.1843	0.0690799	20.5929	14.0932	13.643	78.377	255	0	0	13.068	1.93484	2.06669	13.22	98.9488	0	0	34925.2	44518.1	50444.9	54118.7	0	0	0	0	0	0	  8
DATA	20:58:08:000	2023-12-09	140520	14.0138	616.607	0.100227	426.323	689.784	12.4161	0.0700056	20.9844	14.3842	13.6409	78.3777	255	0	0	13.068	1.9349	2.06582	13.22	98.6264	0	0	34795.2	44372.6	50325.7	53943.5	0	0	0	0	0	0	 37
DATA	20:58:09:000	2023-12-09	140820	14.0537	618.363	0.100441	427.551	682.222	12.28	0.0694641	20.755	14.2138	13.6396	78.3748	255	0	0	13.0687	1.93464	2.06644	13.22	99.0143	0	0	34958.7	44549.2	50500.4	54149.7	0	0	0	0	0	0	236
DATA	20:58:10:000	2023-12-09	141120	14.0296	617.302	0.100312	426.809	682.008	12.2761	0.0694497	20.7481	14.2089	13.6388	78.3761	255	0	0	13.068	1.9347	2.06532	13.22	99.4693	0	0	35081.4	44753.4	50657.4	54344.3	0	0	0	0	0	0	 21
DATA	20:58:11:000	2023-12-09	141420	14.199	624.756	0.101227	431.965	680.113	12.242	0.0693104	20.6905	14.1659	13.6385	78.3757	255	0	0	13.068	1.93456	2.06681	13.22	99.0894	0	0	34965.1	44583.6	50506.6	54161.7	0	0	0	0	0	0	240
DATA	20:58:12:000	2023-12-09	141720	14.2018	624.879	0.101247	431.998	682.078	12.2774	0.0694552	20.7478	14.2104	13.6372	78.3848	255	0	0	13.068	1.93466	2.06469	13.22	98.6059	0	0	34748.5	44365.2	50280.3	53967.8	0	0	0	0	0	0	121
DATA	20:58:13:000	2023-12-09	142020	14.1015	620.466	0.100702	428.988	673.213	12.1178	0.0688177	20.4801	14.0085	13.6352	78.3766	255	0	0	13.0687	1.93445	2.06519	13.22	98.8544	0	0	34864.3	44478.8	50403.2	54038.8	0	0	0	0	0	0	127
DATA	20:58:14:000	2023-12-09	142320	14.0236	617.038	0.100281	426.602	679.516	12.2313	0.0692718	20.6711	14.1521	13.6331	78.379	255	0	0	13.068	1.93409	2.06494	13.22	99.1612	0	0	34986.3	44619.7	50542.3	54196	0	0	0	0	0	0	165
DATA	20:58:15:000	2023-12-09	142620	13.9916	615.63	0.100105	425.643	672.812	12.1106	0.068789	20.4678	13.9991	13.6318	78.3761	255	0	0	13.068	1.93426	2.06494	13.22	98.7229	0	0	34811.6	44421.1	50382.5	54016.4	0	0	0	0	0	0	232
DATA	20:58:16:000	2023-12-09	142920	14.0234	617.03	0.100275	426.605	671.79	12.0922	0.0687132	20.4365	13.9756	13.6315	78.377	255	0	0	13.068	1.93441	2.06507	13.22	99.2923	0	0	35053.8	44676.1	50666.1	54281.1	0	0	0	0	0	0	167
DATA	20:58:17:000	2023-12-09	143220	14.0752	619.309	0.100558	428.2	674.842	12.1472	0.068934	20.5303	14.0456	13.6324	78.3737	255	0	0	13.068	1.93403	2.06519	13.22	98.5611	0	0	34766.5	44350.2	50355.5	53942.2	0	0	0	0	0	0	162
DATA	20:58:18:000	2023-12-09	143520	14.0802	619.529	0.100588	428.295	676.64	12.1795	0.0690651	20.5822	14.0867	13.6336	78.3845	255	0	0	13.068	1.93413	2.06544	13.22	98.707	0	0	34816.9	44415	50405.3	54035.1	0	0	0	0	0	0	142
DATA	20:58:19:000	2023-12-09	143820	14.0252	617.109	0.100286	426.625	676.116	12.1701	0.0690253	20.5664	14.0748	13.6341	78.3841	255	0	0	13.068	1.93417	2.06444	13.22	98.9249	0	0	34878.5	44512.7	50497.7	54145.1	0	0	0	0	0	0	 77
DATA	20:58:20:000	2023-12-09	144120	14.0541	618.38	0.100447	427.517	680.288	12.2452	0.0693279	20.694	14.1697	13.6342	78.3817	255	0	0	13.068	1.93411	2.06444	13.22	98.9083	0	0	34899.5	44505.7	50503.5	54143.6	0	0	0	0	0	0	236
DATA	20:58:21:000	2023-12-09	144420	14.2879	628.668	0.101714	434.622	675.168	12.153	0.0689602	20.5379	14.0532	13.6352	78.3832	255	0	0	13.0687	1.93393	2.06494	13.22	98.4847	0	0	34714.3	44316.6	50346.9	53938.8	0	0	0	0	0	0	110
DATA	20:58:22:000	2023-12-09	144720	14.0919	620.044	0.100647	428.702	674.159	12.1349	0.0688838	20.5092	14.0302	13.6364	78.3759	255	0	0	13.068	1.93423	2.06432	13.22	98.7051	0	0	34822.9	44413.3	50446.7	54064.2	0	0	0	0	0	0	 62
DATA	20:58:23:000	2023-12-09	145020	14.0176	616.774	0.100246	426.398	672.692	12.1085	0.0687802	20.4625	13.9967	13.6384	78.3844	255	0	0	13.0687	1.93392	2.06507	13.22	98.9152	0	0	34893.8	44510.4	50528.1	54164.1	0	0	0	0	0	0	149
DATA	20:58:24:000	2023-12-09	145320	14.0328	617.443	0.100328	426.874	676.197	12.1715	0.0690315	20.5697	14.0769	13.6404	78.3826	255	0	0	13.068	1.934	2.06507	13.22	98.7741	0	0	34836.3	44446.2	50473.2	54105.3	0	0	0	0	0	0	230
DATA	20:58:25:000	2023-12-09	145620	14.0214	616.942	0.100264	426.533	677.183	12.1893	0.0691011	20.6	14.0995	13.6429	78.3821	255	0	0	13.0687	1.93403	2.06419	13.22	98.8722	0	0	34864.5	44490.2	50508.1	54147.9	0	0	0	0	0	0	225
DATA	20:58:26:000	2023-12-09	145920	14.0818	619.599	0.100595	428.394	658.68	11.8562	0.067767	20.0382	13.673	13.6449	78.3784	255	0	0	13.068	1.93388	2.06469	13.22	98.5626	0	0	34766.6	44352	50419.1	54011	0	0	0	0	0	0	 41
DATA	20:58:27:000	2023-12-09	146220	14.1123	620.941	0.100761	429.309	675.313	12.1556	0.0689687	20.5436	14.0571	13.6462	78.3811	255	0	0	13.0673	1.93401	2.06444	13.22	98.2312	0	0	34655	44201.8	50270.6	53880.9	0	0	0	0	0	0	  4
DATA	20:58:28:000	2023-12-09	146520	14.1434	622.31	0.100929	430.257	671.413	12.0854	0.068688	20.4251	13.9678	13.6463	78.3807	255	0	0	13.0673	1.9338	2.06382	13.22	98.5459	0	0	34756.2	44345.2	50397.2	53990.3	0	0	0	0	0	0	247
