Model:	 LI-7500
SN:	75D-4923
Timestamp:	Dec 5 2023 at 2:51:26
DATAH	Time	Date	Sequence Number	CO2 (mmol/m^3)	CO2 (mg/m^3)	CO2 Absorptance	CO2 (umol/mol)	H2O (mmol/m^3)	H2O (g/m^3)	H2O Absorptance	H2O (mmol/mol)	Dew Point (C)	Temperature (C)	Pressure (kPa)	Diagnostic Value	Diagnostic Value 2	Diagnostic Word	DSI Vin (v)	Cooler Voltage (v)	Chopper Cooler Voltage (v)	Smart Flux Vin (v)	CO2 Signal Strength	Integral	Peak Height	CO2 Sample	CO2 Reference	H2O Sample	H2O Reference	CH4 Seconds	CH4 Nano Seconds	CH4 (umol/mol)	CH4 (mmol/m^3)	CH4 Signal Strength (RSSI)	CH4 Diagnostic Value	CHK
DATA	08:51:24:000	2023-12-05	843540	12.8011	563.248	0.0936125	393.912	715.531	12.8796	0.071942	22.0181	15.2082	18.4055	78.7734	255	0	0	11.6868	1.99179	2.2334	11.91	99.2278	0	0	34882.3	44146.2	49457.6	53129.8	0	0	0	0	0	0	116
DATA	08:51:25:000	2023-12-05	843840	12.7696	561.862	0.0934335	392.968	719.939	12.9589	0.072252	22.1552	15.3049	18.4275	78.7742	255	0	0	11.6882	1.99184	2.23515	11.91	99.2323	0	0	34885.4	44147.6	49451.3	53130.5	0	0	0	0	0	0	195
DATA	08:51:26:000	2023-12-05	844140	12.7743	562.069	0.0934616	393.118	719.348	12.9483	0.0722118	22.1373	15.2932	18.4472	78.7784	255	0	0	11.6882	1.9919	2.23428	11.91	99.2326	0	0	34885.9	44147.2	49448.9	53128.9	0	0	0	0	0	0	196
DATA	08:51:27:000	2023-12-05	844440	12.7753	562.113	0.0934665	393.213	720.687	12.9724	0.0723049	22.1822	15.3234	18.4696	78.7716	255	0	0	11.6868	1.99185	2.23328	11.91	99.2262	0	0	34886.1	44144.8	49439.4	53126.8	0	0	0	0	0	0	231
DATA	08:51:28:000	2023-12-05	844740	12.756	561.264	0.0933539	392.669	726.298	13.0734	0.0726957	22.3577	15.4454	18.492	78.7676	255	0	0	11.6861	1.99166	2.23515	11.91	99.219	0	0	34891.7	44143.5	49401.3	53122.9	0	0	0	0	0	0	 96
DATA	08:51:29:000	2023-12-05	845040	12.7422	560.657	0.0932761	392.243	723.044	13.0148	0.0724681	22.2575	15.3765	18.5126	78.7734	255	0	0	11.6868	1.99177	2.2334	11.91	99.2236	0	0	34893	44144.5	49423.5	53124.7	0	0	0	0	0	0	 59
DATA	08:51:30:000	2023-12-05	845340	12.7327	560.239	0.0932238	391.965	728.316	13.1097	0.0728392	22.4206	15.491	18.5355	78.7767	255	0	0	11.6875	1.9917	2.23415	11.91	99.2244	0	0	34893.3	44145.4	49403.5	53126.1	0	0	0	0	0	0	109
DATA	08:51:31:000	2023-12-05	845640	12.7316	560.19	0.093217	391.988	734.894	13.2281	0.073298	22.6264	15.6325	18.5587	78.7715	255	0	0	11.6861	1.99164	2.23465	11.91	99.2184	0	0	34893.1	44143.3	49383.2	53123.4	0	0	0	0	0	0	 74
DATA	08:51:32:000	2023-12-05	845940	12.7236	559.838	0.0931739	391.78	731.842	13.1732	0.0730872	22.5346	15.5688	18.5821	78.7702	255	0	0	11.6861	1.99157	2.23415	11.91	99.2176	0	0	34896.1	44143.7	49392.8	53122.9	0	0	0	0	0	0	193
DATA	08:51:33:000	2023-12-05	846240	12.713	559.372	0.0931105	391.504	737.87	13.2817	0.0735044	22.7231	15.6981	18.6051	78.7662	255	0	0	11.6758	1.99162	2.23528	11.91	99.2198	0	0	34896.2	44144.2	49366.2	53120.6	0	0	0	0	0	0	105
DATA	08:51:34:000	2023-12-05	846540	12.7123	559.341	0.0931095	391.467	738.855	13.2994	0.0735763	22.7526	15.7202	18.6278	78.7755	255	0	0	11.6861	1.99135	2.2344	11.91	99.2109	0	0	34895.3	44142.8	49360.1	53120.2	0	0	0	0	0	0	170
DATA	08:51:35:000	2023-12-05	846840	12.703	558.932	0.0930567	391.244	739.913	13.3184	0.0736499	22.7888	15.7436	18.6477	78.7682	255	0	0	11.6861	1.99163	2.23465	11.91	99.221	0	0	34900.8	44144.6	49354.6	53122.6	0	0	0	0	0	0	146
DATA	08:51:36:000	2023-12-05	847140	12.7019	558.884	0.093047	391.247	743.411	13.3814	0.0738889	22.8987	15.8185	18.6701	78.7668	255	0	0	11.6861	1.99147	2.23453	11.91	99.2146	0	0	34901.7	44143.3	49334.3	53119.4	0	0	0	0	0	0	190
DATA	08:51:37:000	2023-12-05	847440	12.6949	558.576	0.0930115	391.036	744.076	13.3934	0.0739397	22.9195	15.8338	18.6933	78.7721	255	0	0	11.6861	1.99144	2.23453	11.91	99.2139	0	0	34900.9	44143.2	49334.7	53118.1	0	0	0	0	0	0	237
DATA	08:51:38:000	2023-12-05	847740	12.6829	558.048	0.0929413	390.713	749.398	13.4892	0.0743064	23.0862	15.9464	18.7139	78.7682	255	0	0	11.6868	1.9915	2.23528	11.91	99.2126	0	0	34901.8	44142	49309.6	53117.1	0	0	0	0	0	0	101
DATA	08:51:39:000	2023-12-05	848040	12.6819	558.004	0.0929367	390.708	752.148	13.5387	0.074498	23.1724	16.0049	18.7368	78.7692	255	0	0	11.6793	1.99125	2.23565	11.91	99.2064	0	0	34903.7	44141.7	49308.8	53118	0	0	0	0	0	0	 97
DATA	08:51:40:000	2023-12-05	848340	12.6763	557.757	0.0929044	390.57	754.216	13.5759	0.0746402	23.2382	16.0491	18.7589	78.7682	255	0	0	11.6854	1.99136	2.23503	11.91	99.208	0	0	34904.4	44141.3	49296.7	53116.6	0	0	0	0	0	0	130
DATA	08:51:41:000	2023-12-05	848640	12.6647	557.247	0.0928386	390.232	755.814	13.6047	0.074751	23.2885	16.0833	18.7786	78.7697	255	0	0	11.6854	1.99127	2.23627	11.91	99.202	0	0	34903.8	44139.5	49282	53113.3	0	0	0	0	0	0	 43
DATA	08:51:42:000	2023-12-05	848940	12.6722	557.577	0.0928812	390.503	759.044	13.6628	0.0749736	23.3905	16.1513	18.8006	78.7675	255	0	0	11.6861	1.99136	2.23453	11.91	99.2048	0	0	34903.8	44139.9	49276.8	53113.6	0	0	0	0	0	0	243
DATA	08:51:43:000	2023-12-05	849240	12.6674	557.366	0.0928528	390.396	765.532	13.7796	0.0754184	23.5929	16.286	18.823	78.7653	255	0	0	11.6861	1.99116	2.23515	11.91	99.1992	0	0	34904.6	44139.3	49255.7	53112.3	0	0	0	0	0	0	155
DATA	08:51:44:000	2023-12-05	849540	12.6704	557.498	0.0928731	390.485	763.996	13.7519	0.0753165	23.5453	16.2556	18.8425	78.7713	255	0	0	11.6854	1.99124	2.23565	11.91	99.2005	0	0	34904	44139.1	49263.2	53111.6	0	0	0	0	0	0	136
DATA	08:51:45:000	2023-12-05	849840	12.6581	556.956	0.0928059	390.114	764.168	13.755	0.0753315	23.5511	16.2603	18.8644	78.7755	255	0	0	11.6848	1.99112	2.2359	11.91	99.2004	0	0	34905.9	44140.2	49253.7	53112.3	0	0	0	0	0	0	114
DATA	08:51:46:000	2023-12-05	850140	12.6616	557.11	0.0928228	390.277	767.394	13.8131	0.0755497	23.6539	16.3275	18.8859	78.7701	255	0	0	11.6861	1.99105	2.23739	11.91	99.2003	0	0	34904.7	44140.8	49242.1	53112.5	0	0	0	0	0	0	165
DATA	08:51:47:000	2023-12-05	850440	12.6553	556.833	0.0927888	390.096	770.502	13.869	0.0757647	23.7505	16.392	18.9048	78.7727	255	0	0	11.6854	1.99115	2.23577	11.91	99.1964	0	0	34905.4	44138.2	49229.2	53108.9	0	0	0	0	0	0	158
DATA	08:51:48:000	2023-12-05	850740	12.6483	556.525	0.0927467	389.914	769.64	13.8535	0.0757032	23.726	16.3756	18.9257	78.7714	255	0	0	11.6827	1.99114	2.2364	11.91	99.1968	0	0	34907	44138.4	49232.1	53109.1	0	0	0	0	0	0	  0
DATA	08:51:49:000	2023-12-05	851040	12.645	556.38	0.0927291	389.847	771.828	13.8929	0.0758538	23.7955	16.4213	18.9464	78.7701	255	0	0	11.6848	1.99125	2.23615	11.91	99.1993	0	0	34907.4	44138.5	49223.4	53109.8	0	0	0	0	0	0	166
DATA	08:51:50:000	2023-12-05	851340	12.642	556.248	0.0927127	389.798	774.674	13.9441	0.0760493	23.8859	16.48	18.9642	78.7661	255	0	0	11.6848	1.99125	2.23652	11.91	99.1966	0	0	34908.1	44137.3	49205.3	53107.3	0	0	0	0	0	0	 98
DATA	08:51:51:000	2023-12-05	851640	12.636	555.984	0.0926795	389.589	775.518	13.9593	0.0761083	23.9105	16.4982	18.9838	78.7762	255	0	0	11.6848	1.99115	2.23515	11.91	99.192	0	0	34910.1	44136.2	49207.6	53107.4	0	0	0	0	0	0	158
DATA	08:51:52:000	2023-12-05	851940	12.6242	555.465	0.0926115	389.263	777.393	13.9931	0.0762351	23.9707	16.5372	19.0035	78.7738	255	0	0	11.6854	1.99098	2.23665	11.91	99.1864	0	0	34910	44135.3	49202.2	53104.5	0	0	0	0	0	0	124
DATA	08:51:53:000	2023-12-05	852240	12.6323	555.821	0.092657	389.549	778.894	14.0201	0.0763369	24.0192	16.5686	19.023	78.7717	255	0	0	11.6841	1.99101	2.23727	11.91	99.1884	0	0	34908.7	44135.8	49192.7	53105.2	0	0	0	0	0	0	128
DATA	08:51:54:000	2023-12-05	852540	12.6309	555.76	0.0926494	389.547	780.454	14.0482	0.0764439	24.0698	16.601	19.0398	78.768	255	0	0	11.6841	1.99122	2.23652	11.91	99.191	0	0	34909.8	44135.1	49186.7	53105.3	0	0	0	0	0	0	 36
DATA	08:51:55:000	2023-12-05	852840	12.6223	555.381	0.0925984	389.316	784.703	14.1247	0.0767309	24.203	16.6875	19.0597	78.7663	255	0	0	11.6848	1.99079	2.23877	11.91	99.1747	0	0	34907.5	44131.8	49165.8	53098.9	0	0	0	0	0	0	226
DATA	08:51:56:000	2023-12-05	853140	12.6188	555.227	0.0925825	389.208	785.218	14.1339	0.0767706	24.2189	16.6988	19.0785	78.7714	255	0	0	11.6848	1.99075	2.23739	11.91	99.1792	0	0	34909.4	44134.3	49164.9	53102.2	0	0	0	0	0	0	  8
DATA	08:51:57:000	2023-12-05	853440	12.6183	555.205	0.092579	389.226	786.215	14.1519	0.0768377	24.2517	16.7198	19.0974	78.7697	255	0	0	11.6841	1.99099	2.23802	11.91	99.1833	0	0	34911.5	44133.8	49158.3	53101.5	0	0	0	0	0	0	197
DATA	08:51:58:000	2023-12-05	853740	12.6134	554.99	0.092553	389.054	788.939	14.2009	0.0770248	24.3344	16.7753	19.1161	78.779	255	0	0	11.6772	1.99091	2.23889	11.91	99.1796	0	0	34909.6	44132.9	49148.2	53099	0	0	0	0	0	0	 22
DATA	08:51:59:000	2023-12-05	854040	12.6105	554.862	0.0925355	389.027	789.959	14.2193	0.0770923	24.3698	16.7967	19.1357	78.7717	255	0	0	11.6841	1.99077	2.23752	11.91	99.177	0	0	34910.7	44133.1	49143	53099.4	0	0	0	0	0	0	111
DATA	08:52:00:000	2023-12-05	854340	12.6062	554.673	0.0925111	388.912	792.018	14.2563	0.0772326	24.4344	16.8387	19.1545	78.7732	255	0	0	11.6848	1.99094	2.23802	11.91	99.182	0	0	34912.2	44133.7	49137.3	53100.5	0	0	0	0	0	0	142
DATA	08:52:01:000	2023-12-05	854640	12.6096	554.822	0.0925286	389.049	793.874	14.2897	0.0773563	24.4937	16.8765	19.1697	78.7708	255	0	0	11.6834	1.9909	2.23864	11.91	99.1761	0	0	34911.8	44131.4	49129.4	53098.5	0	0	0	0	0	0	229
DATA	08:52:02:000	2023-12-05	854940	12.6049	554.616	0.0925042	388.914	795.199	14.3136	0.0774481	24.5352	16.9037	19.1878	78.7736	255	0	0	11.6841	1.9908	2.23839	11.91	99.1721	0	0	34910.5	44130.6	49122.3	53096.4	0	0	0	0	0	0	179
DATA	08:52:03:000	2023-12-05	855240	12.6105	554.862	0.0925328	389.15	797.372	14.3527	0.0775916	24.6062	16.9477	19.2052	78.7656	255	0	0	11.6827	1.9907	2.23827	11.91	99.1652	0	0	34909.2	44128.4	49112.6	53094.2	0	0	0	0	0	0	129
DATA	08:52:04:000	2023-12-05	855540	12.6097	554.827	0.0925323	389.096	799.713	14.3948	0.0777544	24.6766	16.9949	19.2221	78.776	255	0	0	11.6772	1.99103	2.23914	11.91	99.1787	0	0	34910.2	44131.4	49101.7	53095.4	0	0	0	0	0	0	202
DATA	08:52:05:000	2023-12-05	855840	12.596	554.224	0.0924525	388.72	800.213	14.4038	0.0777862	24.695	17.0055	19.2361	78.7703	255	0	0	11.6834	1.99097	2.23827	11.91	99.1724	0	0	34910.7	44129.2	49102.4	53092.6	0	0	0	0	0	0	 56
DATA	08:52:06:000	2023-12-05	856140	12.5987	554.343	0.0924662	388.845	801.366	14.4246	0.0778619	24.7333	17.0291	19.2532	78.7664	255	0	0	11.6827	1.99091	2.23951	11.91	99.1727	0	0	34910.8	44129.8	49098	53095	0	0	0	0	0	0	 55
DATA	08:52:07:000	2023-12-05	856440	12.6025	554.51	0.0924912	388.944	803.441	14.4619	0.0780056	24.7962	17.0709	19.2702	78.7747	255	0	0	11.6827	1.99079	2.23877	11.91	99.1646	0	0	34909.6	44127.3	49088.7	53090.7	0	0	0	0	0	0	198
DATA	08:52:08:000	2023-12-05	856740	12.5949	554.176	0.0924468	388.744	805.019	14.4903	0.0781106	24.8471	17.1027	19.2868	78.7722	255	0	0	11.6765	1.99056	2.23902	11.91	99.1586	0	0	34909.6	44126.8	49080.1	53089.3	0	0	0	0	0	0	250
DATA	08:52:09:000	2023-12-05	857040	12.5969	554.264	0.0924569	388.819	806.631	14.5194	0.0782176	24.8977	17.1351	19.301	78.7734	255	0	0	11.6827	1.99072	2.23927	11.91	99.1652	0	0	34909.5	44128.2	49073.3	53091.7	0	0	0	0	0	0	202
DATA	08:52:10:000	2023-12-05	857340	12.6049	554.616	0.0925045	389.104	807.785	14.5401	0.0782978	24.9357	17.1585	19.3168	78.7699	255	0	0	11.6834	1.99086	2.23914	11.91	99.1655	0	0	34909.5	44127.1	49071.3	53089.8	0	0	0	0	0	0	  2
DATA	08:52:11:000	2023-12-05	857640	12.5933	554.105	0.0924385	388.764	809.093	14.5637	0.0783855	24.9773	17.1849	19.3324	78.7704	255	0	0	11.682	1.99093	2.23927	11.91	99.1712	0	0	34911.1	44129	49066.4	53091.4	0	0	0	0	0	0	 92
DATA	08:52:12:000	2023-12-05	857940	12.5984	554.33	0.0924667	388.948	811.02	14.5984	0.0785141	25.0385	17.2233	19.3473	78.769	255	0	0	11.6834	1.99108	2.23964	11.91	99.1725	0	0	34910.1	44128.2	49062	53090.8	0	0	0	0	0	0	237
DATA	08:52:13:000	2023-12-05	858240	12.5924	554.066	0.0924353	388.761	813.16	14.6369	0.0786607	25.1044	17.2657	19.36	78.7728	255	0	0	11.6834	1.99093	2.23989	11.91	99.1656	0	0	34910.4	44126.5	49048.6	53088.7	0	0	0	0	0	0	 98
DATA	08:52:14:000	2023-12-05	858540	12.6002	554.409	0.0924772	389.027	814.418	14.6595	0.078742	25.1449	17.2908	19.3729	78.7713	255	0	0	11.6827	1.99074	2.24101	11.91	99.1559	0	0	34907.8	44123.9	49040.6	53086.2	0	0	0	0	0	0	180
DATA	08:52:15:000	2023-12-05	858840	12.5938	554.127	0.0924427	388.852	816.918	14.7045	0.078912	25.2235	17.34	19.3862	78.7702	255	0	0	11.6827	1.99075	2.24014	11.91	99.1566	0	0	34907.7	44124.2	49027.7	53083.2	0	0	0	0	0	0	 77
DATA	08:52:16:000	2023-12-05	859140	12.5937	554.123	0.092441	388.869	817.809	14.7206	0.0789708	25.2523	17.358	19.3991	78.7697	255	0	0	11.6827	1.99077	2.24089	11.91	99.1561	0	0	34907.4	44123.7	49024.5	53084.8	0	0	0	0	0	0	163
DATA	08:52:17:000	2023-12-05	859440	12.6002	554.409	0.0924789	389.098	819.143	14.7446	0.0790605	25.2954	17.3845	19.4119	78.7674	255	0	0	11.6827	1.99089	2.24039	11.91	99.1584	0	0	34906.9	44123.7	49020.5	53084.3	0	0	0	0	0	0	253
DATA	08:52:18:000	2023-12-05	859740	12.5907	553.991	0.0924263	388.789	819.383	14.7489	0.0790787	25.3018	17.3897	19.4236	78.7737	255	0	0	11.6827	1.99092	2.24039	11.91	99.1528	0	0	34907.3	44120.9	49017.9	53080.9	0	0	0	0	0	0	 33
DATA	08:52:19:000	2023-12-05	860040	12.5996	554.382	0.092474	389.092	823.864	14.8296	0.0793749	25.442	17.4766	19.4322	78.7702	255	0	0	11.682	1.99093	2.24051	11.91	99.1537	0	0	34905.2	44121.2	49009.4	53080.8	0	0	0	0	0	0	 75
DATA	08:52:20:000	2023-12-05	860340	12.5934	554.11	0.0924416	388.868	824.556	14.842	0.0794238	25.4612	17.4905	19.4434	78.7799	255	0	0	11.682	1.99086	2.24138	11.91	99.1528	0	0	34905.6	44121.5	48999.9	53080.8	0	0	0	0	0	0	 98
DATA	08:52:21:000	2023-12-05	860640	12.5943	554.149	0.0924453	388.943	823.057	14.815	0.0793223	25.418	17.4623	19.4552	78.7736	255	0	0	11.6827	1.99065	2.24176	11.91	99.1461	0	0	34905.7	44120.4	49004.5	53080	0	0	0	0	0	0	  7
DATA	08:52:22:000	2023-12-05	860940	12.5893	553.929	0.0924166	388.8	826.463	14.8763	0.0795492	25.524	17.5283	19.4674	78.7744	255	0	0	11.6827	1.99086	2.24163	11.91	99.1486	0	0	34905.8	44119.6	48991.2	53077.5	0	0	0	0	0	0	127
DATA	08:52:23:000	2023-12-05	861240	12.5853	553.753	0.0923916	388.727	825.729	14.8631	0.0794981	25.5046	17.5149	19.4795	78.7674	255	0	0	11.682	1.99084	2.24126	11.91	99.1497	0	0	34906.5	44120.3	48989.8	53078.1	0	0	0	0	0	0	219
DATA	08:52:24:000	2023-12-05	861540	12.5838	553.687	0.0923896	388.655	827.498	14.895	0.0796235	25.5576	17.5494	19.4906	78.7757	255	0	0	11.6813	1.99076	2.24076	11.91	99.1437	0	0	34905.4	44118.3	48978.7	53077.1	0	0	0	0	0	0	251
DATA	08:52:25:000	2023-12-05	861840	12.5911	554.008	0.0924291	388.903	829.496	14.9309	0.0797542	25.6207	17.5881	19.499	78.7734	255	0	0	11.682	1.99073	2.24051	11.91	99.1455	0	0	34905.7	44119.4	48979.8	53077	0	0	0	0	0	0	 64
DATA	08:52:26:000	2023-12-05	862140	12.5878	553.863	0.0924106	388.819	830.284	14.9451	0.0798068	25.6463	17.6037	19.5098	78.7726	255	0	0	11.6834	1.99083	2.24251	11.91	99.1457	0	0	34904.1	44118.6	48972.9	53075.3	0	0	0	0	0	0	  1
DATA	08:52:27:000	2023-12-05	862440	12.5728	553.203	0.0923238	388.37	832.295	14.9813	0.0799389	25.7093	17.6427	19.52	78.7725	255	0	0	11.6841	1.99081	2.24338	11.91	99.1417	0	0	34906.6	44117	48965.6	53075.4	0	0	0	0	0	0	  0
DATA	08:52:28:000	2023-12-05	862740	12.5692	553.045	0.0923062	388.252	832.515	14.9853	0.0799572	25.7157	17.6474	19.5303	78.7766	255	0	0	11.682	1.99087	2.24313	11.91	99.1374	0	0	34905.7	44114.5	48960.8	53072.1	0	0	0	0	0	0	188
DATA	08:52:29:000	2023-12-05	863040	12.5769	553.384	0.0923462	388.543	834.093	15.0137	0.0800575	25.768	17.6781	19.5415	78.7688	255	0	0	11.6841	1.99105	2.24213	11.91	99.1438	0	0	34905.5	44115.7	48957.3	53072.4	0	0	0	0	0	0	185
DATA	08:52:30:000	2023-12-05	863340	12.5808	553.555	0.0923683	388.679	835.992	15.0479	0.0801833	25.8277	17.7147	19.5525	78.7687	255	0	0	11.6841	1.9909	2.24163	11.91	99.1363	0	0	34902.9	44113.7	48947.7	53069.9	0	0	0	0	0	0	223
DATA	08:52:31:000	2023-12-05	863640	12.579	553.476	0.0923596	388.61	836.546	15.0578	0.0802217	25.8439	17.7258	19.5631	78.7742	255	0	0	11.6841	1.99081	2.24288	11.91	99.1319	0	0	34902.2	44112.6	48942.4	53068.9	0	0	0	0	0	0	146
DATA	08:52:32:000	2023-12-05	863940	12.5812	553.573	0.0923718	388.737	838.387	15.091	0.0803435	25.9047	17.7612	19.572	78.7646	255	0	0	11.6841	1.99073	2.24226	11.91	99.1269	0	0	34900.3	44111.2	48936.2	53065.9	0	0	0	0	0	0	128
DATA	08:52:33:000	2023-12-05	864240	12.5784	553.45	0.0923546	388.66	839.256	15.1066	0.0803995	25.9322	17.7782	19.5831	78.7658	255	0	0	11.6834	1.99077	2.24226	11.91	99.1268	0	0	34901.1	44110.8	48928.8	53065.7	0	0	0	0	0	0	153
DATA	08:52:34:000	2023-12-05	864540	12.5816	553.59	0.0923714	388.767	841.822	15.1528	0.0805681	26.012	17.8273	19.5936	78.767	255	0	0	11.6834	1.9907	2.24301	11.91	99.1251	0	0	34902	44110.6	48921.9	53064.1	0	0	0	0	0	0	166
DATA	08:52:35:000	2023-12-05	864840	12.583	553.652	0.0923824	388.775	844.165	15.195	0.0807267	26.082	17.872	19.6036	78.7768	255	0	0	11.6834	1.99081	2.24251	11.91	99.1235	0	0	34897.4	44108.9	48912.3	53062.9	0	0	0	0	0	0	 47
DATA	08:52:36:000	2023-12-05	865140	12.581	553.564	0.0923728	388.773	844.416	15.1995	0.0807453	26.0938	17.8772	19.6133	78.7673	255	0	0	11.6827	1.99111	2.24313	11.91	99.1335	0	0	34898.9	44110.5	48910.5	53063.5	0	0	0	0	0	0	190
DATA	08:52:37:000	2023-12-05	865440	12.5641	552.82	0.0922744	388.252	843.595	15.1847	0.0806885	26.0685	17.8623	19.6234	78.7697	255	0	0	11.6772	1.99077	2.24201	11.91	99.1187	0	0	34900.2	44107.1	48908.8	53059.8	0	0	0	0	0	0	200
DATA	08:52:38:000	2023-12-05	865740	12.5713	553.137	0.0923158	388.512	845.718	15.2229	0.0808296	26.1367	17.9028	19.6339	78.7649	255	0	0	11.6806	1.99106	2.24363	11.91	99.1264	0	0	34899.5	44107.9	48905.7	53061.5	0	0	0	0	0	0	  0
DATA	08:52:39:000	2023-12-05	866040	12.5606	552.666	0.0922559	388.187	846.183	15.2313	0.0808618	26.1514	17.9121	19.6445	78.7667	255	0	0	11.6813	1.99093	2.24388	11.91	99.1261	0	0	34901.9	44108.9	48903.8	53063.5	0	0	0	0	0	0	242
DATA	08:52:40:000	2023-12-05	866340	12.5656	552.886	0.092284	388.322	847.428	15.2537	0.0809435	26.1886	17.936	19.654	78.7731	255	0	0	11.6806	1.99072	2.24251	11.91	99.1166	0	0	34899.3	44106.6	48893.1	53059.5	0	0	0	0	0	0	103
DATA	08:52:41:000	2023-12-05	866640	12.5684	553.01	0.0922979	388.456	849.51	15.2912	0.0810785	26.2561	17.9755	19.664	78.7663	255	0	0	11.6793	1.99098	2.24313	11.91	99.1225	0	0	34900.1	44106.9	48888.8	53059.7	0	0	0	0	0	0	109
DATA	08:52:42:000	2023-12-05	866940	12.5708	553.115	0.0923137	388.528	849.832	15.297	0.0811017	26.2659	17.9821	19.6743	78.7694	255	0	0	11.6806	1.99052	2.2435	11.91	99.1082	0	0	34898	44104.8	48883.2	53056.5	0	0	0	0	0	0	 50
DATA	08:52:43:000	2023-12-05	867240	12.5701	553.084	0.0923107	388.522	851.467	15.3264	0.0812109	26.3175	18.0133	19.6846	78.769	255	0	0	11.6799	1.99098	2.24438	11.91	99.1197	0	0	34898.4	44105.6	48879.6	53057.7	0	0	0	0	0	0	205
DATA	08:52:44:000	2023-12-05	867540	12.5749	553.296	0.0923363	388.698	853.953	15.3712	0.0813721	26.3962	18.0602	19.6954	78.7664	255	0	0	11.6799	1.99092	2.245	11.91	99.1116	0	0	34896	44102.5	48866.4	53054.3	0	0	0	0	0	0	 61
DATA	08:52:45:000	2023-12-05	867840	12.5684	553.01	0.0923036	388.47	856.949	15.4251	0.0815751	26.487	18.1163	19.7028	78.7739	255	0	0	11.6793	1.99097	2.24463	11.91	99.1152	0	0	34896.8	44103.8	48858.2	53055	0	0	0	0	0	0	 10
DATA	08:52:46:000	2023-12-05	868140	12.5662	552.913	0.0922894	388.433	855.804	15.4045	0.0814977	26.4537	18.0956	19.7125	78.7701	255	0	0	11.6799	1.99086	2.24338	11.91	99.1107	0	0	34896	44102.7	48860.7	53053.4	0	0	0	0	0	0	156
DATA	08:52:47:000	2023-12-05	868440	12.5717	553.155	0.0923151	388.649	856.442	15.416	0.0815324	26.4766	18.108	19.7223	78.7634	255	0	0	11.6806	1.99094	2.246	11.91	99.113	0	0	34896.6	44103	48859.9	53055.5	0	0	0	0	0	0	142
DATA	08:52:48:000	2023-12-05	868740	12.5622	552.737	0.0922642	388.329	856.338	15.4141	0.0815295	26.4715	18.1066	19.7317	78.7714	255	0	0	11.6772	1.99077	2.24562	11.91	99.1058	0	0	34898.7	44101.4	48853.2	53050.9	0	0	0	0	0	0	244
DATA	08:52:49:000	2023-12-05	869040	12.5675	552.97	0.0922959	388.498	861.783	15.5121	0.0818893	26.6402	18.208	19.7407	78.7727	255	0	0	11.6793	1.99084	2.24625	11.91	99.0999	0	0	34893.5	44098.1	48831.2	53047.2	0	0	0	0	0	0	184
DATA	08:52:50:000	2023-12-05	869340	12.5658	552.895	0.0922873	388.465	865.66	15.5819	0.0821444	26.7614	18.28	19.7497	78.7712	255	0	0	11.6793	1.99096	2.246	11.91	99.0978	0	0	34890.2	44096.1	48811.7	53045	0	0	0	0	0	0	184
DATA	08:52:51:000	2023-12-05	869640	12.5691	553.04	0.0923033	388.581	865.091	15.5716	0.0821039	26.7448	18.27	19.7599	78.7711	255	0	0	11.6793	1.99105	2.24575	11.91	99.0979	0	0	34889.9	44095.2	48829.8	53044.3	0	0	0	0	0	0	120
DATA	08:52:52:000	2023-12-05	869940	12.5616	552.71	0.0922621	388.348	861.569	15.5082	0.0818746	26.6359	18.2054	19.7666	78.773	255	0	0	11.6786	1.99092	2.24488	11.91	99.1021	0	0	34894.3	44098.3	48831.8	53046.8	0	0	0	0	0	0	169
DATA	08:52:53:000	2023-12-05	870240	12.5627	552.759	0.0922695	388.386	863.413	15.5414	0.0819974	26.6931	18.2399	19.7746	78.7744	255	0	0	11.6786	1.99091	2.2465	11.91	99.0968	0	0	34893.8	44096.1	48823.8	53045.3	0	0	0	0	0	0	240
DATA	08:52:54:000	2023-12-05	870540	12.5573	552.521	0.0922366	388.294	864.311	15.5576	0.0820538	26.726	18.257	19.7847	78.7619	255	0	0	11.6786	1.99104	2.24712	11.91	99.1	0	0	34894	44096.2	48821	53044.3	0	0	0	0	0	0	 40
DATA	08:52:55:000	2023-12-05	870840	12.5529	552.328	0.092213	388.136	864.651	15.5637	0.0820775	26.7351	18.2638	19.7939	78.7688	255	0	0	11.6793	1.9909	2.24737	11.91	99.0926	0	0	34892	44094.3	48815.2	53041.8	0	0	0	0	0	0	 67
DATA	08:52:56:000	2023-12-05	871140	12.5539	552.372	0.0922187	388.143	867.124	15.6082	0.0822393	26.8098	18.3098	19.8032	78.7763	255	0	0	11.6793	1.99105	2.24675	11.91	99.0896	0	0	34890.7	44091.6	48806.6	53038.8	0	0	0	0	0	0	  5
DATA	08:52:57:000	2023-12-05	871440	12.5572	552.517	0.0922375	388.296	867.027	15.6065	0.0822328	26.8103	18.3086	19.8129	78.7686	255	0	0	11.6786	1.99126	2.2465	11.91	99.0938	0	0	34891.6	44091.5	48806.3	53039.5	0	0	0	0	0	0	208
DATA	08:52:58:000	2023-12-05	871740	12.5537	552.363	0.0922193	388.163	867.957	15.6232	0.0822963	26.8374	18.3262	19.8227	78.7761	255	0	0	11.6786	1.99104	2.2455	11.91	99.0858	0	0	34889.8	44089.9	48798.8	53036.2	0	0	0	0	0	0	240
DATA	08:52:59:000	2023-12-05	872040	12.5403	551.773	0.0921428	387.767	868.902	15.6402	0.0823582	26.8679	18.3441	19.8331	78.7752	255	0	0	11.6786	1.99122	2.24737	11.91	99.0909	0	0	34893.7	44090.6	48796.2	53037	0	0	0	0	0	0	163
DATA	08:53:00:000	2023-12-05	872340	12.5419	551.844	0.0921499	387.846	869.763	15.6557	0.0824114	26.8966	18.3603	19.8408	78.7713	255	0	0	11.6786	1.9911	2.247	11.91	99.0888	0	0	34893.1	44090.7	48790.3	53035.9	0	0	0	0	0	0	115
DATA	08:53:01:000	2023-12-05	872640	12.5509	552.24	0.0922019	388.135	870.122	15.6622	0.0824361	26.9084	18.3675	19.8512	78.772	255	0	0	11.6786	1.99126	2.24787	11.91	99.0867	0	0	34890.4	44088.3	48788.9	53034.8	0	0	0	0	0	0	145
DATA	08:53:02:000	2023-12-05	872940	12.5389	551.712	0.0921348	387.766	871.672	15.6901	0.0825388	26.9565	18.3964	19.8619	78.7744	255	0	0	11.6779	1.99125	2.24787	11.91	99.0892	0	0	34892.7	44089.5	48784.8	53035.5	0	0	0	0	0	0	 51
DATA	08:53:03:000	2023-12-05	873240	12.5373	551.641	0.0921229	387.761	872.492	15.7049	0.0825888	26.9849	18.412	19.8718	78.7681	255	0	0	11.6779	1.99133	2.24725	11.91	99.0898	0	0	34892.2	44089	48781.2	53034.2	0	0	0	0	0	0	121
DATA	08:53:04:000	2023-12-05	873540	12.5464	552.042	0.0921757	388.064	873.555	15.724	0.0826596	27.0193	18.432	19.8827	78.7666	255	0	0	11.6786	1.99111	2.24749	11.91	99.0794	0	0	34888.5	44086.4	48772.7	53031.3	0	0	0	0	0	0	159
DATA	08:53:05:000	2023-12-05	873840	12.5402	551.769	0.0921413	387.875	874.677	15.7442	0.0827338	27.0542	18.453	19.8924	78.7686	255	0	0	11.6786	1.99141	2.24787	11.91	99.0844	0	0	34889	44085.9	48770.3	53029.6	0	0	0	0	0	0	133
DATA	08:53:06:000	2023-12-05	874140	12.5373	551.641	0.0921253	387.782	875.521	15.7594	0.0827896	27.0801	18.4689	19.9022	78.7719	255	0	0	11.6779	1.9912	2.24787	11.91	99.0751	0	0	34887.9	44083.7	48764.1	53027.2	0	0	0	0	0	0	217
DATA	08:53:07:000	2023-12-05	874440	12.5331	551.456	0.0921026	387.646	875.946	15.767	0.0828194	27.0928	18.477	19.9088	78.7749	255	0	0	11.6772	1.99099	2.24874	11.91	99.0765	0	0	34890.9	44086.2	48764.1	53031.5	0	0	0	0	0	0	182
DATA	08:53:08:000	2023-12-05	874740	12.5384	551.69	0.0921322	387.862	877.39	15.793	0.0829121	27.1411	18.5039	19.9188	78.7671	255	0	0	11.6779	1.99151	2.24812	11.91	99.0829	0	0	34887.9	44084.2	48749.5	53027.8	0	0	0	0	0	0	120
DATA	08:53:09:000	2023-12-05	875040	12.5432	551.901	0.092161	387.97	879.287	15.8272	0.0830373	27.197	18.5389	19.9285	78.7778	255	0	0	11.6779	1.99126	2.24887	11.91	99.0745	0	0	34889	44082.9	48746.2	53026.5	0	0	0	0	0	0	 41
DATA	08:53:10:000	2023-12-05	875340	12.5394	551.734	0.0921384	387.908	881.011	15.8582	0.0831487	27.2542	18.5707	19.938	78.7691	255	0	0	11.6765	1.99148	2.24999	11.91	99.0772	0	0	34886.7	44082	48740.4	53024.8	0	0	0	0	0	0	116
DATA	08:53:11:000	2023-12-05	875640	12.5363	551.597	0.0921211	387.786	882.266	15.8808	0.0832304	27.2912	18.5939	19.9468	78.7768	255	0	0	11.6751	1.99155	2.24887	11.91	99.0742	0	0	34887.8	44080	48741.4	53023.4	0	0	0	0	0	0	169
DATA	08:53:12:000	2023-12-05	875940	12.5279	551.228	0.0920726	387.568	883.707	15.9067	0.0833234	27.3387	18.6204	19.9556	78.7707	255	0	0	11.6772	1.99149	2.24899	11.91	99.0704	0	0	34887.7	44078.9	48733.1	53022	0	0	0	0	0	0	179
DATA	08:53:13:000	2023-12-05	876240	12.5231	551.016	0.0920429	387.418	883.447	15.902	0.0833042	27.3306	18.6162	19.9646	78.7733	255	0	0	11.6772	1.99155	2.24887	11.91	99.0712	0	0	34886.5	44078.7	48726.8	53019.8	0	0	0	0	0	0	188
DATA	08:53:14:000	2023-12-05	876540	12.5324	551.426	0.0920992	387.706	884.344	15.9182	0.0833664	27.3583	18.6328	19.9721	78.7754	255	0	0	11.6779	1.99135	2.24862	11.91	99.0658	0	0	34885.9	44078.2	48722.2	53019.5	0	0	0	0	0	0	 13
DATA	08:53:15:000	2023-12-05	876840	12.5245	551.078	0.0920521	387.486	885.572	15.9403	0.0834438	27.3981	18.6555	19.9805	78.7726	255	0	0	11.6758	1.99154	2.24961	11.91	99.0685	0	0	34886.3	44077.6	48720	53018	0	0	0	0	0	0	 75
DATA	08:53:16:000	2023-12-05	877140	12.5235	551.034	0.0920486	387.465	886.075	15.9494	0.0834793	27.4143	18.6651	19.9902	78.7732	255	0	0	11.6765	1.99157	2.24974	11.91	99.064	0	0	34884.7	44075.3	48715.4	53015.5	0	0	0	0	0	0	207
DATA	08:53:17:000	2023-12-05	877440	12.5277	551.219	0.0920721	387.6	887.226	15.9701	0.083553	27.4503	18.6863	19.9993	78.7746	255	0	0	11.6765	1.99163	2.24912	11.91	99.0641	0	0	34883.8	44074.8	48710	53015.3	0	0	0	0	0	0	254
DATA	08:53:18:000	2023-12-05	877740	12.5283	551.245	0.0920753	387.63	887.817	15.9807	0.0835912	27.4694	18.6975	20.0082	78.7747	255	0	0	11.6772	1.99163	2.24986	11.91	99.0606	0	0	34883	44073.2	48706.2	53014.7	0	0	0	0	0	0	112
DATA	08:53:19:000	2023-12-05	878040	12.5077	550.339	0.0919583	387.005	888.735	15.9972	0.0836513	27.4987	18.7144	20.0164	78.7743	255	0	0	11.6765	1.99163	2.24937	11.91	99.0592	0	0	34885	44072.6	48703.8	53012.6	0	0	0	0	0	0	163
DATA	08:53:20:000	2023-12-05	878340	12.5176	550.774	0.0920145	387.307	889.445	16.01	0.0836967	27.5203	18.7277	20.025	78.7775	255	0	0	11.6758	1.99169	2.25011	11.91	99.0596	0	0	34882.6	44072.2	48698	53011.5	0	0	0	0	0	0	239
DATA	08:53:21:000	2023-12-05	878640	12.5163	550.717	0.0920091	387.294	890.147	16.0226	0.0837449	27.5439	18.7408	20.0338	78.7745	255	0	0	11.6765	1.99166	2.24974	11.91	99.0589	0	0	34883.2	44072.2	48695.5	53011.1	0	0	0	0	0	0	239
DATA	08:53:22:000	2023-12-05	878940	12.5177	550.779	0.0920141	387.365	891.083	16.0395	0.083802	27.5749	18.758	20.0407	78.7706	255	0	0	11.6772	1.99154	2.24986	11.91	99.0527	0	0	34883.6	44070.5	48692.7	53009.9	0	0	0	0	0	0	156
DATA	08:53:23:000	2023-12-05	879240	12.5159	550.7	0.0920041	387.314	891.579	16.0484	0.0838341	27.5906	18.7672	20.0478	78.7716	255	0	0	11.6758	1.99191	2.25024	11.91	99.0584	0	0	34881.8	44069.7	48688.7	53006.9	0	0	0	0	0	0	153
DATA	08:53:24:000	2023-12-05	879540	12.5149	550.656	0.0919994	387.302	891.821	16.0528	0.0838513	27.5994	18.7721	20.0568	78.7701	255	0	0	11.6758	1.99181	2.25099	11.91	99.0423	0	0	34876	44063.4	48680.5	53000.8	0	0	0	0	0	0	149
