Model:	 LI-7500
SN:	75D-4923
Timestamp:	Dec 14 2023 at 6:20:26
DATAH	Time	Date	Sequence Number	CO2 (mmol/m^3)	CO2 (mg/m^3)	CO2 Absorptance	CO2 (umol/mol)	H2O (mmol/m^3)	H2O (g/m^3)	H2O Absorptance	H2O (mmol/mol)	Dew Point (C)	Temperature (C)	Pressure (kPa)	Diagnostic Value	Diagnostic Value 2	Diagnostic Word	DSI Vin (v)	Cooler Voltage (v)	Chopper Cooler Voltage (v)	Smart Flux Vin (v)	CO2 Signal Strength	Integral	Peak Height	CO2 Sample	CO2 Reference	H2O Sample	H2O Reference	CH4 Seconds	CH4 Nano Seconds	CH4 (umol/mol)	CH4 (mmol/m^3)	CH4 Signal Strength (RSSI)	CH4 Diagnostic Value	CHK
DATA	14:20:16:000	2023-12-14	475500	12.5731	553.216	0.0916489	404.898	699.798	12.5964	0.0701489	22.5359	15.0717	22.3566	76.2912	255	0	0	13.079	2.028	2.33303	13.21	100.26	0	0	35042.1	44249.2	49650.1	53219.6	0	0	0	0	0	0	229
DATA	14:20:17:000	2023-12-14	475800	12.5688	553.027	0.0916277	404.829	711.704	12.8107	0.0709851	22.9233	15.3349	22.3697	76.2813	255	0	0	13.0811	2.02784	2.33279	13.21	100.237	0	0	35038.3	44240.7	49613	53209.6	0	0	0	0	0	0	 65
DATA	14:20:18:000	2023-12-14	476100	12.5651	552.864	0.0916077	404.7	714.024	12.8524	0.0711479	22.9975	15.3863	22.3824	76.2865	255	0	0	13.0811	2.02783	2.33416	13.21	100.248	0	0	35040.2	44245.6	49626.2	53213.9	0	0	0	0	0	0	 49
DATA	14:20:19:000	2023-12-14	476400	12.5593	552.609	0.091571	404.587	715.496	12.8789	0.0712462	23.0491	15.4191	22.396	76.2761	255	0	0	13.0811	2.02792	2.33366	13.21	100.249	0	0	35039.7	44244.8	49606	53212	0	0	0	0	0	0	130
DATA	14:20:20:000	2023-12-14	476700	12.5521	552.292	0.0915349	404.34	720.52	12.9694	0.0715998	23.2101	15.5287	22.4058	76.2815	255	0	0	13.0811	2.02797	2.33391	13.21	100.253	0	0	35043.2	44246.1	49596.8	53213.8	0	0	0	0	0	0	 42
DATA	14:20:21:000	2023-12-14	477000	12.5603	552.653	0.0915796	404.632	721.989	12.9958	0.0717002	23.259	15.5612	22.4188	76.2796	255	0	0	13.0818	2.02779	2.33478	13.21	100.246	0	0	35039.9	44245.1	49594.6	53211.8	0	0	0	0	0	0	134
DATA	14:20:22:000	2023-12-14	477300	12.5519	552.284	0.0915349	404.357	728.154	13.1068	0.0721297	23.4573	15.6946	22.432	76.2839	255	0	0	13.0811	2.02789	2.33416	13.21	100.245	0	0	35041.9	44243.3	49553.5	53208.4	0	0	0	0	0	0	103
DATA	14:20:23:000	2023-12-14	477600	12.5438	551.927	0.0914866	404.14	730.023	13.1404	0.072256	23.5201	15.7353	22.4443	76.2787	255	0	0	13.0811	2.02803	2.33391	13.21	100.246	0	0	35041.8	44242.6	49542.1	53206.3	0	0	0	0	0	0	  3
DATA	14:20:24:000	2023-12-14	477900	12.5475	552.09	0.0915095	404.271	736.202	13.2516	0.0726842	23.7199	15.8678	22.457	76.2798	255	0	0	13.0804	2.02784	2.33466	13.21	100.243	0	0	35043.7	44243	49523.8	53207	0	0	0	0	0	0	127
DATA	14:20:25:000	2023-12-14	478200	12.5425	551.87	0.091484	404.068	740.051	13.3209	0.0729519	23.8414	15.9501	22.4701	76.291	255	0	0	13.0811	2.02785	2.33553	13.21	100.237	0	0	35041.7	44240.5	49501.4	53202.4	0	0	0	0	0	0	213
DATA	14:20:26:000	2023-12-14	478500	12.5183	550.805	0.0913473	403.365	745.908	13.4263	0.0733535	24.0347	16.0742	22.4828	76.2798	255	0	0	13.0811	2.02791	2.33478	13.21	100.246	0	0	35048.6	44244	49484.5	53205.5	0	0	0	0	0	0	 63
DATA	14:20:27:000	2023-12-14	478800	12.5222	550.977	0.0913667	403.527	747.816	13.4607	0.0734816	24.0983	16.1149	22.4962	76.2765	255	0	0	13.0811	2.0279	2.33578	13.21	100.238	0	0	35047	44240.5	49472.2	53200.5	0	0	0	0	0	0	 18
DATA	14:20:28:000	2023-12-14	479100	12.5261	551.148	0.0913874	403.637	745.152	13.4127	0.0732977	24.0115	16.0597	22.5097	76.2829	255	0	0	13.0811	2.02794	2.33491	13.21	100.239	0	0	35044.8	44240.3	49487.8	53201.3	0	0	0	0	0	0	152
DATA	14:20:29:000	2023-12-14	479400	12.5287	551.263	0.0914019	403.773	750.139	13.5025	0.0736385	24.1753	16.1649	22.5222	76.2763	255	0	0	13.0811	2.02788	2.33678	13.21	100.238	0	0	35044.6	44240.4	49470.6	53200.9	0	0	0	0	0	0	149
DATA	14:20:30:000	2023-12-14	479700	12.5181	550.796	0.0913464	403.435	753.195	13.5575	0.0738519	24.2741	16.2293	22.535	76.2789	255	0	0	13.0749	2.02765	2.33615	13.21	100.231	0	0	35044.7	44239.9	49448	53196.5	0	0	0	0	0	0	 35
DATA	14:20:31:000	2023-12-14	480000	12.5199	550.876	0.0913522	403.554	755.519	13.5993	0.0740055	24.3527	16.2783	22.5463	76.2702	255	0	0	13.0811	2.0279	2.3369	13.21	100.229	0	0	35043.5	44236.6	49432.9	53194.8	0	0	0	0	0	0	 55
DATA	14:20:32:000	2023-12-14	480300	12.515	550.66	0.0913246	403.401	757.866	13.6416	0.0741656	24.4286	16.3275	22.5573	76.2722	255	0	0	13.0811	2.02789	2.33603	13.21	100.234	0	0	35045.8	44238.8	49428.5	53194.2	0	0	0	0	0	0	 43
DATA	14:20:33:000	2023-12-14	480600	12.512	550.528	0.0913099	403.323	760.821	13.6948	0.074369	24.525	16.3893	22.5701	76.272	255	0	0	13.0811	2.028	2.33653	13.21	100.233	0	0	35043.5	44237	49407.7	53193.4	0	0	0	0	0	0	240
DATA	14:20:34:000	2023-12-14	480900	12.5178	550.783	0.0913415	403.556	763.557	13.744	0.0745537	24.616	16.4464	22.5828	76.2665	255	0	0	13.0804	2.02786	2.3359	13.21	100.232	0	0	35046.4	44238	49412.4	53195.2	0	0	0	0	0	0	171
DATA	14:20:35:000	2023-12-14	481200	12.5121	550.532	0.091312	403.343	765.042	13.7708	0.0746575	24.6621	16.4776	22.5957	76.2754	255	0	0	13.0818	2.02762	2.33715	13.21	100.221	0	0	35038.6	44235.8	49426.2	53194.3	0	0	0	0	0	0	 85
DATA	14:20:36:000	2023-12-14	481500	12.5051	550.224	0.0912715	403.18	767.411	13.8134	0.0748166	24.7423	16.5268	22.6078	76.2666	255	0	0	13.0804	2.0281	2.33628	13.21	100.234	0	0	35045.7	44236.4	49375.2	53190.3	0	0	0	0	0	0	 29
DATA	14:20:37:000	2023-12-14	481800	12.5054	550.238	0.0912717	403.181	771.508	13.8871	0.0750926	24.8738	16.6112	22.6195	76.2713	255	0	0	13.0811	2.02794	2.33852	13.21	100.23	0	0	35046.1	44236.6	49376.1	53189.9	0	0	0	0	0	0	106
DATA	14:20:38:000	2023-12-14	482100	12.51	550.44	0.091299	403.346	777.346	13.9922	0.0754882	25.0631	16.7303	22.6287	76.2704	255	0	0	13.0804	2.02793	2.33715	13.21	100.233	0	0	35047.6	44237.9	49359.1	53190.5	0	0	0	0	0	0	206
DATA	14:20:39:000	2023-12-14	482400	12.4979	549.908	0.0912327	402.923	770.431	13.8678	0.075023	24.8381	16.5903	22.6403	76.2797	255	0	0	13.0804	2.02784	2.33715	13.21	100.23	0	0	35046.6	44237.2	49377.7	53190.1	0	0	0	0	0	0	 68
DATA	14:20:40:000	2023-12-14	482700	12.5129	550.568	0.091317	403.429	785.235	14.1342	0.0760204	25.3168	16.8907	22.6526	76.2786	255	0	0	13.0818	2.02798	2.33777	13.21	100.234	0	0	35046.5	44237.7	49328.8	53187.5	0	0	0	0	0	0	127
DATA	14:20:41:000	2023-12-14	483000	12.5014	550.062	0.091253	403.068	782.957	14.0932	0.0758685	25.2439	16.8455	22.6648	76.28	255	0	0	13.0818	2.02807	2.33852	13.21	100.233	0	0	35045.2	44236.3	49327.2	53186.5	0	0	0	0	0	0	251
DATA	14:20:42:000	2023-12-14	483300	12.5073	550.321	0.0912917	403.218	784.423	14.1196	0.0759727	25.2887	16.8757	22.6767	76.2906	255	0	0	13.0804	2.02787	2.33939	13.21	100.225	0	0	35043.2	44235	49320.8	53184.5	0	0	0	0	0	0	 70
DATA	14:20:43:000	2023-12-14	483600	12.5084	550.37	0.0912957	403.292	785.315	14.1357	0.0760303	25.3199	16.8942	22.689	76.2865	255	0	0	13.0797	2.0277	2.3384	13.21	100.22	0	0	35043.2	44234.5	49323.4	53183.5	0	0	0	0	0	0	163
DATA	14:20:44:000	2023-12-14	483900	12.5097	550.427	0.0913055	403.336	783.995	14.1119	0.0759447	25.2774	16.8682	22.6982	76.2885	255	0	0	13.0811	2.02793	2.33777	13.21	100.225	0	0	35044	44234.3	49317.7	53181.9	0	0	0	0	0	0	 92
DATA	14:20:45:000	2023-12-14	484200	12.4994	549.974	0.0912433	403.055	787.507	14.1751	0.0761759	25.3939	16.9392	22.7089	76.2815	255	0	0	13.0811	2.02807	2.33865	13.21	100.228	0	0	35046.4	44234.1	49311.8	53184	0	0	0	0	0	0	 83
DATA	14:20:46:000	2023-12-14	484500	12.5028	550.123	0.0912648	403.167	786.44	14.1559	0.0761069	25.3596	16.9184	22.7198	76.284	255	0	0	13.0804	2.02798	2.33827	13.21	100.225	0	0	35044.8	44233.6	49299.2	53180.7	0	0	0	0	0	0	 80
DATA	14:20:47:000	2023-12-14	484800	12.5028	550.123	0.0912605	403.193	790.737	14.2333	0.0763902	25.4999	17.005	22.7309	76.2818	255	0	0	13.0811	2.028	2.33877	13.21	100.218	0	0	35044	44230.2	49291.4	53178.8	0	0	0	0	0	0	150
DATA	14:20:48:000	2023-12-14	485100	12.5027	550.119	0.0912619	403.238	796.496	14.3369	0.0767776	25.6886	17.1201	22.7411	76.2754	255	0	0	13.0811	2.028	2.3379	13.21	100.223	0	0	35043.3	44232.7	49283.7	53179.6	0	0	0	0	0	0	 14
DATA	14:20:49:000	2023-12-14	485400	12.507	550.308	0.0912832	403.439	793.054	14.275	0.0765437	25.5816	17.0523	22.752	76.2663	255	0	0	13.0811	2.02802	2.33989	13.21	100.223	0	0	35042.6	44232.3	49289.6	53179.4	0	0	0	0	0	0	255
DATA	14:20:50:000	2023-12-14	485700	12.5083	550.365	0.0912896	403.466	791.18	14.2412	0.0764175	25.5202	17.0155	22.762	76.2717	255	0	0	13.0818	2.02796	2.33939	13.21	100.222	0	0	35040.4	44232.8	49279.9	53179.5	0	0	0	0	0	0	 58
DATA	14:20:51:000	2023-12-14	486000	12.5034	550.15	0.0912681	403.273	795.502	14.319	0.0767136	25.6574	17.102	22.7713	76.2807	255	0	0	13.0797	2.028	2.33964	13.21	100.218	0	0	35042.7	44230.4	49275.2	53179	0	0	0	0	0	0	 39
DATA	14:20:52:000	2023-12-14	486300	12.4874	549.446	0.0911757	402.777	800.549	14.4099	0.077048	25.8215	17.2023	22.7782	76.2787	255	0	0	13.0804	2.02784	2.33914	13.21	100.212	0	0	35044	44229.5	49249	53174.1	0	0	0	0	0	0	181
DATA	14:20:53:000	2023-12-14	486600	12.4945	549.758	0.0912194	403.01	802.325	14.4419	0.0771703	25.879	17.2378	22.7875	76.2805	255	0	0	13.0818	2.02816	2.34089	13.21	100.216	0	0	35043.6	44228.2	49241.4	53173.2	0	0	0	0	0	0	 61
DATA	14:20:54:000	2023-12-14	486900	12.488	549.472	0.0911817	402.817	803.336	14.46	0.0772366	25.9127	17.2582	22.7973	76.2798	255	0	0	13.0749	2.02808	2.34077	13.21	100.219	0	0	35044.8	44230.2	49249.8	53175	0	0	0	0	0	0	200
DATA	14:20:55:000	2023-12-14	487200	12.4855	549.362	0.0911677	402.751	805.675	14.5021	0.0773921	25.9891	17.3047	22.8057	76.2791	255	0	0	13.0811	2.02791	2.34039	13.21	100.209	0	0	35043.5	44227.4	49230.1	53170.6	0	0	0	0	0	0	150
DATA	14:20:56:000	2023-12-14	487500	12.5025	550.11	0.0912657	403.279	809.453	14.5702	0.0776454	26.1096	17.3791	22.8144	76.2852	255	0	0	13.0797	2.02804	2.34002	13.21	100.212	0	0	35042.5	44227.2	49222.2	53170.5	0	0	0	0	0	0	 73
DATA	14:20:57:000	2023-12-14	487800	12.5119	550.524	0.0913157	403.611	805.66	14.5019	0.0773901	25.9891	17.3053	22.8228	76.2821	255	0	0	13.0811	2.02817	2.34064	13.21	100.216	0	0	35038.6	44227.8	49237	53172.6	0	0	0	0	0	0	251
DATA	14:20:58:000	2023-12-14	488100	12.5102	550.449	0.091307	403.548	808.295	14.5493	0.0775662	26.0736	17.3573	22.8306	76.2856	255	0	0	13.0804	2.0282	2.34077	13.21	100.216	0	0	35040.7	44227.7	49217.2	53170.2	0	0	0	0	0	0	 45
DATA	14:20:59:000	2023-12-14	488400	12.5012	550.053	0.0912599	403.301	811.478	14.6066	0.0777816	26.1791	17.42	22.8383	76.2794	255	0	0	13.0811	2.02803	2.34126	13.21	100.212	0	0	35040.8	44227.6	49208.2	53169	0	0	0	0	0	0	193
DATA	14:21:00:000	2023-12-14	488700	12.5022	550.097	0.0912625	403.32	812.402	14.6232	0.0778393	26.208	17.4384	22.8464	76.2839	255	0	0	13.0742	2.02802	2.34114	13.21	100.213	0	0	35043.3	44228.1	49207	53170.2	0	0	0	0	0	0	157
DATA	14:21:01:000	2023-12-14	489000	12.4928	549.683	0.0912112	403.009	810.219	14.5839	0.0776968	26.1371	17.3961	22.8515	76.2868	255	0	0	13.0811	2.02829	2.34126	13.21	100.219	0	0	35043.2	44228.2	49204.2	53168.3	0	0	0	0	0	0	149
DATA	14:21:02:000	2023-12-14	489300	12.4925	549.67	0.0912082	403.033	817.217	14.7099	0.0781589	26.365	17.5327	22.8599	76.2826	255	0	0	13.0811	2.0284	2.34151	13.21	100.22	0	0	35041.5	44227.4	49187	53168	0	0	0	0	0	0	 21
DATA	14:21:03:000	2023-12-14	489600	12.4895	549.538	0.0911917	402.975	819.348	14.7483	0.0783002	26.4364	17.5744	22.8683	76.2773	255	0	0	13.0811	2.02825	2.34214	13.21	100.212	0	0	35040.6	44225.2	49177.6	53163.8	0	0	0	0	0	0	173
DATA	14:21:04:000	2023-12-14	489900	12.4838	549.287	0.0911612	402.766	822.13	14.7983	0.0784857	26.5244	17.6287	22.8774	76.2845	255	0	0	13.0742	2.02814	2.34239	13.21	100.209	0	0	35040.5	44224.9	49166.2	53162.8	0	0	0	0	0	0	138
DATA	14:21:05:000	2023-12-14	490200	12.4861	549.388	0.0911702	402.857	822.655	14.8078	0.0785154	26.5425	17.6392	22.8854	76.2834	255	0	0	13.0811	2.02833	2.34239	13.21	100.212	0	0	35041	44224.3	49160	53161.5	0	0	0	0	0	0	203
DATA	14:21:06:000	2023-12-14	490500	12.4892	549.525	0.0911971	402.906	825.357	14.8564	0.0787049	26.6263	17.6917	22.8942	76.2953	255	0	0	13.0797	2.02842	2.34189	13.21	100.215	0	0	35042.2	44224.7	49147.6	53162.6	0	0	0	0	0	0	190
DATA	14:21:07:000	2023-12-14	490800	12.494	549.736	0.0912188	403.104	826.186	14.8713	0.0787529	26.6559	17.7081	22.9025	76.2892	255	0	0	13.0797	2.02823	2.34064	13.21	100.207	0	0	35039.4	44223.4	49140.5	53160.7	0	0	0	0	0	0	119
DATA	14:21:08:000	2023-12-14	491100	12.485	549.34	0.0911672	402.832	829.42	14.9296	0.0789646	26.7615	17.7705	22.9109	76.2879	255	0	0	13.0804	2.02814	2.34176	13.21	100.201	0	0	35039.8	44221.7	49131.1	53158.3	0	0	0	0	0	0	 12
DATA	14:21:09:000	2023-12-14	491400	12.4727	548.799	0.0910978	402.486	833.391	15.001	0.0792257	26.893	17.8468	22.9189	76.2804	255	0	0	13.0804	2.02849	2.34338	13.21	100.214	0	0	35043.9	44223.6	49120.4	53158.7	0	0	0	0	0	0	 85
DATA	14:21:10:000	2023-12-14	491700	12.4753	548.913	0.0911141	402.538	832.977	14.9936	0.0792003	26.8775	17.8392	22.9249	76.288	255	0	0	13.0804	2.0282	2.34276	13.21	100.205	0	0	35041	44222.8	49117.5	53157.8	0	0	0	0	0	0	224
DATA	14:21:11:000	2023-12-14	492000	12.4817	549.195	0.0911504	402.781	834.404	15.0193	0.0792943	26.926	17.8669	22.9332	76.2831	255	0	0	13.0804	2.02841	2.34276	13.21	100.212	0	0	35040.6	44223.5	49109.5	53156.7	0	0	0	0	0	0	 88
DATA	14:21:12:000	2023-12-14	492300	12.4796	549.102	0.091137	402.712	836.83	15.0629	0.0794516	27.0042	17.9135	22.9426	76.2857	255	0	0	13.0804	2.02844	2.34363	13.21	100.206	0	0	35041.2	44220.8	49100.2	53154.3	0	0	0	0	0	0	 13
DATA	14:21:13:000	2023-12-14	492600	12.4771	548.992	0.0911264	402.594	838.169	15.087	0.0795434	27.0449	17.9394	22.9513	76.2951	255	0	0	13.0797	2.0285	2.34426	13.21	100.204	0	0	35039.7	44219.3	49099.8	53152.9	0	0	0	0	0	0	 99
DATA	14:21:14:000	2023-12-14	492900	12.4719	548.764	0.0910957	402.459	841.252	15.1425	0.079744	27.1466	17.9982	22.9601	76.2912	255	0	0	13.0797	2.02834	2.34351	13.21	100.2	0	0	35042	44219.1	49084.8	53151.4	0	0	0	0	0	0	173
DATA	14:21:15:000	2023-12-14	493200	12.4643	548.429	0.0910522	402.224	845.541	15.2197	0.0800234	27.2857	18.0796	22.9687	76.2915	255	0	0	13.0804	2.02878	2.34488	13.21	100.213	0	0	35044.1	44220.5	49067.4	53152	0	0	0	0	0	0	 48
DATA	14:21:16:000	2023-12-14	493500	12.4474	547.686	0.0909581	401.707	850.69	15.3124	0.080361	27.4538	18.1767	22.9778	76.2884	255	0	0	13.0804	2.02861	2.34376	13.21	100.201	0	0	35043.4	44216.9	49048.6	53147.4	0	0	0	0	0	0	 75
DATA	14:21:17:000	2023-12-14	493800	12.4574	548.126	0.0910137	402.028	849.811	15.2966	0.0803022	27.4253	18.1607	22.9868	76.291	255	0	0	13.0804	2.02868	2.34413	13.21	100.202	0	0	35041.6	44216.4	49046.7	53148.1	0	0	0	0	0	0	 86
DATA	14:21:18:000	2023-12-14	494100	12.4595	548.218	0.0910265	402.133	851.473	15.3265	0.0804113	27.4814	18.1923	22.9956	76.2863	255	0	0	13.0804	2.02875	2.34426	13.21	100.202	0	0	35041.2	44216	49048.1	53146.7	0	0	0	0	0	0	 34
DATA	14:21:19:000	2023-12-14	494400	12.4491	547.76	0.0909665	401.781	855.448	15.3981	0.0806689	27.6086	18.2669	23.0029	76.2913	255	0	0	13.0804	2.02871	2.34575	13.21	100.199	0	0	35040.9	44214.9	49028.1	53144.6	0	0	0	0	0	0	145
DATA	14:21:20:000	2023-12-14	494700	12.4483	547.725	0.0909607	401.818	855.318	15.3957	0.0806588	27.6087	18.265	23.0128	76.2819	255	0	0	13.0811	2.02866	2.34438	13.21	100.197	0	0	35038.9	44214.4	49020.8	53142.6	0	0	0	0	0	0	129
DATA	14:21:21:000	2023-12-14	495000	12.4329	547.048	0.0908748	401.305	860.394	15.4871	0.0809899	27.7715	18.3598	23.0221	76.2872	255	0	0	13.0804	2.02875	2.34575	13.21	100.203	0	0	35042.8	44216.2	49012.7	53143.6	0	0	0	0	0	0	160
DATA	14:21:22:000	2023-12-14	495300	12.4487	547.743	0.0909667	401.82	860.56	15.4901	0.0810033	27.7772	18.3634	23.0312	76.2887	255	0	0	13.0804	2.02864	2.34451	13.21	100.197	0	0	35041.5	44214.6	49008.4	53140.8	0	0	0	0	0	0	 42
DATA	14:21:23:000	2023-12-14	495600	12.4467	547.655	0.090955	401.745	858.765	15.4578	0.0808864	27.7186	18.3306	23.0407	76.2931	255	0	0	13.0811	2.02875	2.34638	13.21	100.202	0	0	35044.3	44215.7	49008.1	53143.1	0	0	0	0	0	0	114
DATA	14:21:24:000	2023-12-14	495900	12.4424	547.466	0.0909322	401.648	863.639	15.5455	0.0812042	27.8788	18.4213	23.0497	76.2875	255	0	0	13.0797	2.02887	2.34525	13.21	100.199	0	0	35043.2	44213	48992.5	53138	0	0	0	0	0	0	  0
DATA	14:21:25:000	2023-12-14	496200	12.4477	547.699	0.0909611	401.845	863.452	15.5421	0.0811909	27.8745	18.4184	23.059	76.285	255	0	0	13.0804	2.02895	2.34575	13.21	100.198	0	0	35040.4	44211.9	48996.4	53137	0	0	0	0	0	0	249
DATA	14:21:26:000	2023-12-14	496500	12.4428	547.483	0.0909329	401.634	863.284	15.5391	0.0811795	27.8654	18.4158	23.0681	76.2974	255	0	0	13.0804	2.02908	2.34575	13.21	100.204	0	0	35041.5	44213.2	48996.8	53139.8	0	0	0	0	0	0	190
DATA	14:21:27:000	2023-12-14	496800	12.445	547.58	0.090947	401.768	862.983	15.5337	0.0811623	27.8601	18.4107	23.0777	76.2879	255	0	0	13.0804	2.02892	2.34575	13.21	100.198	0	0	35041.3	44212.5	48997.9	53138.5	0	0	0	0	0	0	 51
DATA	14:21:28:000	2023-12-14	497100	12.4428	547.483	0.0909282	401.753	866.599	15.5988	0.0813878	27.9808	18.478	23.0874	76.2796	255	0	0	13.0804	2.029	2.34588	13.21	100.196	0	0	35041.5	44210.8	48979.3	53136.1	0	0	0	0	0	0	 77
DATA	14:21:29:000	2023-12-14	497400	12.449	547.756	0.0909677	401.947	864.047	15.5528	0.0812282	27.8979	18.4314	23.0959	76.2831	255	0	0	13.0811	2.02905	2.34713	13.21	100.195	0	0	35038.5	44209.4	48986.2	53135	0	0	0	0	0	0	 54
DATA	14:21:30:000	2023-12-14	497700	12.441	547.404	0.0909262	401.657	867.686	15.6183	0.0814682	28.0132	18.4989	23.1048	76.2913	255	0	0	13.0804	2.0288	2.34713	13.21	100.187	0	0	35039.1	44208.4	48965	53131.4	0	0	0	0	0	0	222
DATA	14:21:31:000	2023-12-14	498000	12.4417	547.435	0.0909251	401.726	869.911	15.6584	0.0816059	28.0883	18.5403	23.1132	76.2847	255	0	0	13.0811	2.0292	2.3465	13.21	100.201	0	0	35038	44210.9	48968	53132.7	0	0	0	0	0	0	105
DATA	14:21:32:000	2023-12-14	498300	12.4298	546.911	0.0908591	401.33	871.905	15.6943	0.0817364	28.1519	18.5773	23.1222	76.2892	255	0	0	13.0811	2.02894	2.34737	13.21	100.195	0	0	35041.2	44210.8	48956.7	53132.8	0	0	0	0	0	0	121
DATA	14:21:33:000	2023-12-14	498600	12.4438	547.527	0.090938	401.825	873.804	15.7285	0.0818581	28.2162	18.6126	23.1319	76.2836	255	0	0	13.0804	2.02896	2.34812	13.21	100.191	0	0	35039.5	44208.8	48943.9	53129.5	0	0	0	0	0	0	138
DATA	14:21:34:000	2023-12-14	498900	12.4369	547.224	0.0909024	401.594	876.949	15.7851	0.082065	28.3171	18.6705	23.141	76.2875	255	0	0	13.0804	2.02918	2.34787	13.21	100.191	0	0	35039.1	44206.5	48930.9	53126.2	0	0	0	0	0	0	 77
DATA	14:21:35:000	2023-12-14	499200	12.439	547.316	0.0909135	401.703	878.213	15.8078	0.0821449	28.3608	18.694	23.1505	76.2822	255	0	0	13.0811	2.0292	2.34825	13.21	100.197	0	0	35043	44209	48924.8	53128.1	0	0	0	0	0	0	 66
DATA	14:21:36:000	2023-12-14	499500	12.4406	547.386	0.0909167	401.762	879.374	15.8287	0.0822127	28.3989	18.7156	23.1582	76.2827	255	0	0	13.0804	2.02917	2.34787	13.21	100.191	0	0	35040	44206.7	48928.9	53127.9	0	0	0	0	0	0	116
DATA	14:21:37:000	2023-12-14	499800	12.4272	546.797	0.0908449	401.325	881.34	15.8641	0.0823439	28.4621	18.7518	23.1683	76.2861	255	0	0	13.0811	2.0292	2.34887	13.21	100.193	0	0	35038.5	44207.1	48918.8	53126.3	0	0	0	0	0	0	 87
DATA	14:21:38:000	2023-12-14	500100	12.4349	547.136	0.0908855	401.631	881.136	15.8604	0.0823269	28.4595	18.7487	23.1783	76.2778	255	0	0	13.0804	2.02923	2.34787	13.21	100.191	0	0	35036.3	44205.9	48917	53125.9	0	0	0	0	0	0	 86
DATA	14:21:39:000	2023-12-14	500400	12.4379	547.268	0.0909048	401.742	882.981	15.8937	0.0824486	28.5202	18.7826	23.1878	76.2775	255	0	0	13.0804	2.0293	2.34775	13.21	100.193	0	0	35037.2	44206.1	48914	53125.9	0	0	0	0	0	0	 41
DATA	14:21:40:000	2023-12-14	500700	12.4372	547.237	0.090902	401.719	884.956	15.9292	0.0825766	28.5839	18.8189	23.1966	76.2799	255	0	0	13.079	2.02935	2.34862	13.21	100.193	0	0	35036	44205.7	48903.4	53124.5	0	0	0	0	0	0	  0
DATA	14:21:41:000	2023-12-14	501000	12.4383	547.285	0.0909076	401.76	884.703	15.9247	0.0825595	28.5761	18.8148	23.2052	76.281	255	0	0	13.0811	2.0293	2.3485	13.21	100.189	0	0	35037.1	44204.2	48905.3	53123.2	0	0	0	0	0	0	195
DATA	14:21:42:000	2023-12-14	501300	12.4291	546.88	0.090858	401.458	887.094	15.9677	0.0827159	28.653	18.8584	23.2133	76.2841	255	0	0	13.0804	2.02945	2.35012	13.21	100.195	0	0	35039.4	44205.6	48896.4	53123.4	0	0	0	0	0	0	 24
DATA	14:21:43:000	2023-12-14	501600	12.4327	547.039	0.0908772	401.586	885.856	15.9454	0.0826353	28.6139	18.8364	23.2205	76.2837	255	0	0	13.0797	2.02943	2.34949	13.21	100.194	0	0	35037.7	44205.2	48909.2	53124.4	0	0	0	0	0	0	189
DATA	14:21:44:000	2023-12-14	501900	12.4492	547.765	0.0909696	402.144	885.839	15.9451	0.0826328	28.6151	18.8364	23.2267	76.2806	255	0	0	13.0797	2.02938	2.34962	13.21	100.189	0	0	35036.1	44203.7	48887.4	53120.8	0	0	0	0	0	0	203
DATA	14:21:45:000	2023-12-14	502200	12.4397	547.347	0.0909175	401.823	886.689	15.9604	0.0826894	28.6415	18.8521	23.2316	76.2845	255	0	0	13.0804	2.02943	2.34962	13.21	100.188	0	0	35037.1	44202.7	48893.9	53120.5	0	0	0	0	0	0	184
DATA	14:21:46:000	2023-12-14	502500	12.4322	547.017	0.0908781	401.594	890.982	16.0377	0.0829685	28.7811	18.9298	23.2387	76.2839	255	0	0	13.0804	2.02948	2.34937	13.21	100.189	0	0	35036.7	44202.5	48874.6	53118.3	0	0	0	0	0	0	204
DATA	14:21:47:000	2023-12-14	502800	12.4353	547.153	0.090893	401.701	889.671	16.0141	0.0828809	28.7393	18.9066	23.2461	76.2844	255	0	0	13.0797	2.02975	2.34987	13.21	100.191	0	0	35033.6	44200.6	48885.6	53118	0	0	0	0	0	0	 36
DATA	14:21:48:000	2023-12-14	503100	12.4391	547.32	0.0909125	401.802	889.429	16.0097	0.0828627	28.7299	18.9026	23.2529	76.2903	255	0	0	13.0804	2.02978	2.34974	13.21	100.189	0	0	35030.9	44199.3	48883.1	53115.8	0	0	0	0	0	0	140
DATA	14:21:49:000	2023-12-14	503400	12.4433	547.505	0.0909404	401.995	890	16.02	0.0829047	28.7525	18.9133	23.2604	76.2813	255	0	0	13.0811	2.0296	2.35024	13.21	100.187	0	0	35032.5	44200.2	48875.2	53117.4	0	0	0	0	0	0	 28
DATA	14:21:50:000	2023-12-14	503700	12.448	547.712	0.0909654	402.103	892.068	16.0572	0.0830348	28.8161	18.9508	23.2675	76.2915	255	0	0	13.0804	2.02956	2.35136	13.21	100.184	0	0	35029.6	44199.7	48875.2	53116.6	0	0	0	0	0	0	120
DATA	14:21:51:000	2023-12-14	504000	12.453	547.932	0.0909935	402.271	891.139	16.0405	0.0829753	28.7866	18.9345	23.2744	76.2921	255	0	0	13.0804	2.02973	2.35112	13.21	100.188	0	0	35032.3	44199.4	48857.2	53114	0	0	0	0	0	0	 11
DATA	14:21:52:000	2023-12-14	504300	12.4472	547.677	0.0909627	402.096	892.505	16.0651	0.0830652	28.8316	18.9594	23.2807	76.2913	255	0	0	13.0797	2.02983	2.35211	13.21	100.187	0	0	35028.1	44198	48867.8	53112.5	0	0	0	0	0	0	 85
DATA	14:21:53:000	2023-12-14	504600	12.455	548.02	0.0910027	402.402	892.932	16.0728	0.0830871	28.8493	18.9674	23.2868	76.2826	255	0	0	13.0804	2.02978	2.35112	13.21	100.188	0	0	35028.4	44199.2	48868.3	53113.4	0	0	0	0	0	0	 67
DATA	14:21:54:000	2023-12-14	504900	12.457	548.108	0.0910179	402.487	893.058	16.075	0.0831003	28.8548	18.97	23.2928	76.2804	255	0	0	13.0804	2.0299	2.35087	13.21	100.189	0	0	35027.2	44198.2	48865.6	53112.5	0	0	0	0	0	0	182
DATA	14:21:55:000	2023-12-14	505200	12.4425	547.47	0.090932	402.031	895.656	16.1218	0.0832612	28.9396	19.0169	23.2995	76.2797	255	0	0	13.0811	2.02979	2.35161	13.21	100.185	0	0	35029.8	44197.6	48860.1	53111.2	0	0	0	0	0	0	 68
DATA	14:21:56:000	2023-12-14	505500	12.4541	547.98	0.0909975	402.379	897.293	16.1513	0.0833657	28.9906	19.0465	23.3048	76.2862	255	0	0	13.0797	2.03011	2.35024	13.21	100.192	0	0	35028.9	44197.6	48856.9	53110.8	0	0	0	0	0	0	147
DATA	14:21:57:000	2023-12-14	505800	12.4528	547.923	0.0909879	402.383	895.671	16.1221	0.0832595	28.9415	19.0177	23.309	76.2785	255	0	0	13.0804	2.02993	2.35174	13.21	100.183	0	0	35024.8	44195.2	48854.6	53108.5	0	0	0	0	0	0	142
DATA	14:21:58:000	2023-12-14	506100	12.4525	547.91	0.0909908	402.315	895.857	16.1254	0.0832765	28.9433	19.0214	23.3155	76.2912	255	0	0	13.0804	2.02999	2.35149	13.21	100.187	0	0	35025.8	44196.5	48850.8	53109.1	0	0	0	0	0	0	127
DATA	14:21:59:000	2023-12-14	506400	12.4639	548.412	0.0910559	402.735	896.693	16.1405	0.0833311	28.9741	19.0366	23.3216	76.2829	255	0	0	13.0804	2.03012	2.35149	13.21	100.187	0	0	35024.8	44195	48847.1	53107.6	0	0	0	0	0	0	 61
DATA	14:22:00:000	2023-12-14	506700	12.4588	548.187	0.0910243	402.569	897.512	16.1552	0.0833794	29.0004	19.0516	23.3278	76.2849	255	0	0	13.0797	2.02996	2.35174	13.21	100.188	0	0	35027.4	44197.3	48849.2	53111.8	0	0	0	0	0	0	186
DATA	14:22:01:000	2023-12-14	507000	12.448	547.712	0.0909653	402.227	901.282	16.2231	0.0836227	29.1227	19.1191	23.3338	76.2851	255	0	0	13.0804	2.03027	2.35199	13.21	100.21	0	0	35033.3	44203.8	48844	53117.6	0	0	0	0	0	0	166
DATA	14:22:02:000	2023-12-14	507300	12.4624	548.346	0.091048	402.675	899.873	16.1977	0.0835341	29.076	19.0943	23.3392	76.2897	255	0	0	13.0804	2.03013	2.35373	13.21	100.22	0	0	35037.9	44209.5	48843.6	53122.9	0	0	0	0	0	0	 17
DATA	14:22:03:000	2023-12-14	507600	12.4639	548.412	0.0910545	402.721	901.642	16.2296	0.0836449	29.133	19.126	23.3425	76.291	255	0	0	13.0797	2.0301	2.35261	13.21	100.206	0	0	35031.7	44203.7	48845.4	53116.6	0	0	0	0	0	0	172
DATA	14:22:04:000	2023-12-14	507900	12.4623	548.341	0.0910477	402.717	901.713	16.2308	0.0836519	29.1387	19.1275	23.3458	76.2828	255	0	0	13.0804	2.03007	2.35336	13.21	100.207	0	0	35031.7	44204.4	48838.7	53116.3	0	0	0	0	0	0	137
DATA	14:22:05:000	2023-12-14	508200	12.4564	548.082	0.0910097	402.555	903.337	16.2601	0.0837493	29.1932	19.1565	23.349	76.2783	255	0	0	13.0797	2.03034	2.35436	13.21	100.224	0	0	35035.7	44209	48839.7	53121.8	0	0	0	0	0	0	  8
DATA	14:22:06:000	2023-12-14	508500	12.47	548.68	0.0910879	403.024	902.111	16.238	0.0836734	29.1557	19.1348	23.351	76.2732	255	0	0	13.0804	2.03039	2.35336	13.21	100.243	0	0	35039.8	44217.2	48850.1	53133	0	0	0	0	0	0	 33
DATA	14:22:07:000	2023-12-14	508800	12.4732	548.821	0.0911073	403.098	902.731	16.2492	0.0837141	29.1737	19.1459	23.3522	76.279	255	0	0	13.079	2.03042	2.35286	13.21	100.239	0	0	35035.5	44215	48851.8	53130	0	0	0	0	0	0	103
DATA	14:22:08:000	2023-12-14	509100	12.4669	548.544	0.0910724	402.861	904.748	16.2855	0.0838434	29.2364	19.1817	23.3525	76.2854	255	0	0	13.0797	2.03041	2.35486	13.21	100.201	0	0	35018.1	44198.2	48846	53110.9	0	0	0	0	0	0	 69
DATA	14:22:09:000	2023-12-14	509400	12.4697	548.667	0.0910884	402.971	904.872	16.2877	0.0838516	29.2419	19.184	23.3537	76.282	255	0	0	13.0797	2.03067	2.35461	13.21	100.212	0	0	35024.2	44200.7	48835.5	53114.2	0	0	0	0	0	0	 73
DATA	14:22:10:000	2023-12-14	509700	12.4888	549.507	0.0911921	403.627	901.341	16.2241	0.0836215	29.1305	19.1214	23.3555	76.2752	255	0	0	13.0797	2.03064	2.35461	13.21	100.202	0	0	35020	44196.4	48835.9	53108.7	0	0	0	0	0	0	 30
DATA	14:22:11:000	2023-12-14	510000	12.4776	549.014	0.0911315	403.215	908.5	16.353	0.0840804	29.3582	19.2484	23.3573	76.2852	255	0	0	13.0804	2.03082	2.35486	13.21	100.195	0	0	35019.4	44191.7	48793.1	53099	0	0	0	0	0	0	146
DATA	14:22:12:000	2023-12-14	510300	12.4829	549.248	0.0911605	403.414	908.861	16.3595	0.0841018	29.372	19.2549	23.3596	76.2804	255	0	0	13.0797	2.03058	2.35398	13.21	100.188	0	0	35015.8	44190.8	48800.7	53098.3	0	0	0	0	0	0	127
DATA	14:22:13:000	2023-12-14	510600	12.4967	549.855	0.09124	403.855	906.177	16.3112	0.083933	29.2849	19.2076	23.3629	76.2822	255	0	0	13.079	2.0309	2.35373	13.21	100.195	0	0	35014.8	44190.5	48810.1	53100.9	0	0	0	0	0	0	156
DATA	14:22:14:000	2023-12-14	510900	12.4877	549.459	0.0911889	403.623	906.266	16.3128	0.0839386	29.292	19.2094	23.3666	76.272	255	0	0	13.0804	2.03066	2.35336	13.21	100.182	0	0	35012.1	44187.2	48808.6	53097.5	0	0	0	0	0	0	 77
DATA	14:22:15:000	2023-12-14	511200	12.4972	549.877	0.0912433	403.925	906.258	16.3126	0.0839388	29.2914	19.2095	23.3705	76.2741	255	0	0	13.0804	2.03096	2.35311	13.21	100.19	0	0	35009	44187.9	48809.9	53096.8	0	0	0	0	0	0	 32
DATA	14:22:16:000	2023-12-14	511500	12.4881	549.476	0.0911877	403.648	908.59	16.3546	0.0840817	29.368	19.2509	23.3738	76.2717	255	0	0	13.0804	2.03083	2.35411	13.21	100.186	0	0	35010.7	44187.3	48797.1	53095.2	0	0	0	0	0	0	 81
DATA	14:22:17:000	2023-12-14	511800	12.4841	549.3	0.0911702	403.477	914.017	16.4523	0.0844321	29.5404	19.3468	23.3775	76.2804	255	0	0	13.079	2.0309	2.35423	13.21	100.184	0	0	35012.1	44186	48769.5	53091.3	0	0	0	0	0	0	 95
DATA	14:22:18:000	2023-12-14	512100	12.4871	549.432	0.0911863	403.585	915.142	16.4726	0.0845025	29.5775	19.3667	23.381	76.2793	255	0	0	13.0797	2.03065	2.35523	13.21	100.179	0	0	35010	44186.2	48777.4	53092.1	0	0	0	0	0	0	 21
DATA	14:22:19:000	2023-12-14	512400	12.4912	549.613	0.0912079	403.747	917.549	16.5159	0.0846526	29.6575	19.409	23.3824	76.2741	255	0	0	13.0804	2.03083	2.35511	13.21	100.18	0	0	35010.2	44184.7	48773.9	53090.4	0	0	0	0	0	0	 62
DATA	14:22:20:000	2023-12-14	512700	12.5024	550.106	0.0912716	404.102	912.196	16.4195	0.0843143	29.4839	19.3152	23.3863	76.2765	255	0	0	13.0804	2.03119	2.35548	13.21	100.187	0	0	35006.7	44184	48784.7	53090.9	0	0	0	0	0	0	 44
DATA	14:22:21:000	2023-12-14	513000	12.5018	550.079	0.0912714	404.078	913.478	16.4426	0.0843997	29.5251	19.338	23.3901	76.2782	255	0	0	13.0804	2.03099	2.35498	13.21	100.181	0	0	35002.9	44183.5	48775.8	53087.7	0	0	0	0	0	0	121
DATA	14:22:22:000	2023-12-14	513300	12.5033	550.145	0.0912734	404.169	914.107	16.4539	0.084431	29.5485	19.3493	23.3944	76.2714	255	0	0	13.0797	2.03101	2.35698	13.21	100.18	0	0	35003.1	44182.7	48777.2	53088.6	0	0	0	0	0	0	 48
DATA	14:22:23:000	2023-12-14	513600	12.501	550.044	0.0912591	404.141	911.577	16.4084	0.0842696	29.4701	19.3049	23.3981	76.2635	255	0	0	13.0797	2.03106	2.3566	13.21	100.178	0	0	35000	44181.7	48780.2	53087.7	0	0	0	0	0	0	196
DATA	14:22:24:000	2023-12-14	513900	12.5105	550.462	0.0913152	404.418	913.16	16.4369	0.0843731	29.5191	19.333	23.4017	76.2701	255	0	0	13.0804	2.03122	2.35598	13.21	100.175	0	0	35001.2	44178.6	48771.9	53084.4	0	0	0	0	0	0	 20
DATA	14:22:25:000	2023-12-14	514200	12.5045	550.198	0.0912803	404.251	915.621	16.4812	0.0845275	29.6006	19.3764	23.4051	76.266	255	0	0	13.0804	2.03104	2.3556	13.21	100.171	0	0	35001.8	44178.8	48759.6	53082.3	0	0	0	0	0	0	 25
DATA	14:22:26:000	2023-12-14	514500	12.5068	550.299	0.0912995	404.256	907.689	16.3384	0.0840327	29.3392	19.2368	23.4083	76.2798	255	0	0	13.0797	2.03152	2.35635	13.21	100.184	0	0	34999.8	44179.6	48789.4	53084.6	0	0	0	0	0	0	232
DATA	14:22:27:000	2023-12-14	514800	12.5239	551.052	0.091391	404.854	908.047	16.3448	0.0840485	29.354	19.2433	23.4114	76.2721	255	0	0	13.0804	2.03136	2.35523	13.21	100.175	0	0	34994.6	44177.1	48801.3	53082.9	0	0	0	0	0	0	 42
DATA	14:22:28:000	2023-12-14	515100	12.5336	551.478	0.091444	405.174	894.284	16.0971	0.0831701	28.9095	18.9985	23.4145	76.2717	255	0	0	13.0797	2.03145	2.3556	13.21	100.177	0	0	34993.6	44177	48824.3	53085	0	0	0	0	0	0	154
DATA	14:22:29:000	2023-12-14	515400	12.5287	551.263	0.0914159	405.009	901.22	16.222	0.0836121	29.1333	19.1225	23.4171	76.2737	255	0	0	13.0797	2.03149	2.35772	13.21	100.179	0	0	34994.4	44177.7	48821.4	53084.5	0	0	0	0	0	0	 48
DATA	14:22:30:000	2023-12-14	515700	12.5222	550.977	0.0913818	404.823	909.444	16.37	0.0841377	29.4009	19.2685	23.4202	76.2698	255	0	0	13.0811	2.03155	2.3561	13.21	100.175	0	0	34994.8	44175.2	48789.4	53080.4	0	0	0	0	0	0	 19
DATA	14:22:31:000	2023-12-14	516000	12.5209	550.92	0.0913777	404.736	906.767	16.3218	0.0839722	29.3111	19.2213	23.423	76.2791	255	0	0	13.0811	2.03133	2.35673	13.21	100.17	0	0	34994.3	44175.2	48805.2	53081.6	0	0	0	0	0	0	240
DATA	14:22:32:000	2023-12-14	516300	12.5276	551.214	0.0914139	404.954	900.604	16.2109	0.083578	29.112	19.112	23.4256	76.2794	255	0	0	13.0804	2.03169	2.35735	13.21	100.172	0	0	34991.1	44172.4	48817.1	53079.5	0	0	0	0	0	0	241
DATA	14:22:33:000	2023-12-14	516600	12.5255	551.122	0.0914019	404.891	899.378	16.1888	0.0834998	29.0727	19.0904	23.4292	76.2795	255	0	0	13.0818	2.03159	2.35822	13.21	100.172	0	0	34993.9	44173.6	48803.8	53079.2	0	0	0	0	0	0	208
DATA	14:22:34:000	2023-12-14	516900	12.5175	550.77	0.0913558	404.654	906.071	16.3093	0.0839248	29.2906	19.2095	23.4321	76.2761	255	0	0	13.0811	2.03162	2.35772	13.21	100.166	0	0	34991.6	44170.5	48792.1	53076.2	0	0	0	0	0	0	111
DATA	14:22:35:000	2023-12-14	517200	12.5258	551.135	0.0914017	404.936	900.179	16.2032	0.0835485	29.1012	19.105	23.4353	76.2743	255	0	0	13.0818	2.03169	2.35785	13.21	100.156	0	0	34988.8	44165.6	48816.2	53075	0	0	0	0	0	0	  5
DATA	14:22:36:000	2023-12-14	517500	12.5093	550.409	0.0913076	404.451	899.614	16.1931	0.083511	29.0863	19.0951	23.4384	76.2661	255	0	0	13.0804	2.03187	2.35835	13.21	100.173	0	0	34995.1	44170.8	48846.1	53080.9	0	0	0	0	0	0	113
DATA	14:22:37:000	2023-12-14	517800	12.5114	550.502	0.0913191	404.461	878.539	15.8137	0.0821616	28.4009	18.7156	23.4411	76.2776	255	0	0	13.0811	2.03187	2.35735	13.21	100.182	0	0	34995.4	44174.9	48886.4	53088	0	0	0	0	0	0	 78
DATA	14:22:38:000	2023-12-14	518100	12.5539	552.372	0.091557	405.845	839.134	15.1044	0.0796033	27.1277	17.9841	23.4437	76.2764	255	0	0	13.079	2.03191	2.3586	13.21	100.197	0	0	34984.5	44181.2	49299.3	53123.2	0	0	0	0	0	0	 29
DATA	14:22:39:000	2023-12-14	518400	12.6052	554.629	0.0918345	407.526	774.415	13.9395	0.0752892	25.0369	16.7142	23.4443	76.2723	255	0	0	13.0811	2.0318	2.3566	13.21	100.182	0	0	34981	44175.7	49212.4	53108.9	0	0	0	0	0	0	224
DATA	14:22:40:000	2023-12-14	518700	12.7841	562.5	0.0928278	413.326	653.597	11.7647	0.0668575	21.1316	14.071	23.4425	76.269	255	0	0	13.079	2.03187	2.35822	13.21	100.185	0	0	34954.2	44176.2	49638.9	53138.8	0	0	0	0	0	0	188
DATA	14:22:41:000	2023-12-14	519000	12.7383	560.485	0.0925731	411.78	651.214	11.7219	0.0666878	21.0512	14.0143	23.4359	76.2793	255	0	0	13.0797	2.03206	2.3586	13.21	100.199	0	0	34936.5	44180.3	49734.6	53145.8	0	0	0	0	0	0	 62
DATA	14:22:42:000	2023-12-14	519300	12.7612	561.493	0.0927065	412.55	736.593	13.2587	0.0727074	23.8129	15.927	23.4212	76.27	255	0	0	13.0797	2.03195	2.35984	13.21	100.094	0	0	34887.7	44135.4	49570	53090.2	0	0	0	0	0	0	132
DATA	14:22:43:000	2023-12-14	519600	12.7531	561.136	0.092662	412.188	685.963	12.3473	0.0691767	22.1708	14.8167	23.4064	76.2847	255	0	0	13.0797	2.03205	2.35935	13.21	100.084	0	0	34901.3	44129.9	49655.9	53087.2	0	0	0	0	0	0	134
DATA	14:22:44:000	2023-12-14	519900	13.611	598.884	0.0973976	439.872	641.76	11.5517	0.0660066	20.74	13.7869	23.3944	76.2893	255	0	0	13.0797	2.03223	2.35885	13.21	100.087	0	0	34901.2	44129.5	49818.1	53095.4	0	0	0	0	0	0	 10
DATA	14:22:45:000	2023-12-14	520200	12.9285	568.854	0.0936313	417.846	607.735	10.9392	0.0635062	19.6418	12.9508	23.3826	76.2807	255	0	0	13.0797	2.03246	2.35984	13.21	100.092	0	0	34877.2	44129.2	49936.5	53103.2	0	0	0	0	0	0	188
DATA	14:22:46:000	2023-12-14	520500	12.9929	571.688	0.0939947	419.901	665.227	11.9741	0.0676968	21.4986	14.3391	23.3626	76.2803	255	0	0	13.0797	2.03247	2.3586	13.21	100.09	0	0	34887.2	44128.4	49763.9	53091.4	0	0	0	0	0	0	124
DATA	14:22:47:000	2023-12-14	520800	12.8984	567.53	0.0934637	416.792	595.094	10.7117	0.0625658	19.2296	12.6276	23.3403	76.2846	255	0	0	13.0804	2.03241	2.3591	13.21	100.092	0	0	34848.8	44129.6	49971	53104.7	0	0	0	0	0	0	244
