Model:	 LI-7500
SN:	75D-4923
Timestamp:	Dec 16 2023 at 12:08:37
DATAH	Time	Date	Sequence Number	CO2 (mmol/m^3)	CO2 (mg/m^3)	CO2 Absorptance	CO2 (umol/mol)	H2O (mmol/m^3)	H2O (g/m^3)	H2O Absorptance	H2O (mmol/mol)	Dew Point (C)	Temperature (C)	Pressure (kPa)	Diagnostic Value	Diagnostic Value 2	Diagnostic Word	DSI Vin (v)	Cooler Voltage (v)	Chopper Cooler Voltage (v)	Smart Flux Vin (v)	CO2 Signal Strength	Integral	Peak Height	CO2 Sample	CO2 Reference	H2O Sample	H2O Reference	CH4 Seconds	CH4 Nano Seconds	CH4 (umol/mol)	CH4 (mmol/m^3)	CH4 Signal Strength (RSSI)	CH4 Diagnostic Value	CHK
DATA	20:08:24:000	2023-12-16	401190	12.7613	561.497	0.0923364	404.691	600.54	10.8097	0.0626646	19.0446	12.2206	12.9005	74.9935	255	0	0	13.0584	1.92141	2.06419	13.17	99.4475	0	0	35474.5	44849.3	50843.3	54116.2	0	0	0	0	0	0	126
DATA	20:08:25:000	2023-12-16	401490	12.8884	567.09	0.0930321	408.766	601.289	10.8232	0.062712	19.0704	12.2391	12.8918	74.9832	255	0	0	13.0584	1.92121	2.06357	13.17	99.5635	0	0	35486.1	44903.2	50887.3	54176.3	0	0	0	0	0	0	 88
DATA	20:08:26:000	2023-12-16	401790	13.1679	579.388	0.0945717	417.584	609.034	10.9626	0.0632845	19.3138	12.4334	12.8849	74.9898	255	0	0	13.0584	1.92123	2.06332	13.17	99.4351	0	0	35293.9	44845.2	50791.5	54119.1	0	0	0	0	0	0	231
DATA	20:08:27:000	2023-12-16	402090	13.0676	574.974	0.0940235	414.432	608.214	10.9479	0.0632249	19.2892	12.4125	12.8765	74.9824	255	0	0	13.0577	1.92139	2.06332	13.17	99.4474	0	0	35415.3	44849.4	50810.5	54124.4	0	0	0	0	0	0	192
DATA	20:08:28:000	2023-12-16	402390	13.0956	576.206	0.094179	415.285	610.471	10.9885	0.0633922	19.3591	12.4685	12.8689	74.9866	255	0	0	13.0584	1.92137	2.06407	13.17	99.4773	0	0	35393.2	44863.1	50815.2	54131.5	0	0	0	0	0	0	169
DATA	20:08:29:000	2023-12-16	402690	13.0135	572.594	0.0937252	412.664	608.283	10.9491	0.0632299	19.2889	12.4134	12.8622	74.988	255	0	0	13.0577	1.92138	2.06295	13.17	99.5102	0	0	35456.2	44877.8	50841	54153.9	0	0	0	0	0	0	 70
DATA	20:08:30:000	2023-12-16	402990	12.8922	567.257	0.0930569	408.835	609.316	10.9677	0.0633072	19.3225	12.4389	12.8554	74.9831	255	0	0	13.0584	1.92126	2.0627	13.17	99.5553	0	0	35469.7	44899.1	50830.3	54167.2	0	0	0	0	0	0	173
DATA	20:08:31:000	2023-12-16	403290	13.2436	582.718	0.0949923	419.938	611.176	11.0012	0.0634455	19.3796	12.485	12.8489	74.9886	255	0	0	13.0577	1.92113	2.06382	13.17	99.507	0	0	35430.2	44878.4	50813.8	54149.5	0	0	0	0	0	0	113
DATA	20:08:32:000	2023-12-16	403590	13.0311	573.368	0.0938251	413.198	610.905	10.9963	0.063425	19.371	12.4779	12.8427	74.9873	255	0	0	13.0577	1.92117	2.06345	13.17	99.4431	0	0	35415.2	44849.2	50799.2	54125.5	0	0	0	0	0	0	 94
DATA	20:08:33:000	2023-12-16	403890	12.9138	568.207	0.0931807	409.446	604.049	10.8729	0.0629225	19.152	12.3058	12.8364	74.9917	255	0	0	13.0584	1.92112	2.06232	13.17	99.4926	0	0	35459.6	44871.9	50829.1	54146.5	0	0	0	0	0	0	157
DATA	20:08:34:000	2023-12-16	404190	13.1058	576.655	0.0942352	415.542	608.867	10.9596	0.0632741	19.3052	12.4264	12.8305	74.9885	255	0	0	13.0584	1.92118	2.06282	13.17	99.493	0	0	35435.6	44871.6	50826	54140.6	0	0	0	0	0	0	 50
DATA	20:08:35:000	2023-12-16	404490	13.4558	592.055	0.0961482	426.66	609.349	10.9683	0.0633103	19.3214	12.4381	12.825	74.9835	255	0	0	13.0584	1.92098	2.06245	13.17	99.4696	0	0	35378.2	44862.7	50824.9	54137.5	0	0	0	0	0	0	118
DATA	20:08:36:000	2023-12-16	404790	12.9723	570.781	0.0934994	411.28	606.71	10.9208	0.0631151	19.2354	12.3718	12.82	74.9911	255	0	0	13.0577	1.92131	2.06145	13.17	99.491	0	0	35433.2	44869.7	50831.3	54144.2	0	0	0	0	0	0	178
DATA	20:08:37:000	2023-12-16	405090	13.0896	575.942	0.0941466	415.025	607.756	10.9396	0.0631929	19.2698	12.3978	12.8162	74.9855	255	0	0	13.0584	1.92103	2.0622	13.17	99.528	0	0	35420.6	44888.6	50848.3	54163	0	0	0	0	0	0	 31
DATA	20:08:38:000	2023-12-16	405390	13.0648	574.851	0.0940103	414.226	610.124	10.9822	0.0633671	19.3443	12.4569	12.8143	74.9873	255	0	0	13.0584	1.92121	2.06295	13.17	99.5269	0	0	35446.9	44886.7	50840.4	54157.5	0	0	0	0	0	0	195
DATA	20:08:39:000	2023-12-16	405690	13.0673	574.961	0.0940229	414.32	609.141	10.9645	0.0632943	19.3138	12.4324	12.8146	74.9846	255	0	0	13.0584	1.9212	2.06158	13.17	99.5141	0	0	35441.6	44881	50841.8	54159.6	0	0	0	0	0	0	247
DATA	20:08:40:000	2023-12-16	405990	13.1816	579.99	0.0946496	417.928	609.775	10.976	0.0633398	19.3332	12.4482	12.8155	74.9878	255	0	0	13.0577	1.92105	2.06095	13.17	99.4775	0	0	35401.5	44865.7	50828.1	54142.5	0	0	0	0	0	0	148
DATA	20:08:41:000	2023-12-16	406290	13.0349	573.536	0.0938448	413.28	607.004	10.9261	0.0631371	19.2455	12.379	12.817	74.9875	255	0	0	13.0577	1.92132	2.06232	13.17	99.4548	0	0	35414.8	44853.3	50821.8	54129.6	0	0	0	0	0	0	 35
DATA	20:08:42:000	2023-12-16	406590	13.1207	577.311	0.094319	415.989	608.418	10.9515	0.0632429	19.2898	12.4145	12.8191	74.9901	255	0	0	13.0584	1.92125	2.06208	13.17	99.4863	0	0	35409.9	44868.1	50828.1	54144	0	0	0	0	0	0	 57
DATA	20:08:43:000	2023-12-16	406890	13.115	577.06	0.0942854	415.833	611.223	11.002	0.0634474	19.3798	12.4847	12.8213	74.9863	255	0	0	13.0584	1.92105	2.06232	13.17	99.4048	0	0	35360.3	44832.9	50783.6	54106.1	0	0	0	0	0	0	 18
DATA	20:08:44:000	2023-12-16	407190	13.2203	581.693	0.0948672	419.145	611.273	11.0029	0.0634543	19.3802	12.486	12.8232	74.9915	255	0	0	13.0577	1.92103	2.0622	13.17	99.4462	0	0	35372.3	44851.7	50804.2	54126.3	0	0	0	0	0	0	 56
DATA	20:08:45:000	2023-12-16	407490	13.2471	582.872	0.0950096	420.036	609.917	10.9785	0.0633513	19.3391	12.4523	12.8254	74.9848	255	0	0	13.057	1.921	2.0622	13.17	99.433	0	0	35379.2	44846	50812.2	54123.2	0	0	0	0	0	0	 84
DATA	20:08:46:000	2023-12-16	407790	13.0678	574.983	0.0940275	414.321	607.999	10.944	0.0632118	19.2769	12.4045	12.8282	74.9908	255	0	0	13.0577	1.92107	2.0622	13.17	99.393	0	0	35403.7	44827.4	50804.7	54102.6	0	0	0	0	0	0	 54
DATA	20:08:47:000	2023-12-16	408090	13.0809	575.56	0.0940983	414.762	608.643	10.9556	0.0632579	19.2985	12.4207	12.8294	74.9865	255	0	0	13.0584	1.92095	2.0622	13.17	99.3609	0	0	35342.3	44813.9	50773	54089.6	0	0	0	0	0	0	 34
DATA	20:08:48:000	2023-12-16	408390	13.3201	586.084	0.0954074	422.336	612.134	11.0184	0.0635133	19.4087	12.5078	12.83	74.9886	255	0	0	13.0577	1.92126	2.06195	13.17	99.4687	0	0	35362	44860.1	50785.7	54133.5	0	0	0	0	0	0	246
DATA	20:08:49:000	2023-12-16	408690	13.3495	587.378	0.0955656	423.298	607.923	10.9426	0.0632024	19.2766	12.4028	12.8308	74.9835	255	0	0	13.0584	1.9211	2.0622	13.17	99.5692	0	0	35404.6	44906.7	50876.6	54184.9	0	0	0	0	0	0	133
DATA	20:08:50:000	2023-12-16	408990	12.8817	566.795	0.0929974	408.449	603.986	10.8717	0.0629131	19.151	12.3039	12.8307	74.9864	255	0	0	13.0577	1.92093	2.0622	13.17	99.6118	0	0	35506.7	44927.2	50908.7	54203	0	0	0	0	0	0	 29
DATA	20:08:51:000	2023-12-16	409290	12.9031	567.736	0.093116	409.114	603.9	10.8702	0.0629068	19.1477	12.3016	12.8293	74.9884	255	0	0	13.0584	1.92096	2.06195	13.17	99.6266	0	0	35516.9	44933.6	50923.6	54213.7	0	0	0	0	0	0	 51
DATA	20:08:52:000	2023-12-16	409590	12.8886	567.098	0.0930323	408.698	603.431	10.8618	0.0628696	19.1348	12.2898	12.8279	74.98	255	0	0	13.0584	1.92103	2.0632	13.17	99.5973	0	0	35498.2	44919.8	50902	54198.3	0	0	0	0	0	0	  2
DATA	20:08:53:000	2023-12-16	409890	13.0384	573.69	0.0938641	413.39	607.63	10.9373	0.0631831	19.2653	12.3952	12.8269	74.9903	255	0	0	13.0522	1.92086	2.05983	13.17	99.613	0	0	35415.9	44928.2	50911.1	54204.8	0	0	0	0	0	0	255
DATA	20:08:54:000	2023-12-16	410190	13.0068	572.299	0.0936898	412.405	603.694	10.8665	0.0628929	19.1412	12.2963	12.8269	74.9873	255	0	0	13.057	1.92084	2.06058	13.17	99.6342	0	0	35495.2	44938	50919.5	54218.1	0	0	0	0	0	0	 78
DATA	20:08:55:000	2023-12-16	410490	13.2007	580.831	0.0947524	418.577	604.398	10.8792	0.0629422	19.1647	12.314	12.8261	74.9827	255	0	0	13.0584	1.92091	2.06058	13.17	99.6291	0	0	35477.8	44935.1	50913.7	54215.1	0	0	0	0	0	0	150
DATA	20:08:56:000	2023-12-16	410790	13.015	572.66	0.0937354	412.652	607.379	10.9328	0.0631648	19.2575	12.3888	12.8253	74.9892	255	0	0	13.0584	1.92085	2.06145	13.17	99.6254	0	0	35425.1	44933.9	50901.9	54210.8	0	0	0	0	0	0	108
DATA	20:08:57:000	2023-12-16	411090	13.0855	575.762	0.0941194	414.934	606.282	10.9131	0.0630808	19.2248	12.3613	12.8248	74.9807	255	0	0	13.0577	1.92074	2.06108	13.17	99.6417	0	0	35472.8	44942.2	50918.7	54221.3	0	0	0	0	0	0	188
DATA	20:08:58:000	2023-12-16	411390	13.0383	573.685	0.093862	413.433	603.036	10.8546	0.0628432	19.1218	12.2796	12.825	74.9814	255	0	0	13.0577	1.92069	2.06095	13.17	99.6455	0	0	35487.2	44944.2	50924.4	54219.1	0	0	0	0	0	0	100
DATA	20:08:59:000	2023-12-16	411690	12.9423	569.461	0.0933332	410.379	605.51	10.8992	0.0630262	19.1997	12.3419	12.8249	74.9833	255	0	0	13.0577	1.9208	2.0612	13.17	99.6482	0	0	35509.6	44944.7	50920.1	54220.5	0	0	0	0	0	0	 46
DATA	20:09:00:000	2023-12-16	411990	13.0162	572.713	0.0937389	412.743	608.503	10.9531	0.063245	19.2956	12.417	12.8251	74.9795	255	0	0	13.0577	1.92082	2.06133	13.17	99.6912	0	0	35505.1	44963.8	50940.3	54243.2	0	0	0	0	0	0	 73
DATA	20:09:01:000	2023-12-16	412290	13.1311	577.768	0.0943755	416.357	617.297	11.1113	0.0638939	19.5731	12.6356	12.8251	74.9848	255	0	0	13.0584	1.92074	2.06095	13.17	99.6879	0	0	35493.2	44963	50887.9	54238.8	0	0	0	0	0	0	142
DATA	20:09:02:000	2023-12-16	412590	13.0704	575.098	0.0940411	414.412	615.482	11.0787	0.0637602	19.5145	12.5907	12.8259	74.9888	255	0	0	13.0577	1.92091	2.06083	13.17	99.6905	0	0	35498	44962.8	50898.5	54239.4	0	0	0	0	0	0	122
DATA	20:09:03:000	2023-12-16	412890	12.9935	571.714	0.0936177	411.99	605.865	10.9056	0.0630538	19.2104	12.351	12.8286	74.9865	255	0	0	13.0577	1.92072	2.0612	13.17	99.6926	0	0	35507.8	44965.2	50903.2	54240.8	0	0	0	0	0	0	 50
DATA	20:09:04:000	2023-12-16	413190	12.9863	571.397	0.0935749	411.785	601.432	10.8258	0.0627244	19.0709	12.2395	12.8312	74.983	255	0	0	13.0577	1.92092	2.06158	13.17	99.6994	0	0	35507.8	44966.8	50954.8	54246.6	0	0	0	0	0	0	185
DATA	20:09:05:000	2023-12-16	413490	13.0184	572.81	0.0937527	412.801	604.388	10.879	0.0629434	19.1646	12.3142	12.8336	74.9839	255	0	0	13.0584	1.92067	2.05946	13.17	99.7054	0	0	35516.8	44971.4	50954.4	54251.7	0	0	0	0	0	0	107
DATA	20:09:06:000	2023-12-16	413790	12.9917	571.635	0.0936041	411.988	602.524	10.8454	0.0628043	19.107	12.2673	12.8357	74.9784	255	0	0	13.057	1.92067	2.0617	13.17	99.694	0	0	35521.8	44966.3	50959.6	54246.2	0	0	0	0	0	0	 12
DATA	20:09:07:000	2023-12-16	414090	12.9079	567.948	0.0931422	409.302	607.737	10.9393	0.0631895	19.271	12.3985	12.8382	74.9842	255	0	0	13.0577	1.92084	2.06058	13.17	99.7186	0	0	35543.5	44976	50947.7	54254.8	0	0	0	0	0	0	 94
DATA	20:09:08:000	2023-12-16	414390	12.9236	568.638	0.0932305	409.795	604.968	10.8894	0.0629869	19.1829	12.3291	12.8395	74.9855	255	0	0	13.0577	1.92074	2.06008	13.17	99.7201	0	0	35540.3	44977.5	50952.2	54253.3	0	0	0	0	0	0	241
DATA	20:09:09:000	2023-12-16	414690	12.9345	569.118	0.0932898	410.159	600.508	10.8091	0.0626566	19.0424	12.2166	12.8406	74.9823	255	0	0	13.0577	1.9208	2.06158	13.17	99.718	0	0	35528.5	44976.1	50968.1	54253.8	0	0	0	0	0	0	114
DATA	20:09:10:000	2023-12-16	414990	13.1747	579.687	0.0946085	417.777	600.815	10.8147	0.0626766	19.0522	12.2244	12.8416	74.9825	255	0	0	13.0577	1.92081	2.06133	13.17	99.7165	0	0	35549.8	44975.3	50954.7	54253.5	0	0	0	0	0	0	228
DATA	20:09:11:000	2023-12-16	415290	12.9742	570.865	0.0935067	411.425	602.145	10.8386	0.062776	19.0946	12.2581	12.8421	74.9814	255	0	0	13.0577	1.9206	2.06095	13.17	99.7234	0	0	35521.8	44980.1	50967.4	54259.6	0	0	0	0	0	0	 99
DATA	20:09:12:000	2023-12-16	415590	12.9769	570.984	0.0935238	411.486	598.453	10.7722	0.0625046	18.9764	12.1647	12.8435	74.9864	255	0	0	13.0577	1.92085	2.05971	13.17	99.7222	0	0	35524.2	44977.6	50982.2	54256.5	0	0	0	0	0	0	244
DATA	20:09:13:000	2023-12-16	415890	12.9778	571.023	0.093527	411.537	598.792	10.7783	0.0625284	18.9882	12.1733	12.8449	74.9826	255	0	0	13.0577	1.92057	2.0602	13.17	99.7133	0	0	35530.1	44975.8	50971.6	54254.9	0	0	0	0	0	0	133
DATA	20:09:14:000	2023-12-16	416190	13.027	573.188	0.0938013	413.084	603.367	10.8606	0.0628686	19.1327	12.2891	12.8462	74.9854	255	0	0	13.0577	1.92063	2.06095	13.17	99.7102	0	0	35494.8	44973.9	50963.5	54252.3	0	0	0	0	0	0	156
DATA	20:09:15:000	2023-12-16	416490	13.0494	574.174	0.0939237	413.798	601.451	10.8261	0.0627266	19.0721	12.2408	12.848	74.9852	255	0	0	13.0577	1.92064	2.05983	13.17	99.7087	0	0	35499.8	44973.1	50963	54252.8	0	0	0	0	0	0	 77
DATA	20:09:16:000	2023-12-16	416790	13.0699	575.076	0.0940355	414.436	601.491	10.8268	0.0627288	19.0728	12.2419	12.8486	74.9874	255	0	0	13.0577	1.92058	2.06058	13.17	99.6994	0	0	35491.7	44969.4	50959.7	54250.5	0	0	0	0	0	0	  2
DATA	20:09:17:000	2023-12-16	417090	13.0414	573.822	0.0938802	413.544	603.472	10.8625	0.0628761	19.1362	12.2919	12.8485	74.9853	255	0	0	13.0584	1.92062	2.06045	13.17	99.6894	0	0	35512.7	44964.6	50930.8	54242.6	0	0	0	0	0	0	200
DATA	20:09:18:000	2023-12-16	417390	13.2723	583.981	0.0951454	420.886	602.504	10.8451	0.0628039	19.1064	12.2675	12.8493	74.9819	255	0	0	13.0577	1.9206	2.0622	13.17	99.6937	0	0	35411.1	44966.7	50947	54246.2	0	0	0	0	0	0	  8
DATA	20:09:19:000	2023-12-16	417690	13.0537	574.363	0.0939472	413.936	599.28	10.787	0.0625661	19.0033	12.186	12.8495	74.9853	255	0	0	13.0577	1.92055	2.05996	13.17	99.6836	0	0	35493	44962.5	50953.8	54243.4	0	0	0	0	0	0	255
DATA	20:09:20:000	2023-12-16	417990	13.6635	601.194	0.0972697	433.3	601.599	10.8288	0.0627363	19.078	12.2446	12.8481	74.9802	255	0	0	13.057	1.92044	2.06058	13.17	99.6811	0	0	35429.8	44962.3	50954.5	54242	0	0	0	0	0	0	166
DATA	20:09:21:000	2023-12-16	418290	12.9918	571.639	0.0936082	411.943	599.082	10.7835	0.0625527	18.9957	12.1807	12.8452	74.9895	255	0	0	13.0584	1.92061	2.06045	13.17	99.6747	0	0	35515.3	44958.1	50964.3	54240.9	0	0	0	0	0	0	236
DATA	20:09:22:000	2023-12-16	418590	12.8865	567.006	0.0930218	408.66	597.74	10.7593	0.0624498	18.9557	12.1464	12.84	74.978	255	0	0	13.0584	1.92071	2.0602	13.17	99.6877	0	0	35537.5	44963.1	50957.6	54239.6	0	0	0	0	0	0	195
DATA	20:09:23:000	2023-12-16	418890	12.9064	567.882	0.0931335	409.245	600.382	10.8069	0.0626466	19.0373	12.213	12.8329	74.9845	255	0	0	13.0563	1.92067	2.05971	13.17	99.6921	0	0	35534.9	44965.4	50960.9	54243.8	0	0	0	0	0	0	168
DATA	20:09:24:000	2023-12-16	419190	12.8242	564.265	0.0926766	406.656	596.418	10.7355	0.0623518	18.9124	12.112	12.8266	74.9797	255	0	0	13.057	1.92062	2.06058	13.17	99.6941	0	0	35553.7	44966.7	50978.8	54247.4	0	0	0	0	0	0	134
DATA	20:09:25:000	2023-12-16	419490	12.9382	569.281	0.0933071	410.257	599.371	10.7887	0.0625701	19.0054	12.1868	12.8223	74.9812	255	0	0	13.0584	1.92035	2.05908	13.17	99.6868	0	0	35535.1	44965.5	50962.4	54245.1	0	0	0	0	0	0	214
DATA	20:09:26:000	2023-12-16	419790	12.8293	564.489	0.0927063	406.768	602.145	10.8386	0.0627767	19.0917	12.2569	12.82	74.9871	255	0	0	13.0577	1.92045	2.06033	13.17	99.6951	0	0	35551.4	44968.5	50950.5	54247.9	0	0	0	0	0	0	141
DATA	20:09:27:000	2023-12-16	420090	12.9042	567.785	0.0931212	409.152	606.066	10.9092	0.063066	19.2165	12.3554	12.8167	74.9845	255	0	0	13.0577	1.92031	2.05921	13.17	99.6903	0	0	35541.5	44967.5	50941.9	54248.5	0	0	0	0	0	0	140
DATA	20:09:28:000	2023-12-16	420390	12.9145	568.238	0.0931789	409.481	605.669	10.902	0.0630375	19.204	12.3453	12.8132	74.9832	255	0	0	13.0522	1.92038	2.0602	13.17	99.694	0	0	35537.7	44968.5	50947.9	54249.4	0	0	0	0	0	0	  5
DATA	20:09:29:000	2023-12-16	420690	12.8019	563.284	0.0925581	405.876	601.362	10.8245	0.062722	19.0658	12.2366	12.8095	74.9887	255	0	0	13.0577	1.9203	2.05971	13.17	99.695	0	0	35530.7	44969.6	50957.3	54252.2	0	0	0	0	0	0	 70
DATA	20:09:30:000	2023-12-16	420990	12.8508	565.435	0.092826	407.421	602.031	10.8366	0.0627689	19.0868	12.2531	12.8037	74.9881	255	0	0	13.0577	1.92043	2.05958	13.17	99.6275	0	0	35526.7	44938.2	50927.3	54219.9	0	0	0	0	0	0	166
DATA	20:09:31:000	2023-12-16	421290	12.9007	567.631	0.0931012	409.01	602.686	10.8483	0.062816	19.1079	12.2693	12.7961	74.9848	255	0	0	13.0577	1.92026	2.05883	13.17	99.6553	0	0	35527.4	44952	50938.3	54233.3	0	0	0	0	0	0	249
DATA	20:09:32:000	2023-12-16	421590	12.7589	561.392	0.092316	404.496	599.476	10.7906	0.0625795	19.0052	12.1877	12.7888	74.9864	255	0	0	13.057	1.92019	2.05958	13.17	99.666	0	0	35562.1	44957.4	50956.3	54242.1	0	0	0	0	0	0	 93
DATA	20:09:33:000	2023-12-16	421890	12.9382	569.281	0.0933115	410.188	605.322	10.8958	0.0630111	19.1909	12.3349	12.7817	74.9831	255	0	0	13.0577	1.92018	2.05983	13.17	99.674	0	0	35274	44961	50936	54240.2	0	0	0	0	0	0	106
DATA	20:09:34:000	2023-12-16	422190	12.9091	568	0.0931502	409.213	603.519	10.8633	0.0628797	19.1313	12.2893	12.7767	74.9913	255	0	0	13.0577	1.92042	2.05833	13.17	99.6682	0	0	35506.1	44956.6	50945.2	54234.1	0	0	0	0	0	0	250
DATA	20:09:35:000	2023-12-16	422490	12.7754	562.118	0.0924084	404.995	600.971	10.8175	0.062691	19.0515	12.2247	12.7722	74.9865	255	0	0	13.0577	1.92042	2.05808	13.17	99.6452	0	0	35551	44946.2	50943.5	54225.5	0	0	0	0	0	0	 47
DATA	20:09:36:000	2023-12-16	422790	12.7621	561.532	0.0923344	404.562	599.429	10.7897	0.0625768	19.0021	12.1854	12.7685	74.9876	255	0	0	13.0577	1.92035	2.05921	13.17	99.6815	0	0	35565.4	44963.1	50968.2	54243.1	0	0	0	0	0	0	221
DATA	20:09:37:000	2023-12-16	423090	12.7727	561.999	0.0923915	404.905	600.423	10.8076	0.0626487	19.0339	12.2104	12.7648	74.9854	255	0	0	13.0577	1.92024	2.06008	13.17	99.6862	0	0	35562	44966.1	50952.1	54246.5	0	0	0	0	0	0	105
DATA	20:09:38:000	2023-12-16	423390	12.7572	561.317	0.0923069	404.392	598.578	10.7744	0.0625137	18.9744	12.1635	12.7611	74.9884	255	0	0	13.0577	1.92028	2.05833	13.17	99.6676	0	0	35564.7	44957.4	50965.2	54239.9	0	0	0	0	0	0	248
DATA	20:09:39:000	2023-12-16	423690	12.7998	563.191	0.0925463	405.714	601.38	10.8248	0.0627234	19.0619	12.2342	12.757	74.9925	255	0	0	13.0577	1.92019	2.05858	13.17	99.6723	0	0	35557.4	44960.2	50958.6	54241.8	0	0	0	0	0	0	123
DATA	20:09:40:000	2023-12-16	423990	12.803	563.332	0.0925639	405.812	598.279	10.769	0.0624938	18.9634	12.1554	12.7523	74.9919	255	0	0	13.0577	1.92015	2.05883	13.17	99.6943	0	0	35558.4	44970.4	50981.4	54252	0	0	0	0	0	0	 33
DATA	20:09:41:000	2023-12-16	424290	12.8199	564.076	0.0926554	406.371	601.224	10.822	0.0627095	19.0579	12.2298	12.7478	74.9865	255	0	0	13.0577	1.92033	2.05883	13.17	99.6989	0	0	35567.2	44971.1	50975.2	54253.7	0	0	0	0	0	0	182
DATA	20:09:42:000	2023-12-16	424590	12.7751	562.104	0.0924082	404.95	599.947	10.799	0.0626166	19.0174	12.1972	12.7435	74.9854	255	0	0	13.0577	1.92014	2.05846	13.17	99.6887	0	0	35566.4	44968	50967.3	54248.1	0	0	0	0	0	0	 42
DATA	20:09:43:000	2023-12-16	424890	12.7847	562.527	0.0924589	405.252	601.403	10.8253	0.0627216	19.0634	12.234	12.7414	74.9853	255	0	0	13.0584	1.92011	2.05946	13.17	99.6974	0	0	35565.7	44972.2	50959.8	54252.2	0	0	0	0	0	0	153
DATA	20:09:44:000	2023-12-16	425190	12.8196	564.062	0.0926542	406.346	604.179	10.8752	0.0629282	19.1508	12.3038	12.7386	74.9868	255	0	0	13.0577	1.92024	2.05883	13.17	99.718	0	0	35566.1	44980.5	50975	54262.8	0	0	0	0	0	0	 76
DATA	20:09:45:000	2023-12-16	425490	12.8007	563.231	0.0925455	405.762	599.68	10.7942	0.0625926	19.0089	12.1901	12.7359	74.9834	255	0	0	13.0577	1.92	2.05796	13.17	99.7076	0	0	35570.7	44977.7	50979.3	54259.8	0	0	0	0	0	0	 48
DATA	20:09:46:000	2023-12-16	425790	12.8479	565.308	0.0928112	407.232	600.122	10.8022	0.0626285	19.0217	12.201	12.7314	74.987	255	0	0	13.0577	1.92002	2.05808	13.17	99.7186	0	0	35565.8	44982.5	50978	54262.1	0	0	0	0	0	0	236
DATA	20:09:47:000	2023-12-16	426090	12.8233	564.225	0.0926716	406.482	603.391	10.861	0.0628676	19.1267	12.2834	12.727	74.9804	255	0	0	13.0584	1.91999	2.05871	13.17	99.716	0	0	35566.8	44981.5	50969.9	54263.7	0	0	0	0	0	0	 88
DATA	20:09:48:000	2023-12-16	426390	12.8568	565.699	0.0928592	407.479	603.278	10.859	0.0628608	19.1201	12.2804	12.7251	74.9918	255	0	0	13.0577	1.92018	2.05734	13.17	99.709	0	0	35557.1	44976.8	50961.7	54261.5	0	0	0	0	0	0	145
DATA	20:09:49:000	2023-12-16	426690	12.8598	565.831	0.0928789	407.588	605.925	10.9066	0.0630588	19.2047	12.3469	12.7236	74.9888	255	0	0	13.0577	1.9201	2.05746	13.17	99.699	0	0	35535	44973	50951.5	54254.7	0	0	0	0	0	0	231
DATA	20:09:50:000	2023-12-16	426990	13.0884	575.89	0.0941404	414.819	603.079	10.8554	0.0628484	19.1138	12.2753	12.7235	74.9915	255	0	0	13.0577	1.92006	2.05833	13.17	99.7045	0	0	35508	44975.8	50962.8	54258.3	0	0	0	0	0	0	 78
DATA	20:09:51:000	2023-12-16	427290	13.0583	574.565	0.0939741	413.9	604.839	10.8871	0.0629779	19.1712	12.3197	12.7246	74.9854	255	0	0	13.0577	1.9199	2.05821	13.17	99.6934	0	0	35533.3	44972	50958.4	54251.2	0	0	0	0	0	0	245
DATA	20:09:52:000	2023-12-16	427590	13.2438	582.727	0.0949867	419.791	601.042	10.8188	0.0626935	19.0513	12.224	12.7258	74.9837	255	0	0	13.0577	1.92017	2.05734	13.17	99.6678	0	0	35520.2	44958.4	50950.7	54240.9	0	0	0	0	0	0	174
DATA	20:09:53:000	2023-12-16	427890	12.8931	567.296	0.0930613	408.646	601.692	10.8305	0.0627444	19.0706	12.2404	12.7258	74.9889	255	0	0	13.0577	1.91997	2.05821	13.17	99.6057	0	0	35507.8	44931.9	50928.3	54214.5	0	0	0	0	0	0	229
DATA	20:09:54:000	2023-12-16	428190	12.822	564.168	0.0926698	406.378	600.328	10.8059	0.0626455	19.0267	12.2059	12.7243	74.9913	255	0	0	13.057	1.92026	2.05659	13.17	99.5469	0	0	35509.5	44903.1	50897.4	54179.8	0	0	0	0	0	0	125
DATA	20:09:55:000	2023-12-16	428490	12.9003	567.613	0.0931006	408.859	602.388	10.843	0.0627953	19.092	12.2578	12.7223	74.9908	255	0	0	13.0577	1.91997	2.05796	13.17	99.5431	0	0	35487.2	44903.7	50896.9	54182.7	0	0	0	0	0	0	140
DATA	20:09:56:000	2023-12-16	428790	12.8275	564.41	0.0926996	406.548	602.059	10.8371	0.0627729	19.0814	12.2495	12.7212	74.9912	255	0	0	13.0577	1.92005	2.05784	13.17	99.5687	0	0	35510.8	44914.6	50908.2	54194.2	0	0	0	0	0	0	172
DATA	20:09:57:000	2023-12-16	429090	12.7783	562.245	0.0924259	405.008	602.094	10.8377	0.062775	19.0834	12.2503	12.7197	74.9872	255	0	0	13.057	1.91997	2.05784	13.17	99.5758	0	0	35522.1	44918.4	50912.2	54196.7	0	0	0	0	0	0	125
DATA	20:09:58:000	2023-12-16	429390	12.8572	565.717	0.0928622	407.505	601.039	10.8187	0.0626959	19.0498	12.2235	12.7172	74.9873	255	0	0	13.0584	1.91989	2.05671	13.17	99.5516	0	0	35509.1	44908.1	50902.6	54185.4	0	0	0	0	0	0	232
DATA	20:09:59:000	2023-12-16	429690	12.7889	562.712	0.0924823	405.341	601.202	10.8216	0.0627069	19.055	12.2274	12.7133	74.9861	255	0	0	13.0591	1.92005	2.05796	13.17	99.5566	0	0	35515.6	44909.1	50909.4	54191.6	0	0	0	0	0	0	147
DATA	20:10:00:000	2023-12-16	429990	12.7996	563.182	0.0925415	405.669	600.844	10.8152	0.0626806	19.0431	12.2181	12.7094	74.9871	255	0	0	13.0591	1.91995	2.05659	13.17	99.5566	0	0	35503.5	44909.9	50906.7	54188.7	0	0	0	0	0	0	224
DATA	20:10:01:000	2023-12-16	430290	12.8143	563.829	0.0926229	406.132	600.254	10.8046	0.0626366	19.0242	12.203	12.7049	74.9866	255	0	0	13.0577	1.91976	2.05746	13.17	99.5513	0	0	35505.1	44909	50907.2	54186.2	0	0	0	0	0	0	 16
DATA	20:10:02:000	2023-12-16	430590	12.7798	562.311	0.0924338	405.024	601.312	10.8236	0.0627167	19.0571	12.2295	12.6999	74.988	255	0	0	13.0591	1.92007	2.05746	13.17	99.5896	0	0	35522.2	44923.9	50907.7	54198.1	0	0	0	0	0	0	144
DATA	20:10:03:000	2023-12-16	430890	12.8019	563.284	0.0925546	405.74	601.778	10.832	0.0627497	19.0726	12.241	12.6953	74.9839	255	0	0	13.0591	1.91989	2.05796	13.17	99.5951	0	0	35530.6	44927.8	50916	54207.2	0	0	0	0	0	0	225
DATA	20:10:04:000	2023-12-16	431190	12.803	563.332	0.0925615	405.75	602.485	10.8447	0.0628028	19.0938	12.2586	12.6912	74.9873	255	0	0	13.0591	1.91999	2.05771	13.17	99.5995	0	0	35528.5	44928.9	50916.2	54212.1	0	0	0	0	0	0	107
DATA	20:10:05:000	2023-12-16	431490	12.8033	563.345	0.0925631	405.748	604.168	10.875	0.0629267	19.1466	12.3009	12.6883	74.9888	255	0	0	13.0598	1.91968	2.05709	13.17	99.603	0	0	35532.3	44932.9	50916.4	54214.7	0	0	0	0	0	0	110
DATA	20:10:06:000	2023-12-16	431790	12.8019	563.284	0.0925545	405.743	604.947	10.889	0.0629838	19.1732	12.3204	12.6866	74.981	255	0	0	13.0591	1.9199	2.05696	13.17	99.6269	0	0	35533.3	44942	50916.9	54223.6	0	0	0	0	0	0	230
DATA	20:10:07:000	2023-12-16	432090	12.8418	565.039	0.0927783	406.988	603.959	10.8713	0.0629131	19.1409	12.2955	12.686	74.9845	255	0	0	13.0591	1.91984	2.05746	13.17	99.6544	0	0	35535.6	44954.8	50938.7	54238.5	0	0	0	0	0	0	195
DATA	20:10:08:000	2023-12-16	432390	12.867	566.148	0.0929176	407.778	605.628	10.9013	0.0630357	19.1934	12.3375	12.6863	74.9862	255	0	0	13.0584	1.91994	2.05784	13.17	99.6484	0	0	35524.3	44951.4	50923.7	54234.8	0	0	0	0	0	0	179
DATA	20:10:09:000	2023-12-16	432690	13.8753	610.513	0.0984095	439.746	602.324	10.8418	0.0627898	19.0893	12.2543	12.687	74.984	255	0	0	13.057	1.91975	2.05597	13.17	99.6723	0	0	35402.2	44963.6	50961.4	54247	0	0	0	0	0	0	232
DATA	20:10:10:000	2023-12-16	432990	13.3789	588.672	0.0957279	423.961	605.637	10.9015	0.0630356	19.1919	12.3378	12.6883	74.9938	255	0	0	13.0577	1.91987	2.05696	13.17	99.6827	0	0	35423.6	44967.4	50939.1	54248.1	0	0	0	0	0	0	  7
DATA	20:10:11:000	2023-12-16	433290	12.9959	571.82	0.093628	411.886	602.389	10.843	0.0627951	19.0918	12.2561	12.69	74.9829	255	0	0	13.057	1.91976	2.05634	13.17	99.6833	0	0	35506.6	44968.5	50952.9	54248	0	0	0	0	0	0	 89
DATA	20:10:12:000	2023-12-16	433590	13.0099	572.436	0.0937057	412.305	602.741	10.8493	0.0628214	19.1018	12.2651	12.6912	74.9878	255	0	0	13.057	1.91955	2.05671	13.17	99.6709	0	0	35514.2	44964.6	50953.8	54247.8	0	0	0	0	0	0	144
DATA	20:10:13:000	2023-12-16	433890	13.2058	581.055	0.094782	418.542	609.217	10.9659	0.0632987	19.3084	12.4277	12.6919	74.9828	255	0	0	13.0577	1.91969	2.05734	13.17	99.6817	0	0	35504.3	44968.4	50937.2	54252.5	0	0	0	0	0	0	188
DATA	20:10:14:000	2023-12-16	434190	12.9701	570.684	0.0934876	411.048	607.48	10.9346	0.063172	19.2522	12.3843	12.6933	74.9875	255	0	0	13.0577	1.91989	2.05771	13.17	99.6436	0	0	35523.5	44949.6	50924.2	54235.2	0	0	0	0	0	0	110
DATA	20:10:15:000	2023-12-16	434490	13.0283	573.245	0.0938077	412.886	606.725	10.921	0.063116	19.228	12.3655	12.695	74.9892	255	0	0	13.0577	1.91961	2.05621	13.17	99.6641	0	0	35511.4	44961.1	50929.8	54244.5	0	0	0	0	0	0	245
DATA	20:10:16:000	2023-12-16	434790	13.0338	573.487	0.0938363	413.058	608.303	10.9495	0.0632307	19.2779	12.4051	12.6964	74.9899	255	0	0	13.057	1.9198	2.05621	13.17	99.6419	0	0	35508.1	44949.6	50904.1	54231.2	0	0	0	0	0	0	107
DATA	20:10:17:000	2023-12-16	435090	13.0791	575.48	0.0940871	414.519	607.466	10.9344	0.0631704	19.2526	12.3842	12.6977	74.9856	255	0	0	13.0577	1.91969	2.05634	13.17	99.6711	0	0	35504.5	44963.6	50927.6	54244.5	0	0	0	0	0	0	170
DATA	20:10:18:000	2023-12-16	435390	13.0112	572.493	0.0937146	412.383	606.961	10.9253	0.0631341	19.2373	12.3716	12.6991	74.9832	255	0	0	13.0577	1.91961	2.05646	13.17	99.653	0	0	35493.2	44956.1	50914.8	54235.5	0	0	0	0	0	0	138
DATA	20:10:19:000	2023-12-16	435690	13.1631	579.176	0.0945518	417.151	606.884	10.9239	0.0631303	19.2327	12.3698	12.7007	74.9918	255	0	0	13.0577	1.91951	2.05597	13.17	99.6744	0	0	35475.2	44966.4	50935.8	54250.2	0	0	0	0	0	0	222
DATA	20:10:20:000	2023-12-16	435990	13.0396	573.742	0.0938719	413.249	605.183	10.8933	0.063004	19.1794	12.3272	12.7033	74.9904	255	0	0	13.057	1.9196	2.05634	13.17	99.6463	0	0	35489.8	44953.1	50929.3	54235.3	0	0	0	0	0	0	 48
DATA	20:10:21:000	2023-12-16	436290	13.0084	572.37	0.0936965	412.294	606.225	10.912	0.0630779	19.214	12.3535	12.7056	74.9849	255	0	0	13.0577	1.91965	2.05497	13.17	99.6755	0	0	35491.2	44965.9	50934.4	54251.3	0	0	0	0	0	0	 56
DATA	20:10:22:000	2023-12-16	436590	13.0842	575.705	0.0941166	414.67	608.123	10.9462	0.06322	19.2729	12.4012	12.7067	74.9899	255	0	0	13.057	1.91954	2.05659	13.17	99.6603	0	0	35488.3	44959.9	50926.9	54243.1	0	0	0	0	0	0	  6
DATA	20:10:23:000	2023-12-16	436890	13.1515	578.666	0.0944827	416.851	610.056	10.981	0.0633588	19.3364	12.4496	12.709	74.9818	255	0	0	13.057	1.91977	2.05721	13.17	99.6876	0	0	35479.3	44970.4	50930.3	54252.2	0	0	0	0	0	0	 74
DATA	20:10:24:000	2023-12-16	437190	13.1462	578.433	0.0944583	416.65	606.025	10.9085	0.0630661	19.2071	12.3488	12.7119	74.9885	255	0	0	13.0577	1.91949	2.05746	13.17	99.65	0	0	35472.5	44955.6	50927.5	54236.9	0	0	0	0	0	0	 66
DATA	20:10:25:000	2023-12-16	437490	13.1936	580.518	0.0947155	418.182	608.049	10.9449	0.063213	19.2726	12.3997	12.7149	74.9841	255	0	0	13.057	1.91958	2.05634	13.17	99.6594	0	0	35384.9	44959.1	50933.8	54243	0	0	0	0	0	0	 35
