Model:	 LI-7500
SN:	75D-4923
Timestamp:	Dec 8 2023 at 1:55:40
DATAH	Time	Date	Sequence Number	CO2 (mmol/m^3)	CO2 (mg/m^3)	CO2 Absorptance	CO2 (umol/mol)	H2O (mmol/m^3)	H2O (g/m^3)	H2O Absorptance	H2O (mmol/mol)	Dew Point (C)	Temperature (C)	Pressure (kPa)	Diagnostic Value	Diagnostic Value 2	Diagnostic Word	DSI Vin (v)	Cooler Voltage (v)	Chopper Cooler Voltage (v)	Smart Flux Vin (v)	CO2 Signal Strength	Integral	Peak Height	CO2 Sample	CO2 Reference	H2O Sample	H2O Reference	CH4 Seconds	CH4 Nano Seconds	CH4 (umol/mol)	CH4 (mmol/m^3)	CH4 Signal Strength (RSSI)	CH4 Diagnostic Value	CHK
DATA	09:55:38:000	2023-12-08	361575	12.5648	552.851	0.0911841	400.018	553.315	9.95967	0.059072	17.6156	11.0063	13.3668	74.8231	255	0	0	12.8184	1.92072	2.04861	12.97	99.0386	0	0	35378.6	44670.2	50757	53807.9	0	0	0	0	0	0	 81
DATA	09:55:39:000	2023-12-08	361875	12.569	553.036	0.0912107	400.168	550.746	9.91343	0.0588783	17.5345	10.937	13.3815	74.824	255	0	0	12.8191	1.92072	2.04798	12.97	99.0333	0	0	35375.7	44667.9	50756.8	53806.8	0	0	0	0	0	0	100
DATA	09:55:40:000	2023-12-08	362175	12.5462	552.033	0.0910851	399.4	557.75	10.0395	0.0594135	17.7556	11.128	13.3945	74.8352	255	0	0	12.8184	1.92096	2.04686	12.97	99.0385	0	0	35381	44668.3	50711.8	53804.4	0	0	0	0	0	0	170
DATA	09:55:41:000	2023-12-08	362475	12.5351	551.544	0.0910202	399.128	562.811	10.1306	0.059795	17.9204	11.265	13.4104	74.8241	255	0	0	12.8191	1.92083	2.04861	12.97	99.0358	0	0	35382	44668.1	50711.3	53803.3	0	0	0	0	0	0	225
DATA	09:55:42:000	2023-12-08	362775	12.5269	551.184	0.0909766	398.861	562.481	10.1247	0.0597716	17.9096	11.2571	13.427	74.8296	255	0	0	12.8184	1.92067	2.04811	12.97	99.0332	0	0	35385.1	44668.2	50713.6	53803.4	0	0	0	0	0	0	183
DATA	09:55:43:000	2023-12-08	363075	12.5186	550.818	0.090931	398.615	566.457	10.1962	0.0600731	18.037	11.3642	13.4434	74.8304	255	0	0	12.8184	1.92096	2.04923	12.97	99.0366	0	0	35386.2	44667.6	50696.1	53802.7	0	0	0	0	0	0	110
DATA	09:55:44:000	2023-12-08	363375	12.5233	551.025	0.0909579	398.777	564.496	10.1609	0.0599254	17.9751	11.3128	13.4606	74.8326	255	0	0	12.8184	1.92089	2.04911	12.97	99.0297	0	0	35382	44665	50695.2	53800	0	0	0	0	0	0	204
DATA	09:55:45:000	2023-12-08	363675	12.5135	550.594	0.0908996	398.518	565.94	10.1869	0.0600318	18.0235	11.3523	13.4784	74.8273	255	0	0	12.8191	1.92081	2.05023	12.97	99.0351	0	0	35385.9	44668	50689.5	53800.7	0	0	0	0	0	0	 85
DATA	09:55:46:000	2023-12-08	363975	12.4997	549.987	0.0908254	398.096	568.283	10.2291	0.0602112	18.099	11.4156	13.4959	74.8285	255	0	0	12.8129	1.92081	2.04973	12.97	99.0268	0	0	35386.9	44664.3	50676.5	53797.1	0	0	0	0	0	0	231
DATA	09:55:47:000	2023-12-08	364275	12.5011	550.048	0.0908319	398.173	570.659	10.2719	0.0603894	18.1761	11.4795	13.5121	74.8268	255	0	0	12.8184	1.92074	2.04948	12.97	99.0265	0	0	35387.5	44664.6	50672.6	53797.4	0	0	0	0	0	0	244
DATA	09:55:48:000	2023-12-08	364575	12.4923	549.661	0.0907857	397.888	572.417	10.3035	0.060524	18.2319	11.5269	13.5304	74.8323	255	0	0	12.8171	1.92077	2.04898	12.97	99.0236	0	0	35387.4	44663.1	50658.3	53794.7	0	0	0	0	0	0	198
DATA	09:55:49:000	2023-12-08	364875	12.4867	549.415	0.0907515	397.784	571.734	10.2912	0.0604705	18.2135	11.5099	13.5497	74.8235	255	0	0	12.8184	1.92079	2.04998	12.97	99.025	0	0	35391	44663.6	50660.5	53795.4	0	0	0	0	0	0	111
DATA	09:55:50:000	2023-12-08	365175	12.4867	549.415	0.0907517	397.786	573.44	10.3219	0.0605991	18.268	11.5558	13.5668	74.8275	255	0	0	12.8178	1.92104	2.0501	12.97	99.0224	0	0	35387.8	44660.5	50651.8	53792.5	0	0	0	0	0	0	 92
DATA	09:55:51:000	2023-12-08	365475	12.4777	549.019	0.090702	397.499	575.377	10.3568	0.0607451	18.3296	11.6078	13.5857	74.8325	255	0	0	12.8184	1.92079	2.05073	12.97	99.024	0	0	35388.2	44663.2	50643.5	53793.4	0	0	0	0	0	0	151
DATA	09:55:52:000	2023-12-08	365775	12.4756	548.926	0.0906927	397.47	578.599	10.4148	0.060989	18.434	11.6933	13.6043	74.8303	255	0	0	12.8184	1.92087	2.0506	12.97	99.0202	0	0	35390.4	44660.8	50627.2	53789.7	0	0	0	0	0	0	 52
DATA	09:55:53:000	2023-12-08	366075	12.47	548.68	0.0906593	397.322	579.67	10.4341	0.0610673	18.4696	11.7221	13.6199	74.8286	255	0	0	12.8184	1.92103	2.05048	12.97	99.0137	0	0	35387.5	44656.6	50620.3	53786.4	0	0	0	0	0	0	 32
DATA	09:55:54:000	2023-12-08	366375	12.4648	548.451	0.0906305	397.168	580.284	10.4451	0.0611139	18.4897	11.7391	13.6382	74.8312	255	0	0	12.8184	1.92067	2.0506	12.97	99.008	0	0	35388.4	44656.8	50611.6	53786.1	0	0	0	0	0	0	128
DATA	09:55:55:000	2023-12-08	366675	12.4611	548.288	0.0906082	397.083	581.342	10.4642	0.0611917	18.5249	11.7677	13.6573	74.83	255	0	0	12.8171	1.92108	2.0511	12.97	99.0139	0	0	35389.7	44656.4	50612.5	53784.4	0	0	0	0	0	0	 74
DATA	09:55:56:000	2023-12-08	366975	12.4479	547.708	0.0905371	396.703	584.682	10.5243	0.0614437	18.6333	11.8554	13.6745	74.8267	255	0	0	12.8184	1.92106	2.05272	12.97	99.0121	0	0	35390.6	44655.7	50599.4	53783.5	0	0	0	0	0	0	247
DATA	09:55:57:000	2023-12-08	367275	12.4496	547.782	0.0905446	396.778	583.965	10.5114	0.0613885	18.6114	11.8379	13.6943	74.828	255	0	0	12.8184	1.92101	2.0506	12.97	99.0122	0	0	35389.9	44656.2	50595.9	53783.9	0	0	0	0	0	0	168
DATA	09:55:58:000	2023-12-08	367575	12.444	547.536	0.0905145	396.621	586.795	10.5623	0.0616005	18.7026	11.9122	13.7138	74.829	255	0	0	12.8184	1.92111	2.0531	12.97	99.0088	0	0	35393.5	44653.8	50584.7	53781.1	0	0	0	0	0	0	 67
DATA	09:55:59:000	2023-12-08	367875	12.4363	547.197	0.0904712	396.393	587.975	10.5835	0.0616885	18.741	11.9436	13.732	74.8305	255	0	0	12.8184	1.92104	2.05247	12.97	99.0027	0	0	35392	44651.6	50578.5	53778.6	0	0	0	0	0	0	 60
DATA	09:56:00:000	2023-12-08	368175	12.4307	546.951	0.0904394	396.268	588.805	10.5985	0.0617498	18.77	11.966	13.7504	74.8251	255	0	0	12.8184	1.92121	2.05222	12.97	99.0076	0	0	35391.9	44652.5	50572.7	53778.3	0	0	0	0	0	0	 91
DATA	09:56:01:000	2023-12-08	368475	12.4293	546.889	0.0904348	396.198	590.922	10.6366	0.0619105	18.8363	12.0214	13.7687	74.8347	255	0	0	12.8178	1.92134	2.05247	12.97	99.0097	0	0	35394.2	44652.4	50558.8	53777.1	0	0	0	0	0	0	253
DATA	09:56:02:000	2023-12-08	368775	12.425	546.7	0.0904072	396.093	591.18	10.6412	0.0619266	18.8461	12.0289	13.785	74.8329	255	0	0	12.8184	1.92135	2.0526	12.97	99.0025	0	0	35391.2	44649.1	50557.2	53774.5	0	0	0	0	0	0	166
DATA	09:56:03:000	2023-12-08	369075	12.4296	546.902	0.0904308	396.288	591.679	10.6502	0.0619615	18.8643	12.0427	13.8036	74.8287	255	0	0	12.8184	1.92128	2.05422	12.97	99.0036	0	0	35391.7	44650.2	50558.2	53774.3	0	0	0	0	0	0	223
DATA	09:56:04:000	2023-12-08	369375	12.4273	546.801	0.0904189	396.247	594.922	10.7086	0.0622033	18.9692	12.1267	13.822	74.8274	255	0	0	12.8184	1.92128	2.05335	12.97	99.0024	0	0	35393.8	44649.6	50543.4	53773.6	0	0	0	0	0	0	176
DATA	09:56:05:000	2023-12-08	369675	12.4165	546.326	0.0903595	395.899	595.49	10.7188	0.0622464	18.9872	12.142	13.8381	74.8322	255	0	0	12.8191	1.92119	2.05372	12.97	98.9963	0	0	35391.4	44647.5	50539.2	53771.8	0	0	0	0	0	0	164
DATA	09:56:06:000	2023-12-08	369975	12.4175	546.37	0.090368	395.977	595.025	10.7105	0.0622144	18.9745	12.1311	13.8559	74.8282	255	0	0	12.8184	1.92105	2.05372	12.97	99.0058	0	0	35395.4	44652.9	50546	53777.3	0	0	0	0	0	0	 39
DATA	09:56:07:000	2023-12-08	370275	12.4169	546.344	0.0903645	395.936	597.088	10.7476	0.0623671	19.0393	12.1846	13.8734	74.8369	255	0	0	12.8191	1.92134	2.05372	12.97	99.0069	0	0	35397.4	44651.2	50531.8	53775	0	0	0	0	0	0	147
DATA	09:56:08:000	2023-12-08	370575	12.4087	545.983	0.0903184	395.705	598.072	10.7653	0.0624398	19.0721	12.2105	13.8904	74.8355	255	0	0	12.8184	1.92145	2.0526	12.97	98.9987	0	0	35395.7	44646.6	50527.4	53770.1	0	0	0	0	0	0	195
DATA	09:56:09:000	2023-12-08	370875	12.4034	545.75	0.0902854	395.596	599.126	10.7843	0.062515	19.1086	12.2381	13.9055	74.8281	255	0	0	12.8184	1.92131	2.05409	12.97	99.0018	0	0	35396.8	44649.1	50526.3	53772.4	0	0	0	0	0	0	122
DATA	09:56:10:000	2023-12-08	371175	12.3981	545.516	0.0902583	395.424	598.528	10.7735	0.0624733	19.0894	12.2238	13.9221	74.8329	255	0	0	12.8191	1.92138	2.05509	12.97	99.011	0	0	35399.7	44652.7	50526.3	53775.6	0	0	0	0	0	0	177
DATA	09:56:11:000	2023-12-08	371475	12.3899	545.156	0.0902137	395.243	602.018	10.8363	0.0627326	19.2046	12.3131	13.9386	74.822	255	0	0	12.8184	1.9214	2.05572	12.97	99.0141	0	0	35402.1	44654	50517.7	53778.1	0	0	0	0	0	0	237
DATA	09:56:12:000	2023-12-08	371775	12.3891	545.12	0.0902058	395.22	600.908	10.8163	0.0626474	19.1693	12.2857	13.9528	74.8253	255	0	0	12.8178	1.92144	2.05459	12.97	99.0236	0	0	35406.8	44657.9	50525.1	53781.9	0	0	0	0	0	0	125
DATA	09:56:13:000	2023-12-08	372075	12.3929	545.288	0.090228	395.319	602.161	10.8389	0.0627408	19.2082	12.3183	13.9694	74.8339	255	0	0	12.8184	1.92151	2.05522	12.97	99.0276	0	0	35408.2	44659.2	50523.1	53784.1	0	0	0	0	0	0	161
DATA	09:56:14:000	2023-12-08	372375	12.3896	545.142	0.0902088	395.244	602.822	10.8508	0.0627889	19.2308	12.3358	13.9846	74.832	255	0	0	12.8184	1.9214	2.05597	12.97	99.0328	0	0	35411.8	44662.4	50513.4	53787.2	0	0	0	0	0	0	126
DATA	09:56:15:000	2023-12-08	372675	12.3881	545.076	0.0902011	395.237	603.091	10.8556	0.0628095	19.2414	12.3433	13.9983	74.8279	255	0	0	12.8191	1.92163	2.05559	12.97	99.0296	0	0	35405.7	44659.2	50516.2	53783.9	0	0	0	0	0	0	228
DATA	09:56:16:000	2023-12-08	372975	12.3874	545.046	0.0901985	395.198	604.352	10.8783	0.0629034	19.2808	12.3756	14.0088	74.8337	255	0	0	12.8184	1.92151	2.05484	12.97	99.0233	0	0	35406.6	44657.2	50509.2	53780.4	0	0	0	0	0	0	230
DATA	09:56:17:000	2023-12-08	373275	12.4127	546.159	0.090343	396.007	603.642	10.8656	0.0628534	19.2582	12.3584	14.0207	74.8366	255	0	0	12.8184	1.92154	2.05709	12.97	99.0115	0	0	35396.8	44651.7	50510	53775.5	0	0	0	0	0	0	 61
DATA	09:56:18:000	2023-12-08	373575	12.4036	545.758	0.0902879	395.782	606.539	10.9177	0.0630629	19.3538	12.4319	14.0328	74.8273	255	0	0	12.8184	1.92158	2.05584	12.97	99.0128	0	0	35398.1	44651.9	50493.4	53774.4	0	0	0	0	0	0	  2
DATA	09:56:19:000	2023-12-08	373875	12.3798	544.711	0.0901526	395.03	606.502	10.917	0.0630593	19.353	12.4316	14.0445	74.8289	255	0	0	12.8191	1.92161	2.05572	12.97	98.9948	0	0	35397	44643.6	50487	53765.1	0	0	0	0	0	0	140
DATA	09:56:20:000	2023-12-08	374175	12.3821	544.812	0.0901659	395.154	606.641	10.9195	0.0630695	19.3599	12.4358	14.0581	74.823	255	0	0	12.8184	1.92163	2.05584	12.97	98.9954	0	0	35395.5	44643.8	50486.2	53763.8	0	0	0	0	0	0	194
DATA	09:56:21:000	2023-12-08	374475	12.3879	545.068	0.0902027	395.293	607.696	10.9385	0.063151	19.3913	12.4629	14.0691	74.8346	255	0	0	12.8184	1.92171	2.05696	12.97	98.9891	0	0	35393.4	44640.2	50478.4	53760.4	0	0	0	0	0	0	196
DATA	09:56:22:000	2023-12-08	374775	12.3872	545.037	0.0901957	395.353	608.407	10.9513	0.0632007	19.4181	12.4814	14.0827	74.8225	255	0	0	12.8184	1.92179	2.05759	12.97	98.9829	0	0	35389.6	44636.8	50471.3	53756.3	0	0	0	0	0	0	245
DATA	09:56:23:000	2023-12-08	375075	12.3922	545.257	0.0902269	395.49	608.553	10.954	0.0632139	19.4216	12.4858	14.0965	74.8303	255	0	0	12.8191	1.9217	2.05734	12.97	98.9822	0	0	35388.5	44637.2	50470.4	53755.8	0	0	0	0	0	0	 82
DATA	09:56:24:000	2023-12-08	375375	12.3904	545.178	0.0902146	395.461	608.599	10.9548	0.0632153	19.4245	12.4876	14.1102	74.8286	255	0	0	12.8184	1.92177	2.05671	12.97	98.9749	0	0	35388	44633.3	50468	53752.8	0	0	0	0	0	0	 55
DATA	09:56:25:000	2023-12-08	375675	12.3816	544.79	0.0901646	395.205	608.976	10.9616	0.0632425	19.4377	12.4977	14.122	74.8269	255	0	0	12.8184	1.92164	2.05771	12.97	98.974	0	0	35387.8	44634	50462.7	53751.8	0	0	0	0	0	0	 10
DATA	09:56:26:000	2023-12-08	375975	12.3813	544.777	0.0901611	395.241	609.997	10.9799	0.0633161	19.4726	12.524	14.1357	74.8219	255	0	0	12.8184	1.92191	2.05821	12.97	98.9753	0	0	35389.2	44632.5	50460.2	53750.4	0	0	0	0	0	0	187
DATA	09:56:27:000	2023-12-08	376275	12.3831	544.856	0.0901761	395.281	610.378	10.9868	0.0633483	19.4839	12.5342	14.1495	74.8288	255	0	0	12.8191	1.922	2.05921	12.97	98.9763	0	0	35389.3	44632.2	50460.2	53750.7	0	0	0	0	0	0	140
DATA	09:56:28:000	2023-12-08	376575	12.3784	544.65	0.0901485	395.097	611.549	11.0079	0.063433	19.5196	12.5641	14.1634	74.8388	255	0	0	12.8184	1.92206	2.05883	12.97	98.9836	0	0	35390.2	44635.1	50455.2	53753.7	0	0	0	0	0	0	141
DATA	09:56:29:000	2023-12-08	376875	12.3781	544.636	0.0901452	395.128	612.583	11.0265	0.0635078	19.5546	12.5906	14.1768	74.8346	255	0	0	12.8191	1.92194	2.05933	12.97	98.9785	0	0	35391.7	44633.7	50452.1	53751	0	0	0	0	0	0	148
DATA	09:56:30:000	2023-12-08	377175	12.3718	544.359	0.0901124	394.94	613.916	11.0505	0.0636078	19.5978	12.6244	14.1899	74.8355	255	0	0	12.8184	1.92198	2.05833	12.97	98.9778	0	0	35390.5	44633.1	50444.5	53750	0	0	0	0	0	0	 96
DATA	09:56:31:000	2023-12-08	377475	12.3698	544.271	0.0900999	394.881	613.268	11.0388	0.063559	19.5773	12.609	14.2025	74.8379	255	0	0	12.8171	1.92208	2.05833	12.97	98.9867	0	0	35392.1	44636.3	50447.9	53752.7	0	0	0	0	0	0	162
DATA	09:56:32:000	2023-12-08	377775	12.3738	544.447	0.090122	395.066	614.05	11.0529	0.0636158	19.6052	12.629	14.2138	74.8299	255	0	0	12.8184	1.92237	2.05846	12.97	98.9904	0	0	35393	44635.7	50445.4	53752.5	0	0	0	0	0	0	237
DATA	09:56:33:000	2023-12-08	378075	12.3658	544.095	0.0900763	394.832	614.552	11.0619	0.0636524	19.6222	12.6421	14.2252	74.8289	255	0	0	12.8184	1.92212	2.06008	12.97	98.9914	0	0	35395.8	44638.1	50446.4	53756.4	0	0	0	0	0	0	216
DATA	09:56:34:000	2023-12-08	378375	12.3658	544.095	0.090076	394.864	614.327	11.0579	0.0636357	19.6166	12.637	14.2343	74.8252	255	0	0	12.8178	1.92225	2.05946	12.97	98.9843	0	0	35389.2	44633.9	50441.2	53750.1	0	0	0	0	0	0	138
DATA	09:56:35:000	2023-12-08	378675	12.3641	544.02	0.0900701	394.768	614.872	11.0677	0.0636785	19.632	12.6511	14.2454	74.836	255	0	0	12.8184	1.92222	2.05983	12.97	98.9736	0	0	35390.1	44629.3	50431.1	53743.6	0	0	0	0	0	0	 64
DATA	09:56:36:000	2023-12-08	378975	12.3575	543.73	0.0900306	394.6	616.296	11.0933	0.0637805	19.6796	12.687	14.2571	74.8309	255	0	0	12.8191	1.92212	2.0607	12.97	98.9645	0	0	35389.2	44626	50426.4	53740.6	0	0	0	0	0	0	143
DATA	09:56:37:000	2023-12-08	379275	12.3476	543.294	0.089972	394.311	616.644	11.0996	0.0638037	19.692	12.6963	14.2692	74.8289	255	0	0	12.8184	1.92227	2.05933	12.97	98.9659	0	0	35389.3	44625.4	50422.3	53739.7	0	0	0	0	0	0	176
DATA	09:56:38:000	2023-12-08	379575	12.3542	543.585	0.0900127	394.511	616.596	11.0987	0.0638034	19.69	12.6958	14.2822	74.8344	255	0	0	12.8184	1.92213	2.0612	12.97	98.9597	0	0	35386.5	44623.7	50419.7	53737.4	0	0	0	0	0	0	 97
DATA	09:56:39:000	2023-12-08	379875	12.3513	543.457	0.0899976	394.44	616.999	11.106	0.0638341	19.7039	12.7063	14.293	74.8331	255	0	0	12.8191	1.92229	2.06095	12.97	98.965	0	0	35385.7	44624.9	50416.8	53737.2	0	0	0	0	0	0	 64
DATA	09:56:40:000	2023-12-08	380175	12.3455	543.202	0.089962	394.28	617.898	11.1222	0.0638971	19.7339	12.7292	14.3046	74.8313	255	0	0	12.8191	1.92255	2.0617	12.97	98.9639	0	0	35388.7	44622.3	50412.6	53734.8	0	0	0	0	0	0	 76
DATA	09:56:41:000	2023-12-08	380475	12.3477	543.299	0.0899743	394.358	618.997	11.1419	0.063977	19.7694	12.757	14.3174	74.8332	255	0	0	12.8191	1.92245	2.0612	12.97	98.9599	0	0	35386.6	44621.3	50406.7	53735.3	0	0	0	0	0	0	120
DATA	09:56:42:000	2023-12-08	380775	12.3418	543.039	0.0899427	394.221	619.216	11.1459	0.0639946	19.7789	12.7631	14.3307	74.8269	255	0	0	12.8184	1.92238	2.06183	12.97	98.9595	0	0	35388.2	44621.7	50407.6	53735	0	0	0	0	0	0	161
DATA	09:56:43:000	2023-12-08	381075	12.3352	542.749	0.0899063	394.006	619.823	11.1568	0.0640397	19.7981	12.7787	14.3435	74.831	255	0	0	12.8184	1.92257	2.06183	12.97	98.9619	0	0	35388.4	44621.2	50405.2	53733.3	0	0	0	0	0	0	185
DATA	09:56:44:000	2023-12-08	381375	12.3331	542.656	0.0898946	393.971	619.898	11.1582	0.0640451	19.8022	12.7811	14.3539	74.8275	255	0	0	12.8184	1.92256	2.0612	12.97	98.9592	0	0	35389.3	44620.2	50402.2	53732.8	0	0	0	0	0	0	181
DATA	09:56:45:000	2023-12-08	381675	12.3393	542.929	0.0899289	394.16	621.554	11.188	0.0641652	19.8546	12.8225	14.3667	74.8327	255	0	0	12.8184	1.92272	2.06282	12.97	98.9575	0	0	35388.8	44618.2	50392	53730.6	0	0	0	0	0	0	 65
DATA	09:56:46:000	2023-12-08	381975	12.3379	542.868	0.0899191	394.188	621.691	11.1904	0.0641736	19.8626	12.8266	14.3799	74.8222	255	0	0	12.8184	1.92282	2.06257	12.97	98.9582	0	0	35387.4	44617.7	50392.4	53730.3	0	0	0	0	0	0	 18
DATA	09:56:47:000	2023-12-08	382275	12.323	542.212	0.0898351	393.674	622.794	11.2103	0.0642541	19.896	12.8544	14.3929	74.8328	255	0	0	12.8184	1.92247	2.0627	12.97	98.95	0	0	35388.4	44616.7	50384.1	53729.1	0	0	0	0	0	0	234
DATA	09:56:48:000	2023-12-08	382575	12.3128	541.763	0.0897794	393.385	624.151	11.2347	0.0643547	19.9412	12.8883	14.4052	74.8291	255	0	0	12.8171	1.92282	2.06357	12.97	98.9529	0	0	35387.5	44615.3	50381.2	53724.6	0	0	0	0	0	0	244
DATA	09:56:49:000	2023-12-08	382875	12.3134	541.79	0.0897822	393.413	624.508	11.2411	0.0643798	19.953	12.8977	14.4181	74.8308	255	0	0	12.8184	1.92277	2.06158	12.97	98.9486	0	0	35390.1	44613.8	50375.3	53722.6	0	0	0	0	0	0	150
DATA	09:56:50:000	2023-12-08	383175	12.3095	541.618	0.0897649	393.281	624.376	11.2388	0.0643747	19.9484	12.8952	14.4318	74.8357	255	0	0	12.8184	1.92282	2.06395	12.97	98.9474	0	0	35387.3	44612.8	50372.9	53722.7	0	0	0	0	0	0	 15
DATA	09:56:51:000	2023-12-08	383475	12.3033	541.345	0.0897274	393.134	625.235	11.2542	0.0644346	19.9785	12.9169	14.4457	74.8296	255	0	0	12.8184	1.92291	2.06407	12.97	98.9492	0	0	35387.2	44612.9	50369.7	53722.8	0	0	0	0	0	0	248
DATA	09:56:52:000	2023-12-08	383775	12.3035	541.354	0.0897256	393.167	626.171	11.2711	0.0645003	20.0097	12.9405	14.4593	74.8281	255	0	0	12.8178	1.92267	2.06407	12.97	98.9466	0	0	35389.5	44613.6	50367.3	53722.1	0	0	0	0	0	0	213
DATA	09:56:53:000	2023-12-08	384075	12.2931	540.896	0.0896695	392.83	626.215	11.2719	0.0645055	20.0109	12.9421	14.4695	74.8317	255	0	0	12.8171	1.92297	2.06544	12.97	98.9533	0	0	35392.6	44614.3	50368.3	53724.7	0	0	0	0	0	0	180
DATA	09:56:54:000	2023-12-08	384375	12.2917	540.835	0.0896625	392.806	626.997	11.2859	0.0645631	20.037	12.9618	14.4814	74.8307	255	0	0	12.8184	1.92314	2.06457	12.97	98.9528	0	0	35392.4	44612.8	50363.3	53722.4	0	0	0	0	0	0	191
DATA	09:56:55:000	2023-12-08	384675	12.2954	540.998	0.0896832	392.909	627.365	11.2926	0.0645898	20.0479	12.9715	14.4934	74.8368	255	0	0	12.8184	1.92302	2.06407	12.97	98.9458	0	0	35389.3	44610.6	50359.5	53719	0	0	0	0	0	0	186
DATA	09:56:56:000	2023-12-08	384975	12.2882	540.681	0.0896433	392.695	628.412	11.3114	0.0646665	20.0822	12.9976	14.5057	74.837	255	0	0	12.8184	1.92293	2.06432	12.97	98.9504	0	0	35393.1	44613.3	50357.2	53723	0	0	0	0	0	0	 80
DATA	09:56:57:000	2023-12-08	385275	12.2873	540.641	0.0896373	392.674	628.22	11.308	0.0646515	20.0765	12.9936	14.5181	74.8387	255	0	0	12.8191	1.92305	2.06532	12.97	98.9597	0	0	35394.6	44616.6	50359.7	53724.7	0	0	0	0	0	0	150
DATA	09:56:58:000	2023-12-08	385575	12.285	540.54	0.0896231	392.653	629.712	11.3348	0.0647589	20.1269	13.0304	14.5276	74.8311	255	0	0	12.8178	1.92313	2.06619	12.97	98.9403	0	0	35389.9	44607.2	50344.1	53714.6	0	0	0	0	0	0	121
DATA	09:56:59:000	2023-12-08	385875	12.2796	540.302	0.0895931	392.497	630.009	11.3402	0.0647809	20.1372	13.0382	14.5395	74.831	255	0	0	12.8184	1.92312	2.06569	12.97	98.938	0	0	35388.7	44606.2	50342.6	53714	0	0	0	0	0	0	 24
DATA	09:57:00:000	2023-12-08	386175	12.2843	540.509	0.0896219	392.629	629.12	11.3242	0.0647188	20.1079	13.0173	14.5519	74.8377	255	0	0	12.8184	1.92328	2.06444	12.97	98.9395	0	0	35387.4	44605.7	50347.1	53713.5	0	0	0	0	0	0	172
DATA	09:57:01:000	2023-12-08	386475	12.2712	539.933	0.0895479	392.25	630.715	11.3529	0.0648341	20.1609	13.0567	14.5642	74.8333	255	0	0	12.8184	1.92325	2.06457	12.97	98.9403	0	0	35391.5	44606.2	50341.6	53712.3	0	0	0	0	0	0	153
DATA	09:57:02:000	2023-12-08	386775	12.2877	540.659	0.0896372	392.831	630.614	11.3511	0.0648233	20.1604	13.0549	14.5765	74.8263	255	0	0	12.8184	1.9231	2.06656	12.97	98.9367	0	0	35390	44605.8	50340.2	53712.2	0	0	0	0	0	0	 59
DATA	09:57:03:000	2023-12-08	387075	12.2736	540.038	0.0895622	392.37	630.935	11.3568	0.0648508	20.1701	13.0632	14.5866	74.8309	255	0	0	12.8184	1.92336	2.06744	12.97	98.9322	0	0	35387.9	44601.8	50331	53707.4	0	0	0	0	0	0	 63
DATA	09:57:04:000	2023-12-08	387375	12.2753	540.113	0.0895687	392.443	631.916	11.3745	0.0649192	20.2024	13.0877	14.5998	74.8308	255	0	0	12.8178	1.92345	2.06631	12.97	98.9352	0	0	35387.8	44602.4	50330.9	53708.2	0	0	0	0	0	0	230
DATA	09:57:05:000	2023-12-08	387675	12.2709	539.92	0.0895468	392.304	632.929	11.3927	0.0649952	20.2349	13.1129	14.6129	74.8339	255	0	0	12.8184	1.92359	2.06656	12.97	98.941	0	0	35388.4	44603.9	50329.9	53708.9	0	0	0	0	0	0	171
DATA	09:57:06:000	2023-12-08	387975	12.2644	539.634	0.0895071	392.12	633.954	11.4112	0.0650667	20.2689	13.1383	14.6252	74.8325	255	0	0	12.8184	1.92355	2.06794	12.97	98.9332	0	0	35388.8	44600.7	50324.8	53704.7	0	0	0	0	0	0	180
DATA	09:57:07:000	2023-12-08	388275	12.2737	540.043	0.0895631	392.447	633.317	11.3997	0.0650237	20.2501	13.1236	14.6383	74.8304	255	0	0	12.8184	1.92367	2.06681	12.97	98.9312	0	0	35383.5	44598.9	50320	53703.5	0	0	0	0	0	0	111
DATA	09:57:08:000	2023-12-08	388575	12.2843	540.509	0.0896199	392.791	630.956	11.3572	0.0648501	20.1748	13.0671	14.6504	74.8325	255	0	0	12.8184	1.92357	2.06706	12.97	98.9355	0	0	35386.7	44601.6	50328.9	53707.9	0	0	0	0	0	0	250
DATA	09:57:09:000	2023-12-08	388875	12.2624	539.546	0.0894954	392.137	634.181	11.4153	0.0650827	20.2804	13.1458	14.6619	74.8266	255	0	0	12.8178	1.92376	2.06881	12.97	98.9318	0	0	35387.1	44598.5	50317.6	53702.6	0	0	0	0	0	0	  1
DATA	09:57:10:000	2023-12-08	389175	12.2681	539.796	0.0895291	392.296	633.064	11.3952	0.0650033	20.2435	13.1194	14.674	74.8342	255	0	0	12.8178	1.92383	2.06868	12.97	98.9377	0	0	35389.7	44600.6	50324.6	53704.8	0	0	0	0	0	0	190
DATA	09:57:11:000	2023-12-08	389475	12.2525	539.11	0.0894429	391.816	634.516	11.4213	0.0651098	20.2909	13.1551	14.6863	74.8338	255	0	0	12.8184	1.92357	2.06906	12.97	98.9285	0	0	35388.9	44598.4	50314	53700.5	0	0	0	0	0	0	 86
DATA	09:57:12:000	2023-12-08	389775	12.2514	539.062	0.0894333	391.811	635.175	11.4331	0.0651544	20.3135	13.1716	14.697	74.8308	255	0	0	12.8184	1.92398	2.06918	12.97	98.9312	0	0	35387.6	44596.5	50308	53699.2	0	0	0	0	0	0	 84
DATA	09:57:13:000	2023-12-08	390075	12.2773	540.201	0.0895826	392.642	632.166	11.379	0.0649394	20.2174	13.0996	14.7099	74.8338	255	0	0	12.8184	1.92391	2.06956	12.97	98.9331	0	0	35381.2	44597.8	50328	53704.2	0	0	0	0	0	0	 86
DATA	09:57:14:000	2023-12-08	390375	12.2582	539.361	0.0894756	392.045	635.373	11.4367	0.0651725	20.3207	13.1778	14.7228	74.8344	255	0	0	12.8184	1.92403	2.0703	12.97	98.9328	0	0	35387.4	44596.8	50310	53699.8	0	0	0	0	0	0	 85
DATA	09:57:15:000	2023-12-08	390675	12.2586	539.378	0.08948	392.054	634.297	11.4173	0.0650965	20.2861	13.1524	14.7349	74.8383	255	0	0	12.8184	1.92413	2.07018	12.97	98.9331	0	0	35383.4	44596.2	50317.8	53699.3	0	0	0	0	0	0	143
DATA	09:57:16:000	2023-12-08	390975	12.2739	540.052	0.0895605	392.616	633.549	11.4039	0.065037	20.2659	13.135	14.7474	74.8277	255	0	0	12.8191	1.924	2.0703	12.97	98.9304	0	0	35383.6	44595.9	50313.2	53700.2	0	0	0	0	0	0	209
DATA	09:57:17:000	2023-12-08	391275	12.2619	539.524	0.0894928	392.245	635.547	11.4398	0.0651813	20.3304	13.1838	14.757	74.8278	255	0	0	12.8198	1.92405	2.07018	12.97	98.9289	0	0	35384.3	44594.9	50308.2	53697.4	0	0	0	0	0	0	210
DATA	09:57:18:000	2023-12-08	391575	12.2579	539.348	0.0894706	392.133	635.723	11.443	0.0651947	20.3369	13.1886	14.7691	74.8279	255	0	0	12.8191	1.92414	2.06993	12.97	98.9315	0	0	35384.5	44595.3	50305.2	53695.5	0	0	0	0	0	0	210
DATA	09:57:19:000	2023-12-08	391875	12.2625	539.55	0.0894996	392.261	635.504	11.4391	0.065182	20.3289	13.184	14.7812	74.8346	255	0	0	12.8198	1.9241	2.0708	12.97	98.93	0	0	35385	44595	50305.5	53696.4	0	0	0	0	0	0	205
DATA	09:57:20:000	2023-12-08	392175	12.2654	539.678	0.0895167	392.353	636.906	11.4643	0.0652837	20.3737	13.2184	14.7931	74.8379	255	0	0	12.8184	1.9241	2.07093	12.97	98.9247	0	0	35385.8	44592.6	50299.6	53695.5	0	0	0	0	0	0	218
DATA	09:57:21:000	2023-12-08	392475	12.2574	539.326	0.0894684	392.141	636.059	11.4491	0.0652192	20.3489	13.1987	14.805	74.8325	255	0	0	12.8198	1.92446	2.07317	12.97	98.9289	0	0	35380.2	44591.7	50301.7	53693.1	0	0	0	0	0	0	190
DATA	09:57:22:000	2023-12-08	392775	12.2546	539.202	0.0894534	392.071	636.512	11.4572	0.0652529	20.3644	13.2101	14.8145	74.8313	255	0	0	12.8198	1.92432	2.07143	12.97	98.9277	0	0	35382.2	44592.2	50295.6	53692.4	0	0	0	0	0	0	202
DATA	09:57:23:000	2023-12-08	393075	12.2554	539.238	0.089459	392.114	637.604	11.4769	0.0653331	20.4003	13.2369	14.826	74.831	255	0	0	12.8198	1.92446	2.0713	12.97	98.9287	0	0	35383.1	44591.6	50292.9	53691.3	0	0	0	0	0	0	 20
DATA	09:57:24:000	2023-12-08	393375	12.2481	538.916	0.0894199	391.876	638.299	11.4894	0.0653855	20.4223	13.2542	14.8375	74.8348	255	0	0	12.8205	1.9245	2.0723	12.97	98.9217	0	0	35384.4	44588.1	50288.8	53688.2	0	0	0	0	0	0	168
DATA	09:57:25:000	2023-12-08	393675	12.2423	538.661	0.089386	391.717	638.55	11.4939	0.0654021	20.4317	13.2609	14.8494	74.8329	255	0	0	12.8198	1.92459	2.07193	12.97	98.9248	0	0	35386	44588.8	50285.6	53688.8	0	0	0	0	0	0	 82
DATA	09:57:26:000	2023-12-08	393975	12.2395	538.538	0.0893682	391.641	639.578	11.5124	0.0654744	20.4653	13.2862	14.8621	74.8336	255	0	0	12.8198	1.92461	2.0723	12.97	98.9209	0	0	35384.4	44586.9	50278.4	53685.9	0	0	0	0	0	0	222
DATA	09:57:27:000	2023-12-08	394275	12.2362	538.393	0.0893486	391.577	639.512	11.5112	0.0654686	20.4654	13.2852	14.8721	74.8282	255	0	0	12.8184	1.92475	2.07267	12.97	98.9224	0	0	35382.9	44586.4	50280.5	53686.2	0	0	0	0	0	0	252
DATA	09:57:28:000	2023-12-08	394575	12.2346	538.322	0.0893415	391.522	641.019	11.5383	0.0655791	20.5134	13.3219	14.8848	74.8322	255	0	0	12.8184	1.92488	2.07242	12.97	98.9243	0	0	35385.1	44586.3	50272.6	53684.4	0	0	0	0	0	0	226
DATA	09:57:29:000	2023-12-08	394875	12.231	538.164	0.08932	391.423	640.539	11.5297	0.0655434	20.4989	13.3111	14.8972	74.8323	255	0	0	12.8191	1.92479	2.07292	12.97	98.9216	0	0	35384.1	44585.8	50273.2	53684.4	0	0	0	0	0	0	 87
DATA	09:57:30:000	2023-12-08	395175	12.2223	537.781	0.0892736	391.137	641.686	11.5503	0.0656288	20.5352	13.3392	14.9086	74.8368	255	0	0	12.8184	1.92507	2.0738	12.97	98.9242	0	0	35384.6	44584.8	50268	53684.4	0	0	0	0	0	0	 98
DATA	09:57:31:000	2023-12-08	395475	12.2337	538.283	0.0893362	391.541	640.53	11.5295	0.065544	20.5002	13.3121	14.9202	74.8323	255	0	0	12.8191	1.92471	2.07479	12.97	98.9204	0	0	35381.7	44585.9	50275.6	53684.5	0	0	0	0	0	0	104
DATA	09:57:32:000	2023-12-08	395775	12.2277	538.019	0.0893006	391.347	641.986	11.5557	0.0656473	20.5467	13.3474	14.9294	74.8351	255	0	0	12.8184	1.92497	2.07355	12.97	98.9254	0	0	35386	44586.1	50267	53682.3	0	0	0	0	0	0	 67
DATA	09:57:33:000	2023-12-08	396075	12.2301	538.124	0.0893151	391.476	642.405	11.5633	0.065678	20.5629	13.358	14.9408	74.828	255	0	0	12.8191	1.92505	2.07517	12.97	98.9283	0	0	35386.2	44586.7	50266.4	53685	0	0	0	0	0	0	237
DATA	09:57:34:000	2023-12-08	396375	12.2334	538.27	0.0893349	391.594	642.206	11.5597	0.0656646	20.5572	13.3539	14.9522	74.8286	255	0	0	12.8178	1.92515	2.07504	12.97	98.9281	0	0	35385.1	44585.9	50269.1	53685.8	0	0	0	0	0	0	213
DATA	09:57:35:000	2023-12-08	396675	12.2245	537.878	0.0892862	391.283	642.244	11.5604	0.0656691	20.557	13.3554	14.9627	74.8363	255	0	0	12.8184	1.92519	2.07617	12.97	98.9335	0	0	35387.6	44588	50266.2	53684.9	0	0	0	0	0	0	124
DATA	09:57:36:000	2023-12-08	396975	12.2184	537.61	0.0892514	391.109	644.034	11.5926	0.0657975	20.6154	13.3986	14.972	74.8347	255	0	0	12.8184	1.92514	2.07479	12.97	98.9373	0	0	35392	44590.2	50263	53687.2	0	0	0	0	0	0	214
DATA	09:57:37:000	2023-12-08	397275	12.2131	537.376	0.0892234	390.943	644.259	11.5967	0.0658157	20.6228	13.4044	14.9817	74.8365	255	0	0	12.8184	1.92537	2.07517	12.97	98.9278	0	0	35382.8	44584	50259.1	53680.8	0	0	0	0	0	0	165
DATA	09:57:38:000	2023-12-08	397575	12.2116	537.31	0.0892129	390.919	644.75	11.6055	0.0658492	20.6398	13.4165	14.9885	74.8337	255	0	0	12.8178	1.92503	2.07504	12.97	98.9241	0	0	35385.6	44585	50254.1	53682.4	0	0	0	0	0	0	 50
DATA	09:57:39:000	2023-12-08	397875	12.2245	537.878	0.0892854	391.324	644.388	11.599	0.0658227	20.6278	13.4084	14.9979	74.8376	255	0	0	12.8184	1.92502	2.07604	12.97	98.9351	0	0	35388.8	44590.1	50259.5	53687.4	0	0	0	0	0	0	243
DATA	09:57:40:000	2023-12-08	398175	12.2111	537.288	0.0892069	390.943	645.201	11.6136	0.0658787	20.6564	13.4282	15.0067	74.8307	255	0	0	12.8184	1.92525	2.07629	12.97	98.9339	0	0	35390.9	44587.7	50254.7	53683.9	0	0	0	0	0	0	251
