Model:	 LI-7500
SN:	75D-4923
Timestamp:	Dec 8 2023 at 3:55:08
DATAH	Time	Date	Sequence Number	CO2 (mmol/m^3)	CO2 (mg/m^3)	CO2 Absorptance	CO2 (umol/mol)	H2O (mmol/m^3)	H2O (g/m^3)	H2O Absorptance	H2O (mmol/mol)	Dew Point (C)	Temperature (C)	Pressure (kPa)	Diagnostic Value	Diagnostic Value 2	Diagnostic Word	DSI Vin (v)	Cooler Voltage (v)	Chopper Cooler Voltage (v)	Smart Flux Vin (v)	CO2 Signal Strength	Integral	Peak Height	CO2 Sample	CO2 Reference	H2O Sample	H2O Reference	CH4 Seconds	CH4 Nano Seconds	CH4 (umol/mol)	CH4 (mmol/m^3)	CH4 Signal Strength (RSSI)	CH4 Diagnostic Value	CHK
DATA	11:55:07:000	2023-12-08	2512275	12.9582	570.161	0.0934152	426.141	737.503	13.2751	0.0723758	24.2534	15.9312	23.1342	74.9049	255	0	0	12.7751	2.03611	2.36994	12.92	98.7129	0	0	34370.5	43484.1	48612	52195.6	0	0	0	0	0	0	132
DATA	11:55:08:000	2023-12-08	2512575	12.9667	570.535	0.0934601	426.437	744.188	13.3954	0.0728299	24.4742	16.0732	23.1482	74.9054	255	0	0	12.7744	2.0363	2.37007	12.92	98.7175	0	0	34370.4	43484.2	48587.9	52195.2	0	0	0	0	0	0	224
DATA	11:55:09:000	2023-12-08	2512875	12.9619	570.324	0.0934338	426.293	739.948	13.3191	0.0725409	24.3355	15.9843	23.1594	74.9059	255	0	0	12.7751	2.03644	2.37019	12.92	98.7207	0	0	34369	43484.2	48593.5	52195.3	0	0	0	0	0	0	192
DATA	11:55:10:000	2023-12-08	2513175	12.9801	571.124	0.0935377	426.886	747.635	13.4574	0.0730681	24.588	16.147	23.1735	74.9104	255	0	0	12.7751	2.03658	2.37019	12.92	98.7245	0	0	34365.2	43484.4	48559.2	52191.6	0	0	0	0	0	0	163
DATA	11:55:11:000	2023-12-08	2513475	12.9726	570.794	0.0934963	426.665	748.535	13.4736	0.0731293	24.6191	16.1666	23.1878	74.9095	255	0	0	12.7751	2.03662	2.37082	12.92	98.7246	0	0	34367.6	43484	48568.7	52192.3	0	0	0	0	0	0	203
DATA	11:55:12:000	2023-12-08	2513775	12.9696	570.662	0.0934808	426.573	746.875	13.4437	0.0730172	24.5649	16.1325	23.2017	74.9119	255	0	0	12.7744	2.03671	2.36994	12.92	98.7258	0	0	34370.5	43483.7	48589.8	52193.1	0	0	0	0	0	0	 39
DATA	11:55:13:000	2023-12-08	2514075	12.9643	570.429	0.0934482	426.435	747.786	13.4601	0.0730759	24.5969	16.1524	23.216	74.9091	255	0	0	12.7751	2.03639	2.37032	12.92	98.7123	0	0	34365.8	43480.9	48564.8	52188.2	0	0	0	0	0	0	221
DATA	11:55:14:000	2023-12-08	2514375	12.9752	570.909	0.0935107	426.824	758.036	13.6446	0.0737729	24.9359	16.3666	23.2276	74.9067	255	0	0	12.7751	2.03652	2.36994	12.92	98.7108	0	0	34362.9	43479	48498.9	52182.1	0	0	0	0	0	0	211
DATA	11:55:15:000	2023-12-08	2514675	12.9741	570.86	0.0935065	426.791	762.546	13.7258	0.0740792	25.0844	16.4605	23.2411	74.9095	255	0	0	12.7751	2.03671	2.36994	12.92	98.7196	0	0	34364.8	43480.9	48509.2	52184.8	0	0	0	0	0	0	240
DATA	11:55:16:000	2023-12-08	2514975	12.969	570.636	0.0934758	426.657	756.672	13.6201	0.0736799	24.8931	16.3398	23.2562	74.9075	255	0	0	12.7744	2.03667	2.37144	12.92	98.7159	0	0	34365.6	43479.7	48536.1	52185.4	0	0	0	0	0	0	 15
DATA	11:55:17:000	2023-12-08	2515275	12.9669	570.544	0.093465	426.621	758.262	13.6487	0.0737885	24.9474	16.3736	23.2709	74.9053	255	0	0	12.7738	2.03648	2.37107	12.92	98.7107	0	0	34365	43479.3	48518.5	52183.4	0	0	0	0	0	0	152
DATA	11:55:18:000	2023-12-08	2515575	12.9744	570.874	0.0935078	426.859	763.109	13.736	0.0741171	25.1064	16.4744	23.2857	74.9106	255	0	0	12.7751	2.03661	2.37044	12.92	98.7124	0	0	34363.5	43478.8	48496	52182.8	0	0	0	0	0	0	134
DATA	11:55:19:000	2023-12-08	2515875	12.9734	570.83	0.0935023	426.867	764.257	13.7566	0.0741944	25.1465	16.4988	23.2995	74.907	255	0	0	12.7744	2.03667	2.37119	12.92	98.7159	0	0	34364.9	43479.7	48495.6	52182.7	0	0	0	0	0	0	231
DATA	11:55:20:000	2023-12-08	2516175	12.9679	570.588	0.0934714	426.729	764.727	13.7651	0.0742254	25.1645	16.509	23.3105	74.9022	255	0	0	12.7751	2.03657	2.37107	12.92	98.7095	0	0	34364.3	43477.9	48489.9	52180.3	0	0	0	0	0	0	231
DATA	11:55:21:000	2023-12-08	2516475	12.9703	570.693	0.0934838	426.801	765.958	13.7872	0.0743076	25.2046	16.5351	23.3249	74.9071	255	0	0	12.7751	2.03678	2.37157	12.92	98.7166	0	0	34363.7	43478.9	48487.5	52180.5	0	0	0	0	0	0	 41
DATA	11:55:22:000	2023-12-08	2516775	12.9879	571.468	0.0935801	427.454	780.556	14.05	0.0752855	25.6894	16.833	23.3394	74.8977	255	0	0	12.7738	2.03669	2.37194	12.92	98.7111	0	0	34357.8	43477.4	48428.4	52174.4	0	0	0	0	0	0	166
DATA	11:55:23:000	2023-12-08	2517075	12.989	571.516	0.0935887	427.496	778.899	14.0202	0.0751774	25.6352	16.8003	23.3542	74.9005	255	0	0	12.7689	2.03657	2.37269	12.92	98.7098	0	0	34360.7	43478	48438.2	52176.5	0	0	0	0	0	0	160
DATA	11:55:24:000	2023-12-08	2517375	12.9912	571.613	0.0935979	427.59	782.515	14.0853	0.0754159	25.7555	16.8741	23.3684	74.9003	255	0	0	12.7744	2.03685	2.37281	12.92	98.7125	0	0	34356.4	43476.3	48422.8	52173.7	0	0	0	0	0	0	239
DATA	11:55:25:000	2023-12-08	2517675	12.997	571.868	0.0936318	427.792	784.368	14.1186	0.0755422	25.8172	16.9121	23.3817	74.9017	255	0	0	12.7751	2.0369	2.37281	12.92	98.7129	0	0	34354.6	43476	48399.5	52171.3	0	0	0	0	0	0	102
DATA	11:55:26:000	2023-12-08	2517975	12.9999	571.996	0.0936494	427.89	787.027	14.1665	0.0757205	25.9049	16.9662	23.3951	74.9047	255	0	0	12.7751	2.03685	2.37194	12.92	98.7116	0	0	34354.2	43476	48400.1	52171.8	0	0	0	0	0	0	168
DATA	11:55:27:000	2023-12-08	2518275	13.0098	572.431	0.093701	428.252	789.13	14.2043	0.0758577	25.9763	17.0091	23.4105	74.9022	255	0	0	12.7751	2.03686	2.37231	12.92	98.708	0	0	34354	43474.2	48392.8	52169.6	0	0	0	0	0	0	  2
DATA	11:55:28:000	2023-12-08	2518575	13.0176	572.774	0.0937452	428.547	793.229	14.2781	0.0761315	26.1135	17.0917	23.4256	74.8994	255	0	0	12.7744	2.03694	2.37256	12.92	98.7105	0	0	34350.4	43474.6	48381	52169	0	0	0	0	0	0	 88
DATA	11:55:29:000	2023-12-08	2518875	13.0257	573.131	0.0937929	428.804	796.534	14.3376	0.0763542	26.2218	17.1581	23.4398	74.9046	255	0	0	12.7744	2.03722	2.37331	12.92	98.7133	0	0	34348.8	43472.9	48365.7	52166	0	0	0	0	0	0	188
DATA	11:55:30:000	2023-12-08	2519175	13.0382	573.681	0.0938629	429.239	800.452	14.4081	0.0766147	26.3522	17.2364	23.4537	74.904	255	0	0	12.7744	2.037	2.37356	12.92	98.7065	0	0	34342.5	43472.1	48336.9	52163.3	0	0	0	0	0	0	 95
DATA	11:55:31:000	2023-12-08	2519475	13.0346	573.522	0.0938406	429.151	803.039	14.4547	0.0767832	26.4393	17.288	23.4654	74.9016	255	0	0	12.7751	2.03715	2.37331	12.92	98.7094	0	0	34344.5	43472	48340.8	52163.2	0	0	0	0	0	0	100
DATA	11:55:32:000	2023-12-08	2519775	13.0585	574.574	0.0939741	429.922	808.989	14.5618	0.0771784	26.6341	17.4057	23.4807	74.9083	255	0	0	12.7738	2.03706	2.37294	12.92	98.7065	0	0	34341.6	43471.6	48320.4	52161.5	0	0	0	0	0	0	 38
DATA	11:55:33:000	2023-12-08	2520075	13.0346	573.522	0.0938427	429.156	803.219	14.4579	0.0767973	26.4455	17.2932	23.4955	74.9084	255	0	0	12.7744	2.03706	2.37306	12.92	98.7044	0	0	34343.3	43470.6	48338.9	52161.4	0	0	0	0	0	0	  9
DATA	11:55:34:000	2023-12-08	2520375	13.0457	574.011	0.093903	429.594	806.131	14.5104	0.0769891	26.5458	17.3512	23.5105	74.8995	255	0	0	12.7744	2.03718	2.37281	12.92	98.7063	0	0	34341.4	43470.2	48317.5	52159.3	0	0	0	0	0	0	194
DATA	11:55:35:000	2023-12-08	2520675	13.0607	574.671	0.093987	430.071	814.452	14.6601	0.0775385	26.8188	17.5146	23.5244	74.906	255	0	0	12.7744	2.03739	2.37356	12.92	98.7059	0	0	34338	43467.9	48304	52157.6	0	0	0	0	0	0	238
DATA	11:55:36:000	2023-12-08	2520975	13.0607	574.671	0.0939868	430.094	813.941	14.6509	0.0775049	26.8034	17.5053	23.5366	74.905	255	0	0	12.7744	2.03705	2.37431	12.92	98.7021	0	0	34337.8	43469.8	48298.1	52158.1	0	0	0	0	0	0	224
DATA	11:55:37:000	2023-12-08	2521275	13.0588	574.587	0.0939771	430.068	815.603	14.6809	0.0776147	26.8604	17.5383	23.5495	74.9019	255	0	0	12.7751	2.03713	2.37431	12.92	98.7025	0	0	34336.5	43469.1	48286.7	52156.4	0	0	0	0	0	0	 30
DATA	11:55:38:000	2023-12-08	2521575	13.0597	574.627	0.0939826	430.122	816.414	14.6955	0.0776687	26.8886	17.5548	23.564	74.9014	255	0	0	12.7744	2.0373	2.37381	12.92	98.6995	0	0	34332	43466.1	48261	52150.8	0	0	0	0	0	0	255
DATA	11:55:39:000	2023-12-08	2521875	13.0558	574.455	0.0939616	430.008	816.643	14.6996	0.0776845	26.8971	17.56	23.579	74.9027	255	0	0	12.7751	2.03736	2.37493	12.92	98.6987	0	0	34334.2	43465	48270.7	52151.3	0	0	0	0	0	0	 58
DATA	11:55:40:000	2023-12-08	2522175	13.0651	574.864	0.0940091	430.358	824.075	14.8334	0.0781678	27.1446	17.7045	23.5942	74.8989	255	0	0	12.7738	2.03747	2.3758	12.92	98.7061	0	0	34333.3	43467.2	48247.6	52151.5	0	0	0	0	0	0	223
DATA	11:55:41:000	2023-12-08	2522475	13.0642	574.825	0.0940055	430.34	820.261	14.7647	0.0779193	27.0197	17.6317	23.609	74.9005	255	0	0	12.7744	2.03752	2.37531	12.92	98.6977	0	0	34332	43463	48268	52148.3	0	0	0	0	0	0	112
DATA	11:55:42:000	2023-12-08	2522775	13.0751	575.304	0.0940676	430.73	824.481	14.8407	0.0781978	27.1607	17.7137	23.6197	74.8978	255	0	0	12.7744	2.03754	2.37431	12.92	98.6993	0	0	34329.4	43463.5	48248.7	52147	0	0	0	0	0	0	148
DATA	11:55:43:000	2023-12-08	2523075	13.0817	575.595	0.0941027	430.98	825.492	14.8589	0.078263	27.1961	17.7339	23.6332	74.8956	255	0	0	12.7751	2.03752	2.37468	12.92	98.692	0	0	34327	43460.5	48244.1	52144.2	0	0	0	0	0	0	 30
DATA	11:55:44:000	2023-12-08	2523375	13.0962	576.233	0.0941832	431.423	832.322	14.9818	0.0787095	27.4189	17.8654	23.6466	74.905	255	0	0	12.7731	2.03752	2.3763	12.92	98.6912	0	0	34322.3	43460.1	48219.1	52140.5	0	0	0	0	0	0	145
DATA	11:55:45:000	2023-12-08	2523675	13.1053	576.633	0.0942335	431.772	832.656	14.9878	0.0787315	27.433	17.8725	23.6604	74.9	255	0	0	12.7744	2.03736	2.37493	12.92	98.6801	0	0	34319.9	43456.8	48214.4	52139.3	0	0	0	0	0	0	 80
DATA	11:55:46:000	2023-12-08	2523975	13.0985	576.334	0.0941963	431.542	830.328	14.9459	0.07858	27.3559	17.8288	23.6748	74.9047	255	0	0	12.7744	2.03721	2.37593	12.92	98.6801	0	0	34320.4	43458.4	48223.2	52138.7	0	0	0	0	0	0	195
DATA	11:55:47:000	2023-12-08	2524275	13.1073	576.721	0.0942483	431.844	833.728	15.0071	0.0788058	27.4687	17.8945	23.6891	74.9061	255	0	0	12.7731	2.0377	2.37556	12.92	98.6894	0	0	34318.8	43457.5	48203.6	52138	0	0	0	0	0	0	148
DATA	11:55:48:000	2023-12-08	2524575	13.1272	577.597	0.0943551	432.526	839.673	15.1141	0.0791898	27.6663	18.0082	23.7028	74.905	255	0	0	12.7731	2.03761	2.37643	12.92	98.6877	0	0	34315	43457.6	48192.2	52136.6	0	0	0	0	0	0	137
DATA	11:55:49:000	2023-12-08	2524875	13.1452	578.389	0.0944536	433.145	843.007	15.1741	0.0794058	27.7778	18.072	23.7175	74.9042	255	0	0	12.7744	2.03771	2.37605	12.92	98.6839	0	0	34311.4	43455	48186.8	52133.7	0	0	0	0	0	0	137
DATA	11:55:50:000	2023-12-08	2525175	13.179	579.876	0.0946384	434.31	843.425	15.1816	0.0794325	27.7948	18.0807	23.7322	74.8992	255	0	0	12.7744	2.03763	2.3763	12.92	98.6836	0	0	34299.6	43455.7	48158.2	52131.2	0	0	0	0	0	0	148
DATA	11:55:51:000	2023-12-08	2525475	13.187	580.228	0.0946852	434.562	846.313	15.2336	0.0796226	27.8892	18.1359	23.7472	74.905	255	0	0	12.7744	2.03781	2.37655	12.92	98.6864	0	0	34305.8	43455.1	48176.8	52134.2	0	0	0	0	0	0	185
DATA	11:55:52:000	2023-12-08	2525775	13.157	578.908	0.0945224	433.588	841.802	15.1524	0.0793321	27.7415	18.0516	23.7625	74.9063	255	0	0	12.7731	2.03761	2.37855	12.92	98.681	0	0	34304.9	43454.7	48173.8	52131.8	0	0	0	0	0	0	166
DATA	11:55:53:000	2023-12-08	2526075	13.1781	579.836	0.0946352	434.297	846.174	15.2311	0.0796128	27.8865	18.1346	23.7726	74.9064	255	0	0	12.7738	2.03758	2.37655	12.92	98.6794	0	0	34302.2	43454.3	48159.1	52131.6	0	0	0	0	0	0	 36
DATA	11:55:54:000	2023-12-08	2526375	13.1829	580.048	0.0946631	434.511	849.025	15.2825	0.0797986	27.984	18.1889	23.7853	74.9001	255	0	0	12.7738	2.03783	2.37655	12.92	98.6854	0	0	34303.8	43454.4	48152.9	52129.6	0	0	0	0	0	0	  1
DATA	11:55:55:000	2023-12-08	2526675	13.1762	579.753	0.0946278	434.263	848.941	15.2809	0.0797952	27.9795	18.188	23.7988	74.9082	255	0	0	12.7744	2.03799	2.37705	12.92	98.6876	0	0	34302.4	43453.7	48150.4	52130.2	0	0	0	0	0	0	 24
DATA	11:55:56:000	2023-12-08	2526975	13.1838	580.087	0.0946663	434.578	850.389	15.307	0.0798851	28.0314	18.2159	23.8125	74.9005	255	0	0	12.7744	2.03798	2.37718	12.92	98.6834	0	0	34299.1	43452	48142.6	52126.4	0	0	0	0	0	0	151
DATA	11:55:57:000	2023-12-08	2527275	13.2202	581.689	0.094867	435.805	851.659	15.3299	0.0799683	28.075	18.2404	23.826	74.8992	255	0	0	12.7751	2.03789	2.37792	12.92	98.6816	0	0	34288.7	43452.2	48130.8	52125.3	0	0	0	0	0	0	165
DATA	11:55:58:000	2023-12-08	2527575	13.1896	580.342	0.0946964	434.809	851.633	15.3294	0.0799638	28.075	18.2406	23.8393	74.9003	255	0	0	12.7683	2.03793	2.3783	12.92	98.6788	0	0	34299.3	43450.5	48139	52124.2	0	0	0	0	0	0	111
DATA	11:55:59:000	2023-12-08	2527875	13.1945	580.558	0.0947221	434.997	852.75	15.3495	0.0800343	28.1135	18.262	23.8491	74.8983	255	0	0	12.7744	2.03807	2.37817	12.92	98.684	0	0	34294.9	43451.4	48128.9	52124.7	0	0	0	0	0	0	152
DATA	11:56:00:000	2023-12-08	2528175	13.2055	581.042	0.0947862	435.351	854.927	15.3887	0.0801793	28.1847	18.3033	23.8617	74.903	255	0	0	12.7744	2.03822	2.37718	12.92	98.6869	0	0	34295	43451	48124.9	52125.3	0	0	0	0	0	0	 24
DATA	11:56:01:000	2023-12-08	2528475	13.2267	581.975	0.0949017	436.106	858.261	15.4487	0.0803938	28.2983	18.3661	23.8757	74.8968	255	0	0	12.7765	2.03799	2.3783	12.92	98.677	0	0	34288.8	43449.1	48106.4	52119.5	0	0	0	0	0	0	229
DATA	11:56:02:000	2023-12-08	2528775	13.2126	581.354	0.0948251	435.648	857.912	15.4424	0.0803719	28.2872	18.3604	23.8891	74.899	255	0	0	12.7724	2.03826	2.37792	12.92	98.6882	0	0	34291.1	43451.2	48106	52123	0	0	0	0	0	0	 29
DATA	11:56:03:000	2023-12-08	2529075	13.2107	581.271	0.0948145	435.608	858.175	15.4471	0.0803887	28.2973	18.366	23.9025	74.8986	255	0	0	12.7758	2.03823	2.37855	12.92	98.6836	0	0	34289.8	43449.5	48102.9	52120.9	0	0	0	0	0	0	254
DATA	11:56:04:000	2023-12-08	2529375	13.2424	582.666	0.0949883	436.66	863.627	15.5453	0.0807397	28.4776	18.4677	23.9159	74.9007	255	0	0	12.7765	2.03821	2.38017	12.92	98.6845	0	0	34284.9	43450.1	48090.6	52119.7	0	0	0	0	0	0	  6
DATA	11:56:05:000	2023-12-08	2529675	13.2264	581.962	0.0948994	436.182	861.716	15.5109	0.0806151	28.4178	18.4329	23.9263	74.8949	255	0	0	12.7765	2.03849	2.37917	12.92	98.6938	0	0	34288.3	43451.3	48093.9	52122.6	0	0	0	0	0	0	 62
DATA	11:56:06:000	2023-12-08	2529975	13.2629	583.568	0.0951016	437.367	866.493	15.5969	0.080925	28.5741	18.5218	23.9386	74.9012	255	0	0	12.7758	2.03836	2.37867	12.92	98.6866	0	0	34276.5	43449.5	48068.1	52117.1	0	0	0	0	0	0	 22
DATA	11:56:07:000	2023-12-08	2530275	13.2582	583.361	0.0950756	437.241	869.115	15.6441	0.0810932	28.6625	18.5707	23.95	74.899	255	0	0	12.7758	2.0386	2.3788	12.92	98.6908	0	0	34279.3	43448.9	48055.3	52115.3	0	0	0	0	0	0	 39
DATA	11:56:08:000	2023-12-08	2530575	13.2765	584.166	0.0951757	437.869	872.126	15.6983	0.081286	28.7634	18.6266	23.9619	74.8978	255	0	0	12.7744	2.03857	2.37955	12.92	98.6899	0	0	34279	43448.8	48056.8	52115.2	0	0	0	0	0	0	208
DATA	11:56:09:000	2023-12-08	2530875	13.2601	583.444	0.0950849	437.361	869.301	15.6474	0.0811037	28.6724	18.5754	23.9733	74.8951	255	0	0	12.7758	2.0385	2.37905	12.92	98.6828	0	0	34278.8	43446.4	48063.8	52113.8	0	0	0	0	0	0	248
DATA	11:56:10:000	2023-12-08	2531175	13.2619	583.524	0.0950967	437.438	870.961	15.6773	0.0812124	28.7283	18.6065	23.9859	74.8953	255	0	0	12.7751	2.03868	2.38017	12.92	98.6881	0	0	34278.1	43446.8	48057.1	52112.9	0	0	0	0	0	0	 41
DATA	11:56:11:000	2023-12-08	2531475	13.269	583.836	0.0951328	437.666	870.868	15.6756	0.081203	28.7248	18.6054	23.9977	74.8993	255	0	0	12.7744	2.03867	2.38004	12.92	98.6925	0	0	34277.5	43448.9	48054.6	52115.5	0	0	0	0	0	0	215
DATA	11:56:12:000	2023-12-08	2531775	13.2741	584.06	0.0951643	437.813	874.947	15.749	0.0814683	28.858	18.6805	24.0054	74.9048	255	0	0	12.7738	2.03878	2.38054	12.92	98.6871	0	0	34275	43445.4	48043	52111	0	0	0	0	0	0	 92
DATA	11:56:13:000	2023-12-08	2532075	13.2798	584.311	0.0951967	438.037	875.793	15.7643	0.0815238	28.8882	18.6965	24.0159	74.9014	255	0	0	12.7744	2.03886	2.38092	12.92	98.6906	0	0	34275.3	43446.1	48039	52112.1	0	0	0	0	0	0	195
DATA	11:56:14:000	2023-12-08	2532375	13.2837	584.483	0.0952183	438.196	877.664	15.798	0.0816439	28.9519	18.7312	24.026	74.8987	255	0	0	12.7744	2.03875	2.38067	12.92	98.6857	0	0	34271.6	43445.1	48029.6	52108.1	0	0	0	0	0	0	214
DATA	11:56:15:000	2023-12-08	2532675	13.2819	584.404	0.0952051	438.146	877.745	15.7994	0.0816455	28.9552	18.7332	24.0363	74.8997	255	0	0	12.7744	2.03884	2.38079	12.92	98.6883	0	0	34272.2	43445.3	48028.6	52109	0	0	0	0	0	0	209
DATA	11:56:16:000	2023-12-08	2532975	13.2889	584.712	0.095244	438.374	877.309	15.7916	0.0816179	28.9407	18.7259	24.0475	74.903	255	0	0	12.7738	2.03874	2.38154	12.92	98.6852	0	0	34270.1	43445	48028.2	52108.7	0	0	0	0	0	0	102
DATA	11:56:17:000	2023-12-08	2533275	13.3356	586.766	0.0954991	439.964	882.582	15.8865	0.0819549	29.1179	18.8224	24.0596	74.8977	255	0	0	12.7738	2.03901	2.38117	12.92	98.6884	0	0	34266	43443.6	48009.9	52105.8	0	0	0	0	0	0	242
DATA	11:56:18:000	2023-12-08	2533575	13.3598	587.831	0.0956319	440.737	885.221	15.934	0.0821235	29.2032	18.8708	24.0707	74.9048	255	0	0	12.7744	2.03911	2.38154	12.92	98.6917	0	0	34260.6	43444.1	48006.4	52105.3	0	0	0	0	0	0	206
DATA	11:56:19:000	2023-12-08	2533875	13.3646	588.042	0.0956577	440.93	886.406	15.9553	0.0821987	29.2446	18.8928	24.0818	74.9017	255	0	0	12.7744	2.03916	2.38104	12.92	98.6932	0	0	34254.9	43444.2	47996.5	52105.7	0	0	0	0	0	0	  8
DATA	11:56:20:000	2023-12-08	2534175	13.3721	588.372	0.0957	441.174	887.425	15.9736	0.0822651	29.2781	18.9117	24.0904	74.9044	255	0	0	12.7744	2.03879	2.38129	12.92	98.6792	0	0	34248.7	43441.9	47990.1	52102.3	0	0	0	0	0	0	127
DATA	11:56:21:000	2023-12-08	2534475	13.377	588.588	0.0957271	441.368	889.727	16.0151	0.0824117	29.3561	18.9538	24.1019	74.9019	255	0	0	12.7744	2.0391	2.38142	12.92	98.6843	0	0	34248.6	43440.9	47981.7	52100.7	0	0	0	0	0	0	184
DATA	11:56:22:000	2023-12-08	2534775	13.4238	590.647	0.0959831	442.911	893.151	16.0767	0.082631	29.469	19.0159	24.1133	74.9049	255	0	0	12.7731	2.03925	2.38054	12.92	98.6847	0	0	34252.1	43439.5	47980.1	52099.7	0	0	0	0	0	0	179
DATA	11:56:23:000	2023-12-08	2535075	13.3981	589.516	0.0958413	442.108	893.408	16.0813	0.0826449	29.4805	19.0212	24.125	74.9003	255	0	0	12.7744	2.0392	2.38129	12.92	98.6883	0	0	34248.3	43441.7	47975.5	52101.2	0	0	0	0	0	0	153
DATA	11:56:24:000	2023-12-08	2535375	13.3779	588.628	0.0957313	441.448	891.115	16.0401	0.0824995	29.4053	18.9806	24.1361	74.9019	255	0	0	12.7731	2.03943	2.38142	12.92	98.6921	0	0	34250.3	43440.9	47979	52101.5	0	0	0	0	0	0	168
DATA	11:56:25:000	2023-12-08	2535675	13.3818	588.799	0.0957529	441.592	893.857	16.0894	0.082674	29.4968	19.0304	24.1458	74.9017	255	0	0	12.7738	2.0393	2.38266	12.92	98.6815	0	0	34246.3	43437.6	47957.8	52096.1	0	0	0	0	0	0	241
DATA	11:56:26:000	2023-12-08	2535975	13.391	589.204	0.0958038	441.878	895.669	16.122	0.0827895	29.5554	19.0634	24.1556	74.9072	255	0	0	12.7738	2.03932	2.38279	12.92	98.6861	0	0	34246.3	43439.5	47960.9	52097	0	0	0	0	0	0	129
DATA	11:56:27:000	2023-12-08	2536275	13.3909	589.2	0.0958022	441.93	897.732	16.1592	0.0829194	29.6272	19.1006	24.1623	74.8996	255	0	0	12.7744	2.03946	2.38366	12.92	98.6877	0	0	34244	43438.7	47945.8	52096.9	0	0	0	0	0	0	 74
DATA	11:56:28:000	2023-12-08	2536575	13.3807	588.751	0.0957493	441.578	900.786	16.2141	0.0831153	29.7269	19.1555	24.1694	74.904	255	0	0	12.7738	2.03941	2.38241	12.92	98.6834	0	0	34247	43437.4	47951.9	52094.1	0	0	0	0	0	0	148
DATA	11:56:29:000	2023-12-08	2536875	13.3685	588.214	0.0956834	441.205	896.951	16.1451	0.0828734	29.6024	19.0875	24.1779	74.9011	255	0	0	12.7738	2.03965	2.38266	12.92	98.6873	0	0	34250.2	43436.5	47950.8	52094.6	0	0	0	0	0	0	 52
DATA	11:56:30:000	2023-12-08	2537175	13.3352	586.749	0.0955031	440.07	896.379	16.1348	0.0828383	29.5811	19.0777	24.1866	74.9093	255	0	0	12.7744	2.03942	2.38291	12.92	98.6804	0	0	34252	43435.9	47947.7	52093.3	0	0	0	0	0	0	149
DATA	11:56:31:000	2023-12-08	2537475	13.31	585.64	0.0953623	439.284	889.108	16.0039	0.0823736	29.3442	18.9477	24.1952	74.9037	255	0	0	12.7744	2.03949	2.38341	12.92	98.6804	0	0	34260.5	43435.2	47979.2	52094.9	0	0	0	0	0	0	140
DATA	11:56:32:000	2023-12-08	2537775	13.2839	584.492	0.0952154	438.48	886.805	15.9625	0.0822218	29.272	18.9065	24.2028	74.8958	255	0	0	12.7724	2.03942	2.38341	12.92	98.6828	0	0	34262.2	43437	47980	52094.6	0	0	0	0	0	0	  5
DATA	11:56:33:000	2023-12-08	2538075	13.3027	585.319	0.0953179	439.128	892.898	16.0722	0.0826086	29.475	19.0166	24.2098	74.8929	255	0	0	12.7738	2.03971	2.38254	12.92	98.685	0	0	34260.5	43435	47965	52094.4	0	0	0	0	0	0	 12
DATA	11:56:34:000	2023-12-08	2538375	13.3272	586.397	0.0954509	440	896.511	16.1372	0.0828371	29.5985	19.0817	24.2165	74.8839	255	0	0	12.7738	2.03986	2.38304	12.92	98.6922	0	0	34259.3	43436.6	47959.1	52094.3	0	0	0	0	0	0	112
DATA	11:56:35:000	2023-12-08	2538675	13.3292	586.485	0.0954638	440.053	896.701	16.1406	0.0828511	29.6038	19.0854	24.2226	74.8877	255	0	0	12.7744	2.03985	2.38379	12.92	98.6915	0	0	34258.5	43436.4	47958.2	52094.3	0	0	0	0	0	0	 56
DATA	11:56:36:000	2023-12-08	2538975	13.3256	586.326	0.0954377	439.986	896.226	16.1321	0.082814	29.5917	19.0773	24.2293	74.8805	255	0	0	12.7744	2.03996	2.38379	12.92	98.6927	0	0	34258.3	43435.8	47955.4	52093.6	0	0	0	0	0	0	 32
DATA	11:56:37:000	2023-12-08	2539275	13.3112	585.693	0.0953617	439.493	894.237	16.0963	0.0826909	29.5249	19.042	24.2349	74.8848	255	0	0	12.7744	2.03998	2.38366	12.92	98.6919	0	0	34259.8	43435.2	47959.8	52092.4	0	0	0	0	0	0	 35
DATA	11:56:38:000	2023-12-08	2539575	13.32	586.08	0.0954133	439.777	897.224	16.15	0.0828841	29.623	19.0958	24.2407	74.8875	255	0	0	12.7738	2.03999	2.38453	12.92	98.6916	0	0	34254.2	43435	47938.5	52090.6	0	0	0	0	0	0	170
DATA	11:56:39:000	2023-12-08	2539875	13.3228	586.203	0.0954254	439.928	897.795	16.1603	0.0829166	29.6458	19.1062	24.2445	74.8784	255	0	0	12.7744	2.04019	2.38453	12.92	98.6967	0	0	34254.8	43435.2	47938.1	52090	0	0	0	0	0	0	218
DATA	11:56:40:000	2023-12-08	2540175	13.3343	586.709	0.0954904	440.265	900.309	16.2056	0.0830786	29.726	19.1513	24.2502	74.8871	255	0	0	12.7744	2.04015	2.38416	12.92	98.6896	0	0	34253.5	43432.4	47937.6	52087.4	0	0	0	0	0	0	206
DATA	11:56:41:000	2023-12-08	2540475	13.3377	586.859	0.0955089	440.388	900.62	16.2112	0.0830983	29.7369	19.1571	24.255	74.8866	255	0	0	12.7738	2.04016	2.38503	12.92	98.6874	0	0	34250.5	43431.3	47928.9	52086	0	0	0	0	0	0	 91
DATA	11:56:42:000	2023-12-08	2540775	13.339	586.916	0.0955208	440.403	903.624	16.2652	0.0832934	29.8342	19.2108	24.2599	74.8926	255	0	0	12.7731	2.04021	2.38566	12.92	98.6843	0	0	34251.7	43429.5	47927	52083.8	0	0	0	0	0	0	127
DATA	11:56:43:000	2023-12-08	2541075	13.3548	587.611	0.0956104	440.891	907.085	16.3275	0.0835155	29.9462	19.2725	24.2655	74.8997	255	0	0	12.7738	2.04017	2.38478	12.92	98.6851	0	0	34248.9	43430.2	47921.2	52083.7	0	0	0	0	0	0	 33
DATA	11:56:44:000	2023-12-08	2541375	13.3434	587.11	0.0955477	440.517	903.425	16.2616	0.0832843	29.8255	19.2079	24.2715	74.9008	255	0	0	12.7738	2.0403	2.38491	12.92	98.6905	0	0	34250.5	43431.3	47922	52085.6	0	0	0	0	0	0	 54
DATA	11:56:45:000	2023-12-08	2541675	13.3432	587.101	0.0955436	440.525	905.299	16.2954	0.0833992	29.8884	19.2414	24.2757	74.8993	255	0	0	12.7738	2.04023	2.38528	12.92	98.6859	0	0	34249.8	43430	47920.6	52084.5	0	0	0	0	0	0	207
DATA	11:56:46:000	2023-12-08	2541975	13.3384	586.89	0.0955206	440.317	903.011	16.2542	0.0832583	29.8095	19.201	24.2787	74.9085	255	0	0	12.7738	2.04042	2.3864	12.92	98.6867	0	0	34248.7	43428.3	47920.1	52081.4	0	0	0	0	0	0	119
DATA	11:56:47:000	2023-12-08	2542275	13.3228	586.203	0.0954316	439.874	901.465	16.2264	0.0831558	29.7633	19.1736	24.2822	74.8972	255	0	0	12.7731	2.04043	2.38591	12.92	98.6893	0	0	34250.1	43429.5	47923.3	52082.4	0	0	0	0	0	0	 16
DATA	11:56:48:000	2023-12-08	2542575	13.3281	586.436	0.0954603	440.035	903.016	16.2543	0.0832535	29.8136	19.2013	24.2841	74.9	255	0	0	12.7724	2.04055	2.38603	12.92	98.6894	0	0	34251.9	43428.3	47922.9	52080.9	0	0	0	0	0	0	 95
DATA	11:56:49:000	2023-12-08	2542875	13.3215	586.146	0.0954254	439.819	903.871	16.2697	0.0833092	29.842	19.2166	24.2854	74.9	255	0	0	12.7744	2.04061	2.38516	12.92	98.6938	0	0	34251.1	43429.6	47913.4	52082.2	0	0	0	0	0	0	 80
DATA	11:56:50:000	2023-12-08	2543175	13.3304	586.538	0.0954717	440.138	905.297	16.2953	0.0833963	29.8907	19.242	24.2876	74.8963	255	0	0	12.7738	2.04054	2.38591	12.92	98.686	0	0	34250	43426.9	47908.5	52080.2	0	0	0	0	0	0	 95
DATA	11:56:51:000	2023-12-08	2543475	13.3408	586.995	0.0955337	440.432	908.702	16.3566	0.083617	29.9998	19.3024	24.2903	74.9054	255	0	0	12.7738	2.04043	2.38578	12.92	98.6836	0	0	34248.2	43427	47902.1	52078.6	0	0	0	0	0	0	146
DATA	11:56:52:000	2023-12-08	2543775	13.3398	586.951	0.0955263	440.409	908.786	16.3581	0.0836201	30.0033	19.3041	24.2927	74.9042	255	0	0	12.7724	2.04088	2.38665	12.92	98.6923	0	0	34248	43426.1	47895.3	52077.8	0	0	0	0	0	0	179
DATA	11:56:53:000	2023-12-08	2544075	13.3464	587.242	0.095561	440.663	909.098	16.3638	0.0836387	30.016	19.3097	24.2957	74.8989	255	0	0	12.7724	2.04075	2.38653	12.92	98.686	0	0	34245.5	43424.7	47895.1	52077.2	0	0	0	0	0	0	150
DATA	11:56:54:000	2023-12-08	2544375	13.3483	587.325	0.0955698	440.778	909.81	16.3766	0.0836815	30.0431	19.3224	24.2981	74.8906	255	0	0	12.7731	2.04077	2.38778	12.92	98.6895	0	0	34247.5	43426	47893.1	52077	0	0	0	0	0	0	 66
DATA	11:56:55:000	2023-12-08	2544675	13.3385	586.894	0.0955159	440.462	908.202	16.3476	0.0835795	29.9905	19.2942	24.3007	74.8899	255	0	0	12.7731	2.0409	2.38653	12.92	98.6969	0	0	34250.9	43427.9	47909.7	52080.1	0	0	0	0	0	0	 19
DATA	11:56:56:000	2023-12-08	2544975	13.33	586.52	0.0954676	440.228	906.18	16.3112	0.0834498	29.9269	19.2585	24.3029	74.8825	255	0	0	12.7744	2.0409	2.3874	12.92	98.6891	0	0	34246.1	43424.6	47902	52075.8	0	0	0	0	0	0	148
DATA	11:56:57:000	2023-12-08	2545275	13.3298	586.511	0.0954632	440.263	904.264	16.2768	0.0833253	29.8664	19.2246	24.3039	74.8758	255	0	0	12.7738	2.04109	2.3864	12.92	98.6942	0	0	34249.2	43424.8	47911.3	52077	0	0	0	0	0	0	140
DATA	11:56:58:000	2023-12-08	2545575	13.3041	585.38	0.0953231	439.468	901.957	16.2352	0.0831795	29.7939	19.1836	24.305	74.8668	255	0	0	12.7738	2.0412	2.38703	12.92	98.699	0	0	34252.6	43425.8	47919.1	52077.8	0	0	0	0	0	0	106
DATA	11:56:59:000	2023-12-08	2545875	13.2908	584.795	0.0952492	439.021	900.605	16.2109	0.083093	29.7488	19.1596	24.3051	74.8681	255	0	0	12.7738	2.04099	2.38653	12.92	98.6916	0	0	34257.7	43424.7	47926.4	52077.7	0	0	0	0	0	0	  9
DATA	11:57:00:000	2023-12-08	2546175	13.2354	582.358	0.0949489	437.132	896.339	16.1341	0.0828256	29.6038	19.0834	24.3051	74.8783	255	0	0	12.7738	2.04105	2.3869	12.92	98.6954	0	0	34268.9	43425.8	47943.4	52079.9	0	0	0	0	0	0	  1
DATA	11:57:01:000	2023-12-08	2546475	13.2006	580.826	0.094757	435.963	889.635	16.0134	0.0823986	29.3811	18.963	24.3041	74.8814	255	0	0	12.7738	2.0414	2.38728	12.92	98.702	0	0	34274.1	43425.1	47970.8	52081.2	0	0	0	0	0	0	 63
DATA	11:57:02:000	2023-12-08	2546775	13.2457	582.811	0.0950043	437.429	891.357	16.0444	0.0825084	29.4364	18.9939	24.3026	74.885	255	0	0	12.7717	2.04116	2.38802	12.92	98.6955	0	0	34264.5	43424.7	47955.6	52081.1	0	0	0	0	0	0	230
DATA	11:57:03:000	2023-12-08	2547075	13.1565	578.886	0.094511	434.555	876.649	15.7797	0.0815667	28.9554	18.7275	24.301	74.8723	255	0	0	12.7738	2.04126	2.3879	12.92	98.7002	0	0	34287.7	43425.7	48022.4	52085	0	0	0	0	0	0	 54
DATA	11:57:04:000	2023-12-08	2547375	13.1889	580.312	0.0946935	435.564	883.524	15.9034	0.0820104	29.1784	18.8524	24.2988	74.8823	255	0	0	12.7731	2.0415	2.38778	12.92	98.7018	0	0	34274.4	43424	47984.8	52080	0	0	0	0	0	0	 44
DATA	11:57:05:000	2023-12-08	2547675	13.1213	577.337	0.0943234	433.317	870.644	15.6716	0.081189	28.7521	18.6174	24.2966	74.8842	255	0	0	12.7738	2.04144	2.3884	12.92	98.7016	0	0	34291.7	43424.5	48038.3	52084	0	0	0	0	0	0	 71
DATA	11:57:06:000	2023-12-08	2547975	13.1592	579.005	0.0945279	434.531	877.328	15.7919	0.0816123	28.9703	18.7395	24.2938	74.89	255	0	0	12.7738	2.04134	2.38728	12.92	98.6982	0	0	34284.4	43424	48013.4	52082.8	0	0	0	0	0	0	108
DATA	11:57:07:000	2023-12-08	2548275	13.11	576.84	0.0942613	432.906	870.911	15.6764	0.0812059	28.7584	18.622	24.2903	74.8892	255	0	0	12.7731	2.04163	2.38728	12.92	98.7024	0	0	34291.2	43422.8	48033.7	52082.9	0	0	0	0	0	0	 59
DATA	11:57:08:000	2023-12-08	2548575	13.1133	576.985	0.094281	432.966	870.859	15.6755	0.0812041	28.7534	18.6208	24.2863	74.8967	255	0	0	12.7738	2.04148	2.38802	12.92	98.7026	0	0	34292.8	43424.5	48034.9	52084.1	0	0	0	0	0	0	247
