Model:	 LI-7500
SN:	75D-4923
Timestamp:	Dec 8 2023 at 3:44:50
DATAH	Time	Date	Sequence Number	CO2 (mmol/m^3)	CO2 (mg/m^3)	CO2 Absorptance	CO2 (umol/mol)	H2O (mmol/m^3)	H2O (g/m^3)	H2O Absorptance	H2O (mmol/mol)	Dew Point (C)	Temperature (C)	Pressure (kPa)	Diagnostic Value	Diagnostic Value 2	Diagnostic Word	DSI Vin (v)	Cooler Voltage (v)	Chopper Cooler Voltage (v)	Smart Flux Vin (v)	CO2 Signal Strength	Integral	Peak Height	CO2 Sample	CO2 Reference	H2O Sample	H2O Reference	CH4 Seconds	CH4 Nano Seconds	CH4 (umol/mol)	CH4 (mmol/m^3)	CH4 Signal Strength (RSSI)	CH4 Diagnostic Value	CHK
DATA	11:44:48:000	2023-12-08	2326575	12.737	560.428	0.0921773	417.949	622.824	11.2108	0.0642777	20.4372	13.2794	22.4776	74.903	255	0	0	12.7813	2.03483	2.35473	12.92	98.8483	0	0	34472.5	43556.8	49143	52305.7	0	0	0	0	0	0	 69
DATA	11:44:49:000	2023-12-08	2326875	12.7656	561.686	0.0923364	418.932	631.211	11.3618	0.0648879	20.7146	13.4849	22.4842	74.8966	255	0	0	12.782	2.0348	2.35423	12.92	98.8463	0	0	34465.5	43556.2	49111.2	52303.8	0	0	0	0	0	0	174
DATA	11:44:50:000	2023-12-08	2327175	12.7574	561.326	0.0922858	418.678	629.656	11.3338	0.0647703	20.6643	13.4475	22.4931	74.8962	255	0	0	12.782	2.03471	2.35473	12.92	98.8436	0	0	34469.8	43555.9	49120.6	52304.6	0	0	0	0	0	0	228
DATA	11:44:51:000	2023-12-08	2327475	12.7534	561.15	0.0922666	418.557	633.427	11.4017	0.0650466	20.7886	13.5397	22.5027	74.8968	255	0	0	12.7813	2.03475	2.35523	12.92	98.8463	0	0	34470.7	43556.8	49099.9	52303.1	0	0	0	0	0	0	224
DATA	11:44:52:000	2023-12-08	2327775	12.7524	561.106	0.0922623	418.542	637.693	11.4785	0.065356	20.9295	13.6434	22.5139	74.8964	255	0	0	12.782	2.03476	2.35548	12.92	98.8323	0	0	34465.2	43550.5	49068.7	52296.8	0	0	0	0	0	0	178
DATA	11:44:53:000	2023-12-08	2328075	12.7553	561.233	0.0922791	418.646	640.49	11.5288	0.0655585	21.0217	13.7113	22.5259	74.8979	255	0	0	12.782	2.03473	2.35548	12.92	98.837	0	0	34465.3	43552.8	49049.5	52294.4	0	0	0	0	0	0	122
DATA	11:44:54:000	2023-12-08	2328375	12.7675	561.77	0.092347	419.083	647.955	11.6632	0.0660959	21.2686	13.8904	22.5398	74.8949	255	0	0	12.782	2.03492	2.35486	12.92	98.8416	0	0	34465.9	43552.9	49041.5	52294	0	0	0	0	0	0	 62
DATA	11:44:55:000	2023-12-08	2328675	12.7737	562.043	0.0923805	419.312	653.304	11.7595	0.0664783	21.4455	14.0177	22.551	74.8931	255	0	0	12.7813	2.03485	2.35585	12.92	98.8348	0	0	34463	43550.6	49015	52291.1	0	0	0	0	0	0	  5
DATA	11:44:56:000	2023-12-08	2328975	12.773	562.012	0.0923758	419.26	659.752	11.8755	0.0669381	21.6556	14.17	22.5663	74.9023	255	0	0	12.782	2.03493	2.35473	12.92	98.8374	0	0	34461.5	43551	48980.3	52288	0	0	0	0	0	0	 89
DATA	11:44:57:000	2023-12-08	2329275	12.7613	561.497	0.0923168	418.874	662.503	11.9251	0.06714	21.7459	14.235	22.5825	74.9066	255	0	0	12.7827	2.03463	2.35573	12.92	98.8225	0	0	34463.7	43547.4	48969.7	52284.7	0	0	0	0	0	0	137
DATA	11:44:58:000	2023-12-08	2329575	12.7482	560.921	0.0922393	418.527	666.786	12.0021	0.0674401	21.8908	14.3355	22.5991	74.8961	255	0	0	12.7827	2.03487	2.3566	12.92	98.8264	0	0	34463.9	43546.8	48955.7	52282.2	0	0	0	0	0	0	246
DATA	11:44:59:000	2023-12-08	2329875	12.7469	560.864	0.0922317	418.521	667.857	12.0214	0.0675155	21.9279	14.3612	22.6161	74.8937	255	0	0	12.7827	2.03471	2.35548	12.92	98.8248	0	0	34466.7	43547.7	48945.3	52283.1	0	0	0	0	0	0	 41
DATA	11:45:00:000	2023-12-08	2330175	12.7344	560.314	0.0921647	418.138	675.981	12.1677	0.068093	22.1961	14.549	22.631	74.8926	255	0	0	12.7827	2.03482	2.35411	12.92	98.8288	0	0	34467.8	43548.3	48918.2	52280.7	0	0	0	0	0	0	111
DATA	11:45:01:000	2023-12-08	2330475	12.7334	560.27	0.0921595	418.143	682.439	12.2839	0.0685485	22.4101	14.6972	22.6495	74.8905	255	0	0	12.782	2.03481	2.35498	12.92	98.8212	0	0	34466.6	43545	48892.1	52277.6	0	0	0	0	0	0	 70
DATA	11:45:02:000	2023-12-08	2330775	12.7241	559.86	0.0921058	417.87	679.578	12.2324	0.0683453	22.3179	14.6332	22.669	74.8896	255	0	0	12.7827	2.03493	2.35635	12.92	98.8274	0	0	34468.7	43546.6	48900.2	52278.7	0	0	0	0	0	0	146
DATA	11:45:03:000	2023-12-08	2331075	12.7091	559.2	0.0920243	417.396	686.206	12.3517	0.0688137	22.5366	14.7846	22.6884	74.8913	255	0	0	12.7827	2.03472	2.3561	12.92	98.8236	0	0	34473	43547.1	48874.9	52278.6	0	0	0	0	0	0	 26
DATA	11:45:04:000	2023-12-08	2331375	12.7042	558.985	0.0919979	417.245	690.088	12.4216	0.0690867	22.6646	14.873	22.7046	74.8935	255	0	0	12.7827	2.03485	2.3566	12.92	98.8239	0	0	34474.1	43545.8	48854	52274.1	0	0	0	0	0	0	102
DATA	11:45:05:000	2023-12-08	2331675	12.6887	558.303	0.0919141	416.761	696.262	12.5327	0.069521	22.8688	15.0123	22.7245	74.8941	255	0	0	12.7834	2.03466	2.35685	12.92	98.8188	0	0	34472.6	43545.5	48835.6	52272.3	0	0	0	0	0	0	229
DATA	11:45:06:000	2023-12-08	2331975	12.6967	558.655	0.091956	417.043	695.893	12.5261	0.0694928	22.8577	15.0052	22.7453	74.8959	255	0	0	12.782	2.03494	2.35585	12.92	98.8249	0	0	34475	43545.4	48832.6	52272.2	0	0	0	0	0	0	113
DATA	11:45:07:000	2023-12-08	2332275	12.6886	558.298	0.0919114	416.802	698.015	12.5643	0.0696413	22.9288	15.0536	22.7667	74.8969	255	0	0	12.7827	2.03467	2.35673	12.92	98.8204	0	0	34475.3	43546.2	48823.1	52272.3	0	0	0	0	0	0	 35
DATA	11:45:08:000	2023-12-08	2332575	12.6909	558.4	0.0919246	416.921	700.221	12.604	0.0697955	23.0037	15.1036	22.7846	74.8935	255	0	0	12.782	2.03492	2.3561	12.92	98.8195	0	0	34473.8	43543.2	48811.5	52270.2	0	0	0	0	0	0	248
DATA	11:45:09:000	2023-12-08	2332875	12.6841	558.1	0.0918864	416.732	703.455	12.6622	0.07002	23.1118	15.1764	22.8055	74.8926	255	0	0	12.7827	2.03483	2.35847	12.92	98.8156	0	0	34475	43542.3	48793.3	52265.3	0	0	0	0	0	0	213
DATA	11:45:10:000	2023-12-08	2333175	12.6705	557.502	0.0918134	416.297	710.715	12.7929	0.0705269	23.351	15.3373	22.8264	74.8959	255	0	0	12.782	2.03494	2.35723	12.92	98.8168	0	0	34474.9	43541.8	48764.7	52263	0	0	0	0	0	0	 71
DATA	11:45:11:000	2023-12-08	2333475	12.6602	557.049	0.0917544	415.996	716.246	12.8924	0.070908	23.5348	15.4592	22.8465	74.8942	255	0	0	12.782	2.03496	2.3586	12.92	98.8186	0	0	34478.1	43542.4	48757.2	52263.7	0	0	0	0	0	0	139
DATA	11:45:12:000	2023-12-08	2333775	12.6668	557.339	0.0917929	416.217	717.579	12.9164	0.0710016	23.5788	15.4892	22.8664	74.8985	255	0	0	12.782	2.0349	2.3586	12.92	98.8153	0	0	34477.8	43541.5	48742.3	52261.5	0	0	0	0	0	0	153
DATA	11:45:13:000	2023-12-08	2334075	12.6609	557.08	0.0917591	416.077	718.17	12.9271	0.0710416	23.6013	15.5032	22.8877	74.8941	255	0	0	12.7827	2.03496	2.3571	12.92	98.8116	0	0	34477.2	43539.3	48734.4	52260.1	0	0	0	0	0	0	 95
DATA	11:45:14:000	2023-12-08	2334375	12.6661	557.308	0.0917904	416.281	720.495	12.9689	0.0712041	23.6796	15.5548	22.9105	74.8939	255	0	0	12.7827	2.03506	2.35785	12.92	98.8166	0	0	34478.9	43540.5	48716.5	52259.2	0	0	0	0	0	0	 38
DATA	11:45:15:000	2023-12-08	2334675	12.6508	556.635	0.0917031	415.811	726.886	13.0839	0.0716421	23.8915	15.6937	22.9296	74.8929	255	0	0	12.7827	2.03506	2.3586	12.92	98.8056	0	0	34474.1	43535.7	48697.5	52253.9	0	0	0	0	0	0	249
DATA	11:45:16:000	2023-12-08	2334975	12.6577	556.939	0.0917433	416.061	732.575	13.1864	0.0720342	24.0799	15.8167	22.9518	74.8943	255	0	0	12.7827	2.03497	2.35997	12.92	98.8074	0	0	34475.6	43537.3	48667.7	52253.6	0	0	0	0	0	0	 63
DATA	11:45:17:000	2023-12-08	2335275	12.6629	557.168	0.0917731	416.266	732.412	13.1834	0.0720237	24.0765	15.8143	22.973	74.8935	255	0	0	12.7827	2.03524	2.35947	12.92	98.8076	0	0	34475	43534.7	48683.1	52250.4	0	0	0	0	0	0	117
DATA	11:45:18:000	2023-12-08	2335575	12.6562	556.873	0.0917367	416.054	737.407	13.2733	0.072366	24.2412	15.9217	22.9934	74.8972	255	0	0	12.7841	2.03513	2.36009	12.92	98.8083	0	0	34474.4	43536.1	48663.1	52250.5	0	0	0	0	0	0	205
DATA	11:45:19:000	2023-12-08	2335875	12.6506	556.626	0.0917058	415.91	736.914	13.2645	0.072333	24.2273	15.9122	23.0113	74.8946	255	0	0	12.7841	2.03507	2.35835	12.92	98.7986	0	0	34475.2	43532.4	48658.2	52246	0	0	0	0	0	0	 61
DATA	11:45:20:000	2023-12-08	2336175	12.6469	556.464	0.0916824	415.823	744.4	13.3992	0.0728404	24.4755	16.0716	23.0325	74.8936	255	0	0	12.7834	2.03516	2.35959	12.92	98.8027	0	0	34473.9	43533.4	48625.2	52244.6	0	0	0	0	0	0	166
DATA	11:45:21:000	2023-12-08	2336475	12.66	557.04	0.0917559	416.291	742.342	13.3622	0.0727009	24.41	16.0293	23.0539	74.8923	255	0	0	12.7834	2.03493	2.35984	12.92	98.7933	0	0	34470.9	43531.6	48632.7	52244.8	0	0	0	0	0	0	255
DATA	11:45:22:000	2023-12-08	2336775	13.2202	581.689	0.0948545	434.712	759.286	13.6671	0.0738547	24.9672	16.3844	23.0748	74.8975	254	0	0	12.782	2.03533	2.35972	12.92	91.4947	0	0	31813.5	40311.8	44993	48396.7	0	0	0	0	0	0	154
DATA	11:45:23:000	2023-12-08	2337075	13.1744	579.674	0.0946	433.288	757.996	13.6439	0.073764	24.9294	16.3588	23.0958	74.8888	254	0	0	12.7834	2.03504	2.36072	12.92	91.9726	0	0	31990.5	40525.1	45202.6	48617	0	0	0	0	0	0	255
DATA	11:45:24:000	2023-12-08	2337375	13.2718	583.959	0.0951345	436.53	761.372	13.7047	0.073993	25.0427	16.4296	23.1155	74.8871	254	0	0	12.7834	2.03523	2.35997	12.92	91.9975	0	0	31991.4	40534.2	45199.8	48630.8	0	0	0	0	0	0	192
DATA	11:45:25:000	2023-12-08	2337675	13.1274	577.606	0.0943439	431.802	766.006	13.7881	0.074306	25.1963	16.526	23.1352	74.8884	254	0	0	12.7834	2.03515	2.35959	12.92	93.7942	0	0	32630.7	41326.6	46306.4	49838	0	0	0	0	0	0	 68
DATA	11:45:26:000	2023-12-08	2337975	13.0975	576.29	0.094181	430.837	769.674	13.8541	0.0745538	25.3181	16.6021	23.153	74.8896	254	0	0	12.7841	2.03521	2.36059	12.92	94.0422	0	0	32725.3	41435.3	46433.9	49978.4	0	0	0	0	0	0	120
DATA	11:45:27:000	2023-12-08	2338275	13.1144	577.034	0.0942748	431.423	774.258	13.9366	0.0748624	25.4707	16.6966	23.1739	74.8897	254	0	0	12.7834	2.03538	2.36059	12.92	93.9215	0	0	32677.3	41380.5	46341.8	49904.5	0	0	0	0	0	0	 38
DATA	11:45:28:000	2023-12-08	2338575	13.1285	577.654	0.0943505	431.918	780.015	14.0403	0.0752463	25.6619	16.8145	23.1956	74.8897	254	0	0	12.782	2.0351	2.36134	12.92	93.6657	0	0	32587.2	41270.5	46203.3	49771.7	0	0	0	0	0	0	160
DATA	11:45:29:000	2023-12-08	2338875	13.0635	574.794	0.0939928	429.833	785.368	14.1366	0.0756033	25.8412	16.9235	23.2177	74.886	254	0	0	12.7827	2.0353	2.36022	12.92	94.0084	0	0	32720.9	41419.6	46277.7	49843.3	0	0	0	0	0	0	190
DATA	11:45:30:000	2023-12-08	2339175	13.0678	574.983	0.0940206	429.953	781.455	14.0662	0.075346	25.7112	16.8457	23.2367	74.8945	254	0	0	12.782	2.03529	2.36134	12.92	93.9684	0	0	32702.1	41402.1	46255.6	49825.7	0	0	0	0	0	0	162
DATA	11:45:31:000	2023-12-08	2339475	13.0173	572.761	0.0937413	428.316	780.579	14.0504	0.0752866	25.6838	16.8292	23.2579	74.8957	254	0	0	12.782	2.03537	2.36184	12.92	94.5944	0	0	32919.2	41677.1	46435.2	50041.6	0	0	0	0	0	0	225
DATA	11:45:32:000	2023-12-08	2339775	12.9511	569.848	0.0933769	426.162	795.558	14.32	0.0762846	26.1782	17.1301	23.2785	74.8965	254	0	0	12.7813	2.03522	2.36196	12.92	94.8132	0	0	33021.6	41775	46539.5	50151.8	0	0	0	0	0	0	 75
DATA	11:45:33:000	2023-12-08	2340075	12.9798	571.111	0.093537	427.143	783.142	14.0966	0.0754599	25.7719	16.883	23.2988	74.8953	254	0	0	12.782	2.03516	2.36221	12.92	94.6261	0	0	32950.9	41693	46433.3	50053.8	0	0	0	0	0	0	 19
DATA	11:45:34:000	2023-12-08	2340375	13.0228	573.003	0.0937725	428.594	790.989	14.2378	0.0759809	26.0322	17.0412	23.3155	74.8933	254	0	0	12.782	2.0354	2.36122	12.92	93.7247	0	0	32625.6	41293.6	45980.2	49573.6	0	0	0	0	0	0	154
DATA	11:45:35:000	2023-12-08	2340675	12.6652	557.269	0.0917919	416.828	781.72	14.071	0.0753648	25.7274	16.8563	23.3345	74.8975	255	0	0	12.7827	2.03538	2.36171	12.92	98.7117	0	0	34436.4	43491	48436.4	52186.2	0	0	0	0	0	0	 92
DATA	11:45:36:000	2023-12-08	2340975	12.6745	557.678	0.0918424	417.171	782.793	14.0903	0.0754346	25.765	16.8788	23.3516	74.8952	255	0	0	12.782	2.03556	2.36171	12.92	98.7177	0	0	34436	43491.8	48431.7	52187.2	0	0	0	0	0	0	102
DATA	11:45:37:000	2023-12-08	2341275	12.659	556.996	0.0917552	416.673	790.89	14.236	0.0759731	26.0323	17.042	23.3675	74.897	255	0	0	12.7827	2.03574	2.36234	12.92	98.7292	0	0	34441.6	43495	48409.9	52189.9	0	0	0	0	0	0	207
DATA	11:45:38:000	2023-12-08	2341575	12.649	556.556	0.0917005	416.366	789.32	14.2078	0.0758698	25.982	17.0114	23.3817	74.8966	255	0	0	12.782	2.03555	2.36383	12.92	98.7143	0	0	34439.6	43490.4	48409.8	52184.2	0	0	0	0	0	0	 91
DATA	11:45:39:000	2023-12-08	2341875	12.6413	556.217	0.0916565	416.126	793.943	14.291	0.0761763	26.135	17.1043	23.396	74.8977	255	0	0	12.7827	2.03545	2.36296	12.92	98.7079	0	0	34440.3	43488.6	48388.4	52180.7	0	0	0	0	0	0	136
DATA	11:45:40:000	2023-12-08	2342175	12.6409	556.2	0.0916553	416.174	796.913	14.3444	0.0763743	26.2366	17.1643	23.4143	74.8914	255	0	0	12.782	2.0357	2.36334	12.92	98.729	0	0	34445.6	43495.3	48385.2	52187.2	0	0	0	0	0	0	  4
DATA	11:45:41:000	2023-12-08	2342475	12.6335	555.874	0.0916181	415.932	805.496	14.4989	0.0769467	26.5193	17.3346	23.4315	74.8955	255	0	0	12.782	2.03573	2.36296	12.92	98.7161	0	0	34441.9	43489.3	48353.9	52179.9	0	0	0	0	0	0	  5
DATA	11:45:42:000	2023-12-08	2342775	12.6352	555.949	0.0916267	415.984	799.406	14.3893	0.0765427	26.3185	17.2154	23.4482	74.9004	255	0	0	12.782	2.03565	2.36321	12.92	98.7071	0	0	34439.8	43486.2	48364.2	52177	0	0	0	0	0	0	135
DATA	11:45:43:000	2023-12-08	2343075	12.636	555.984	0.0916326	416.038	809.17	14.5651	0.07719	26.6418	17.4083	23.4631	74.8992	255	0	0	12.7827	2.0357	2.36383	12.92	98.7045	0	0	34440.7	43484.6	48333.2	52172.8	0	0	0	0	0	0	 14
DATA	11:45:44:000	2023-12-08	2343375	12.6335	555.874	0.091617	416.055	805.812	14.5046	0.0769664	26.5375	17.3434	23.4817	74.886	255	0	0	12.7827	2.03576	2.36471	12.92	98.7065	0	0	34438.1	43484.8	48335.2	52172.2	0	0	0	0	0	0	174
DATA	11:45:45:000	2023-12-08	2343675	12.633	555.852	0.091609	416.06	807.7	14.5386	0.077085	26.6011	17.3814	23.4996	74.8866	255	0	0	12.7827	2.036	2.36421	12.92	98.7079	0	0	34438.1	43483	48331.6	52171	0	0	0	0	0	0	176
DATA	11:45:46:000	2023-12-08	2343975	12.6278	555.623	0.0915867	415.84	810.782	14.5941	0.0772959	26.6995	17.4426	23.5169	74.8998	255	0	0	12.782	2.0358	2.36633	12.92	98.706	0	0	34443.8	43484.2	48312.7	52172.2	0	0	0	0	0	0	108
DATA	11:45:47:000	2023-12-08	2344275	12.627	555.588	0.0915787	415.894	812.569	14.6262	0.0774095	26.7635	17.4784	23.534	74.8896	255	0	0	12.782	2.03589	2.36446	12.92	98.7275	0	0	34446.2	43492.8	48320	52179.7	0	0	0	0	0	0	 76
DATA	11:45:48:000	2023-12-08	2344575	12.6373	556.041	0.0916413	416.204	814.778	14.666	0.0775605	26.8344	17.5222	23.5482	74.8984	255	0	0	12.7813	2.03598	2.36508	12.92	98.7446	0	0	34449.5	43499.4	48322	52189.7	0	0	0	0	0	0	146
DATA	11:45:49:000	2023-12-08	2344875	12.6295	555.698	0.0915925	415.999	815.821	14.6848	0.0776234	26.8721	17.5432	23.5622	74.8927	255	0	0	12.782	2.03598	2.36521	12.92	98.7366	0	0	34449.7	43495.8	48315.1	52184.1	0	0	0	0	0	0	 15
DATA	11:45:50:000	2023-12-08	2345175	12.6334	555.87	0.0916149	416.179	820.199	14.7636	0.0779112	27.0196	17.6287	23.5753	74.8867	255	0	0	12.782	2.03612	2.36558	12.92	98.7188	0	0	34442.9	43486.5	48287.1	52171.2	0	0	0	0	0	0	195
DATA	11:45:51:000	2023-12-08	2345475	12.6293	555.689	0.0915933	416.02	820.226	14.7641	0.077914	27.0189	17.63	23.5896	74.8947	255	0	0	12.782	2.0357	2.36558	12.92	98.7152	0	0	34444	43489.2	48287.7	52174.3	0	0	0	0	0	0	146
DATA	11:45:52:000	2023-12-08	2345775	12.6303	555.733	0.0915998	416.11	822.232	14.8002	0.0780472	27.0888	17.6695	23.6044	74.888	255	0	0	12.7806	2.03608	2.36471	12.92	98.7171	0	0	34443.4	43486.3	48280.4	52170.9	0	0	0	0	0	0	163
DATA	11:45:53:000	2023-12-08	2346075	12.6282	555.641	0.0915874	416.051	824.172	14.8351	0.078173	27.1533	17.7075	23.616	74.8891	255	0	0	12.7813	2.03601	2.36695	12.92	98.6997	0	0	34437.3	43479.3	48261.2	52160.8	0	0	0	0	0	0	164
DATA	11:45:54:000	2023-12-08	2346375	12.6245	555.478	0.0915693	415.937	827.754	14.8996	0.0784099	27.2719	17.7771	23.6302	74.8913	255	0	0	12.7813	2.03602	2.36608	12.92	98.6949	0	0	34434.8	43477.1	48239.9	52157.9	0	0	0	0	0	0	 73
DATA	11:45:55:000	2023-12-08	2346675	12.62	555.28	0.0915411	415.832	835.321	15.0358	0.0788999	27.524	17.9225	23.6452	74.8873	255	0	0	12.782	2.03618	2.36633	12.92	98.695	0	0	34436	43475.5	48203.9	52153.6	0	0	0	0	0	0	132
DATA	11:45:56:000	2023-12-08	2346975	12.622	555.368	0.0915586	415.876	847.453	15.2542	0.079695	27.9223	18.1526	23.6594	74.8948	255	0	0	12.782	2.03622	2.3672	12.92	98.6915	0	0	34435.5	43473.6	48203.1	52150.9	0	0	0	0	0	0	 92
DATA	11:45:57:000	2023-12-08	2347275	12.6141	555.02	0.0915121	415.637	840.928	15.1367	0.0792694	27.7087	18.0304	23.6741	74.8947	255	0	0	12.782	2.03607	2.3662	12.92	98.6893	0	0	34437.9	43474.1	48168	52149.7	0	0	0	0	0	0	 29
DATA	11:45:58:000	2023-12-08	2347575	12.6146	555.042	0.0915117	415.741	848.201	15.2676	0.0797371	27.9543	18.1682	23.6891	74.8828	255	0	0	12.782	2.03619	2.36695	12.92	98.6874	0	0	34432.1	43472	48160.3	52145.3	0	0	0	0	0	0	130
DATA	11:45:59:000	2023-12-08	2347875	12.6205	555.302	0.0915422	415.946	848.648	15.2757	0.0797632	27.9697	18.1774	23.704	74.8846	255	0	0	12.782	2.03624	2.36807	12.92	98.6846	0	0	34432.7	43470.2	48172.1	52145.7	0	0	0	0	0	0	196
DATA	11:46:00:000	2023-12-08	2348175	12.6286	555.658	0.0915909	416.199	852.299	15.3414	0.080003	28.0891	18.2466	23.7195	74.8911	255	0	0	12.7806	2.03646	2.3687	12.92	98.6946	0	0	34433.2	43472.4	48155.8	52145.1	0	0	0	0	0	0	178
DATA	11:46:01:000	2023-12-08	2348475	12.6162	555.113	0.0915229	415.823	847.937	15.2629	0.0797222	27.9476	18.1657	23.7346	74.8889	255	0	0	12.782	2.03644	2.3692	12.92	98.6886	0	0	34429.8	43470	48161.6	52143.9	0	0	0	0	0	0	102
DATA	11:46:02:000	2023-12-08	2348775	12.623	555.412	0.0915586	416.09	847.639	15.2575	0.0797007	27.9406	18.161	23.7505	74.8852	255	0	0	12.7813	2.03618	2.36782	12.92	98.6747	0	0	34429.6	43466.5	48163.5	52141.1	0	0	0	0	0	0	126
DATA	11:46:03:000	2023-12-08	2349075	12.6106	554.866	0.0914913	415.677	851.477	15.3266	0.0799511	28.0668	18.2337	23.7654	74.8898	255	0	0	12.782	2.03662	2.3692	12.92	98.6827	0	0	34430.2	43465.6	48145.3	52137.3	0	0	0	0	0	0	188
DATA	11:46:04:000	2023-12-08	2349375	12.6066	554.69	0.0914717	415.514	851.309	15.3236	0.0799433	28.0592	18.2313	23.7797	74.899	255	0	0	12.782	2.03642	2.36807	12.92	98.6822	0	0	34430.2	43467.4	48146.7	52138.8	0	0	0	0	0	0	129
DATA	11:46:05:000	2023-12-08	2349675	12.5998	554.391	0.0914332	415.33	855.487	15.3988	0.0802125	28.1996	18.3103	23.7971	74.8961	255	0	0	12.782	2.0366	2.36907	12.92	98.679	0	0	34431.2	43464.2	48128.5	52135.2	0	0	0	0	0	0	 82
DATA	11:46:06:000	2023-12-08	2349975	12.5879	553.868	0.0913683	414.965	861.361	15.5045	0.0805932	28.3951	18.4204	23.8149	74.8958	255	0	0	12.7813	2.03658	2.36994	12.92	98.6828	0	0	34435.2	43466.1	48116.1	52135.1	0	0	0	0	0	0	 46
DATA	11:46:07:000	2023-12-08	2350275	12.5963	554.237	0.0914112	415.306	860.582	15.4905	0.080538	28.3738	18.4069	23.8324	74.8885	255	0	0	12.782	2.03681	2.36982	12.92	98.697	0	0	34433.8	43470	48116.4	52141.2	0	0	0	0	0	0	 12
DATA	11:46:08:000	2023-12-08	2350575	12.5909	554	0.0913824	415.162	863.258	15.5386	0.0807118	28.4644	18.4572	23.8467	74.886	255	0	0	12.782	2.03678	2.3682	12.92	98.6972	0	0	34437	43470.3	48104.4	52140.4	0	0	0	0	0	0	 80
DATA	11:46:09:000	2023-12-08	2350875	12.598	554.312	0.0914238	415.378	864.295	15.5573	0.0807808	28.4973	18.4771	23.8614	74.893	255	0	0	12.782	2.03674	2.36945	12.92	98.6869	0	0	34432.1	43466.2	48101.9	52135.5	0	0	0	0	0	0	146
DATA	11:46:10:000	2023-12-08	2351175	12.6086	554.778	0.091484	415.751	867.941	15.6229	0.0810159	28.6191	18.5451	23.8754	74.8923	255	0	0	12.7813	2.03693	2.36994	12.92	98.6788	0	0	34426.7	43460.7	48081.4	52126.8	0	0	0	0	0	0	246
DATA	11:46:11:000	2023-12-08	2351475	12.6199	555.276	0.0915464	416.138	867.632	15.6174	0.080995	28.6099	18.5402	23.8903	74.8935	255	0	0	12.782	2.03685	2.37094	12.92	98.6786	0	0	34424.1	43461.4	48076.4	52126.2	0	0	0	0	0	0	186
DATA	11:46:12:000	2023-12-08	2351775	12.6511	556.648	0.0917209	417.208	873.734	15.7272	0.0813865	28.814	18.653	23.9052	74.8898	255	0	0	12.7813	2.03691	2.37044	12.92	98.6769	0	0	34417.1	43460.1	48059.1	52126.3	0	0	0	0	0	0	168
DATA	11:46:13:000	2023-12-08	2352075	12.6604	557.058	0.0917722	417.515	878.947	15.821	0.0817194	28.9859	18.7488	23.9197	74.8934	255	0	0	12.782	2.03702	2.37107	12.92	98.6752	0	0	34414.3	43458.2	48042.6	52122.1	0	0	0	0	0	0	179
DATA	11:46:14:000	2023-12-08	2352375	12.6387	556.103	0.0916566	416.782	876.181	15.7713	0.0815486	28.8935	18.699	23.9306	74.8993	255	0	0	12.782	2.03688	2.37107	12.92	98.669	0	0	34416.4	43456.9	48042.2	52120.3	0	0	0	0	0	0	146
DATA	11:46:15:000	2023-12-08	2352675	12.652	556.688	0.0917235	417.288	881.712	15.8708	0.0818935	29.0806	18.8005	23.9457	74.8911	255	0	0	12.782	2.03708	2.37082	12.92	98.6716	0	0	34414.3	43456	48009.3	52116.2	0	0	0	0	0	0	 76
DATA	11:46:16:000	2023-12-08	2352975	12.6346	555.922	0.0916312	416.701	880.824	15.8548	0.0818425	29.0504	18.7852	23.961	74.8973	255	0	0	12.7813	2.03709	2.37256	12.92	98.6715	0	0	34416.5	43455.8	48023.9	52118.1	0	0	0	0	0	0	223
DATA	11:46:17:000	2023-12-08	2353275	12.6252	555.509	0.091577	416.437	883.029	15.8945	0.0819808	29.1263	18.8261	23.9781	74.8933	255	0	0	12.782	2.03713	2.37057	12.92	98.6653	0	0	34417.5	43452.7	48016.1	52113.9	0	0	0	0	0	0	177
DATA	11:46:18:000	2023-12-08	2353575	12.6368	556.019	0.0916418	416.832	884.88	15.9278	0.0820987	29.1883	18.8605	23.9938	74.8949	255	0	0	12.782	2.03731	2.37157	12.92	98.6732	0	0	34416.9	43454.3	48007.9	52115.2	0	0	0	0	0	0	215
DATA	11:46:19:000	2023-12-08	2353875	12.6106	554.866	0.0914954	415.989	894.917	16.1085	0.0827365	29.5208	19.0418	24.0066	74.8944	255	0	0	12.7806	2.03707	2.37281	12.92	98.668	0	0	34418.1	43454.6	47967.6	52112.1	0	0	0	0	0	0	248
DATA	11:46:20:000	2023-12-08	2354175	12.6205	555.302	0.0915513	416.354	890.346	16.0262	0.0824469	29.3728	18.9607	24.0229	74.8916	255	0	0	12.7813	2.03738	2.37319	12.92	98.6722	0	0	34418.3	43453.2	47987.1	52113.7	0	0	0	0	0	0	252
DATA	11:46:21:000	2023-12-08	2354475	12.614	555.016	0.091515	416.171	893.644	16.0856	0.0826561	29.4838	19.0208	24.0401	74.8902	255	0	0	12.782	2.03747	2.37319	12.92	98.6724	0	0	34419.1	43452.4	47975.5	52108.9	0	0	0	0	0	0	100
DATA	11:46:22:000	2023-12-08	2354775	12.6201	555.284	0.091554	416.37	894.756	16.1056	0.0827328	29.5203	19.0418	24.059	74.8954	255	0	0	12.7813	2.03747	2.37281	12.92	98.677	0	0	34418.4	43454.4	47972.1	52112.5	0	0	0	0	0	0	 60
DATA	11:46:23:000	2023-12-08	2355075	12.6238	555.447	0.0915699	416.546	897.253	16.1506	0.0828855	29.6066	19.0874	24.077	74.8902	255	0	0	12.7813	2.03734	2.37369	12.92	98.6791	0	0	34418.8	43456.7	47955.3	52113.8	0	0	0	0	0	0	  4
DATA	11:46:24:000	2023-12-08	2355375	12.6148	555.051	0.0915207	416.227	901.987	16.2358	0.0831858	29.7611	19.1725	24.0896	74.8975	255	0	0	12.7813	2.03773	2.37481	12.92	98.7047	0	0	34427.1	43463.9	47937.5	52119.3	0	0	0	0	0	0	 32
DATA	11:46:25:000	2023-12-08	2355675	12.6136	554.998	0.091514	416.219	901.794	16.2323	0.0831737	29.7571	19.1699	24.1049	74.8956	255	0	0	12.782	2.03769	2.37418	12.92	98.715	0	0	34429.7	43468.8	47960.1	52126.9	0	0	0	0	0	0	156
DATA	11:46:26:000	2023-12-08	2355975	12.6233	555.425	0.0915681	416.591	908.547	16.3538	0.0835999	29.9836	19.2905	24.12	74.8901	255	0	0	12.782	2.03751	2.37406	12.92	98.7047	0	0	34428.7	43466.1	47937.8	52122.2	0	0	0	0	0	0	142
DATA	11:46:27:000	2023-12-08	2356275	12.6157	555.091	0.0915278	416.317	908.854	16.3594	0.0836219	29.9921	19.2966	24.1323	74.8973	255	0	0	12.782	2.03789	2.37381	12.92	98.6971	0	0	34423	43458.9	47929.2	52114.4	0	0	0	0	0	0	160
DATA	11:46:28:000	2023-12-08	2356575	12.6177	555.179	0.0915408	416.426	908.592	16.3547	0.0836075	29.9865	19.2927	24.1456	74.893	255	0	0	12.7813	2.03785	2.37518	12.92	98.6944	0	0	34423.8	43458.1	47929.6	52112.1	0	0	0	0	0	0	  7
DATA	11:46:29:000	2023-12-08	2356875	12.6125	554.95	0.0915113	416.255	913.489	16.4428	0.0839159	30.1482	19.3798	24.1599	74.8964	255	0	0	12.782	2.03773	2.37518	12.92	98.6903	0	0	34422.1	43457.6	47898.9	52110	0	0	0	0	0	0	105
DATA	11:46:30:000	2023-12-08	2357175	12.6075	554.73	0.0914817	416.103	914.461	16.4603	0.0839747	30.1812	19.3976	24.1727	74.8973	255	0	0	12.782	2.03786	2.37481	12.92	98.691	0	0	34422.7	43456.6	47903.4	52109.7	0	0	0	0	0	0	119
DATA	11:46:31:000	2023-12-08	2357475	12.628	555.632	0.091599	416.786	915.746	16.4834	0.0840589	30.2241	19.421	24.1882	74.9001	255	0	0	12.782	2.03797	2.37493	12.92	98.6666	0	0	34409.5	43444.7	47889.8	52095.5	0	0	0	0	0	0	101
DATA	11:46:32:000	2023-12-08	2357775	12.6159	555.1	0.0915309	416.403	915.993	16.4879	0.0840736	30.2334	19.4261	24.2023	74.9007	255	0	0	12.7813	2.03801	2.3763	12.92	98.6683	0	0	34423.1	43445	47880.7	52093.7	0	0	0	0	0	0	  0
DATA	11:46:33:000	2023-12-08	2358075	12.6207	555.311	0.091556	416.617	915.76	16.4837	0.0840566	30.2298	19.4227	24.2152	74.894	255	0	0	12.7813	2.038	2.37643	12.92	98.6673	0	0	34412	43444.7	47888.7	52095.6	0	0	0	0	0	0	179
DATA	11:46:34:000	2023-12-08	2358375	12.605	554.62	0.0914703	416.103	918.23	16.5281	0.0842147	30.3116	19.4667	24.2271	74.8962	255	0	0	12.782	2.03793	2.37568	12.92	98.669	0	0	34414.5	43446.1	47883.7	52096.7	0	0	0	0	0	0	 11
DATA	11:46:35:000	2023-12-08	2358675	12.6189	555.232	0.0915483	416.584	920.078	16.5614	0.0843308	30.3743	19.4997	24.2391	74.8952	255	0	0	12.7813	2.03826	2.37693	12.92	98.6742	0	0	34412.7	43445	47870.2	52094.8	0	0	0	0	0	0	194
DATA	11:46:36:000	2023-12-08	2358975	12.6121	554.932	0.0915082	416.363	919.417	16.5495	0.0842866	30.3527	19.4885	24.2472	74.8967	255	0	0	12.7813	2.03837	2.37668	12.92	98.689	0	0	34419.2	43450.5	47882.3	52101.4	0	0	0	0	0	0	248
DATA	11:46:37:000	2023-12-08	2359275	12.6074	554.726	0.0914842	416.23	918.319	16.5297	0.084221	30.318	19.47	24.2591	74.8957	255	0	0	12.782	2.03805	2.37618	12.92	98.6929	0	0	34421.4	43455.4	47887.8	52106.5	0	0	0	0	0	0	234
DATA	11:46:38:000	2023-12-08	2359575	12.5933	554.105	0.0914029	415.808	918.298	16.5294	0.0842161	30.3205	19.4702	24.2702	74.8906	255	0	0	12.782	2.03832	2.3783	12.92	98.6981	0	0	34424.9	43455	47892	52107.4	0	0	0	0	0	0	225
DATA	11:46:39:000	2023-12-08	2359875	12.6057	554.651	0.0914711	416.234	923.389	16.621	0.0845344	30.4899	19.5598	24.2821	74.8905	255	0	0	12.782	2.03849	2.37655	12.92	98.6937	0	0	34418	43451.3	47871.1	52101.9	0	0	0	0	0	0	 94
DATA	11:46:40:000	2023-12-08	2360175	12.6104	554.858	0.0915018	416.355	923.474	16.6225	0.084545	30.4902	19.5619	24.2931	74.8995	255	0	0	12.7813	2.03811	2.37755	12.92	98.6896	0	0	34422.5	43453.4	47872	52103.6	0	0	0	0	0	0	113
DATA	11:46:41:000	2023-12-08	2360475	12.5939	554.132	0.0914051	415.854	924.173	16.6351	0.0845834	30.5164	19.5746	24.3035	74.8943	255	0	0	12.782	2.03856	2.37755	12.92	98.6808	0	0	34418.5	43444.8	47841.7	52091.2	0	0	0	0	0	0	218
DATA	11:46:42:000	2023-12-08	2360775	12.5973	554.281	0.0914298	415.939	925.559	16.6601	0.0846768	30.5602	19.5993	24.3135	74.9017	255	0	0	12.7813	2.03867	2.37705	12.92	98.6749	0	0	34412.9	43441.2	47849.8	52087.8	0	0	0	0	0	0	 55
DATA	11:46:43:000	2023-12-08	2361075	12.5864	553.802	0.091367	415.612	923.93	16.6307	0.0845727	30.5088	19.5714	24.3233	74.8982	255	0	0	12.782	2.03875	2.37867	12.92	98.672	0	0	34412.2	43439.1	47849.5	52086.3	0	0	0	0	0	0	 73
DATA	11:46:44:000	2023-12-08	2361375	12.59	553.96	0.0913851	415.773	925.432	16.6578	0.0846639	30.5615	19.5981	24.3326	74.893	255	0	0	12.7813	2.03872	2.37842	12.92	98.6706	0	0	34412	43438.8	47845	52086.3	0	0	0	0	0	0	151
DATA	11:46:45:000	2023-12-08	2361675	12.5893	553.929	0.0913833	415.75	928.434	16.7118	0.0848549	30.6607	19.6508	24.342	74.8953	255	0	0	12.7813	2.03867	2.37705	12.92	98.6772	0	0	34416.4	43442.2	47838.7	52090.5	0	0	0	0	0	0	198
DATA	11:46:46:000	2023-12-08	2361975	12.6	554.4	0.0914451	416.108	929.576	16.7324	0.0849288	30.6987	19.671	24.3507	74.8967	255	0	0	12.7806	2.03891	2.3798	12.92	98.6872	0	0	34412.9	43444.2	47832.9	52090.2	0	0	0	0	0	0	205
DATA	11:46:47:000	2023-12-08	2362275	12.5935	554.114	0.091408	415.921	929.935	16.7388	0.0849499	30.7126	19.6777	24.3589	74.8938	255	0	0	12.782	2.03907	2.3798	12.92	98.6915	0	0	34417.7	43444.4	47836.7	52090.9	0	0	0	0	0	0	180
DATA	11:46:48:000	2023-12-08	2362575	12.5756	553.326	0.0913053	415.357	932.738	16.7893	0.0851217	30.8072	19.7267	24.3678	74.8911	255	0	0	12.7806	2.03891	2.37892	12.92	98.6805	0	0	34416.4	43441.1	47820.5	52085.6	0	0	0	0	0	0	 30
DATA	11:46:49:000	2023-12-08	2362875	12.5776	553.414	0.091321	415.398	936.822	16.8628	0.0853817	30.9402	19.7976	24.3782	74.8983	255	0	0	12.7813	2.03902	2.37817	12.92	98.6941	0	0	34418.8	43446	47810.7	52090.2	0	0	0	0	0	0	153
DATA	11:46:50:000	2023-12-08	2363175	12.5846	553.722	0.0913545	415.661	936.98	16.8656	0.0853842	30.9478	19.8009	24.3875	74.8949	255	0	0	12.7806	2.03894	2.38017	12.92	98.6947	0	0	34420.2	43447.1	47811.1	52091.2	0	0	0	0	0	0	243
