Model:	 LI-7500
SN:	75D-4923
Timestamp:	Dec 16 2023 at 12:30:01
DATAH	Time	Date	Sequence Number	CO2 (mmol/m^3)	CO2 (mg/m^3)	CO2 Absorptance	CO2 (umol/mol)	H2O (mmol/m^3)	H2O (g/m^3)	H2O Absorptance	H2O (mmol/mol)	Dew Point (C)	Temperature (C)	Pressure (kPa)	Diagnostic Value	Diagnostic Value 2	Diagnostic Word	DSI Vin (v)	Cooler Voltage (v)	Chopper Cooler Voltage (v)	Smart Flux Vin (v)	CO2 Signal Strength	Integral	Peak Height	CO2 Sample	CO2 Reference	H2O Sample	H2O Reference	CH4 Seconds	CH4 Nano Seconds	CH4 (umol/mol)	CH4 (mmol/m^3)	CH4 Signal Strength (RSSI)	CH4 Diagnostic Value	CHK
DATA	20:29:48:000	2023-12-16	786390	13.0078	572.343	0.0937136	411.277	612.988	11.0338	0.0635923	19.3813	12.499	12.267	75.0515	254	0	0	13.0515	1.9122	2.01619	13.17	95.6096	0	0	34101.7	43186.7	49745.9	53021.8	0	0	0	0	0	0	 40
DATA	20:29:49:000	2023-12-16	786690	12.944	569.536	0.0933619	409.258	608.75	10.9575	0.0632812	19.2472	12.3932	12.2627	75.0506	254	0	0	13.0522	1.91205	2.01407	13.17	95.2247	0	0	33917.6	43013.9	49590.3	52871	0	0	0	0	0	0	  1
DATA	20:29:50:000	2023-12-16	786990	13.0319	573.404	0.0938471	412.004	593.503	10.6831	0.0621536	18.7636	12.0074	12.2582	75.0556	254	0	0	13.0508	1.91207	2.01407	13.17	94.1707	0	0	33601.6	42537.6	49261.2	52444.1	0	0	0	0	0	0	146
DATA	20:29:51:000	2023-12-16	787290	13.2484	582.93	0.0950312	418.885	589.64	10.6135	0.0618621	18.6431	11.9082	12.254	75.048	254	0	0	13.0515	1.91193	2.01619	13.17	93.4227	0	0	33340.7	42200.7	48932.1	52094.9	0	0	0	0	0	0	226
DATA	20:29:52:000	2023-12-16	787590	14.6858	646.175	0.102733	464.324	584.419	10.5195	0.0614749	18.4777	11.7733	12.2518	75.0487	254	0	0	13.0522	1.91198	2.01644	13.17	94.0228	0	0	33522.4	42471.5	49263.2	52375.9	0	0	0	0	0	0	157
DATA	20:29:53:000	2023-12-16	787890	13.2944	584.954	0.0952825	420.295	578.879	10.4198	0.0610574	18.3009	11.629	12.2506	75.055	254	0	0	13.0522	1.91222	2.01519	13.17	93.5478	0	0	33321.8	42255.2	49057.5	52205.2	0	0	0	0	0	0	 90
DATA	20:29:54:000	2023-12-16	788190	13.2858	584.575	0.0952399	420.032	581.334	10.464	0.0612458	18.3789	11.6931	12.2508	75.0535	254	0	0	13.0515	1.91211	2.0132	13.17	91.8471	0	0	32707.4	41487.8	48467.9	51533.2	0	0	0	0	0	0	 90
DATA	20:29:55:000	2023-12-16	788490	13.4491	591.76	0.0961257	425.219	568.952	10.2411	0.0603114	17.9885	11.3676	12.2513	75.0493	254	0	0	13.0515	1.91209	2.01494	13.17	91.4155	0	0	32540.5	41293	48324.1	51378.5	0	0	0	0	0	0	 31
DATA	20:29:56:000	2023-12-16	788790	13.7839	606.492	0.0979326	435.829	567.024	10.2064	0.0601622	17.9286	11.3164	12.2504	75.0448	254	0	0	13.0515	1.91205	2.01382	13.17	91.71	0	0	32611.4	41426.2	48433	51418.3	0	0	0	0	0	0	223
DATA	20:29:57:000	2023-12-16	789090	13.3237	586.243	0.0954398	421.277	566.955	10.2052	0.060158	17.9263	11.3145	12.2494	75.0448	254	0	0	13.0515	1.91191	2.01382	13.17	91.6321	0	0	32543.6	41392.1	48441.5	51421.8	0	0	0	0	0	0	119
DATA	20:29:58:000	2023-12-16	789390	13.3856	588.966	0.0957796	423.2	564.547	10.1618	0.0599783	17.8488	11.2503	12.2496	75.0508	254	0	0	13.0508	1.91196	2.01369	13.17	91.0073	0	0	32373.7	41109.5	48159	51158.4	0	0	0	0	0	0	 38
DATA	20:29:59:000	2023-12-16	789690	14.0764	619.362	0.0995013	445.071	559.578	10.0724	0.0596006	17.6929	11.117	12.25	75.0458	254	0	0	13.0515	1.91185	2.01432	13.17	91.205	0	0	32269.7	41199.5	48273.9	51198.6	0	0	0	0	0	0	  1
DATA	20:30:00:000	2023-12-16	789990	13.5801	597.524	0.0968355	429.374	561.591	10.1086	0.0597526	17.7563	11.1712	12.2515	75.0471	254	0	0	13.0515	1.91198	2.01182	13.17	91.2745	0	0	32388	41230	48298	51207	0	0	0	0	0	0	 44
DATA	20:30:01:000	2023-12-16	790290	13.2554	583.238	0.0950624	419.114	547.265	9.85077	0.0586557	17.3036	10.7823	12.253	75.0462	254	0	0	13.0522	1.91207	2.01457	13.17	90.9125	0	0	32370.9	41065.9	48136	51041.5	0	0	0	0	0	0	  7
DATA	20:30:02:000	2023-12-16	790590	13.4676	592.574	0.0962212	425.863	559.504	10.0711	0.0595919	17.6922	11.1152	12.2543	75.0397	254	0	0	13.0515	1.91169	2.01469	13.17	91.2065	0	0	32474.3	41201.3	48284.1	51157.2	0	0	0	0	0	0	154
DATA	20:30:03:000	2023-12-16	790890	13.2948	584.971	0.0952813	420.368	548.072	9.8653	0.0587212	17.3295	10.8047	12.2563	75.0456	254	0	0	13.0508	1.91191	2.01369	13.17	90.8449	0	0	32312.1	41036.4	48094	51014.4	0	0	0	0	0	0	 27
DATA	20:30:04:000	2023-12-16	791190	13.5049	594.216	0.096424	427.027	541.913	9.75443	0.0582475	17.1354	10.6351	12.2589	75.0436	254	0	0	13.0515	1.91187	2.01407	13.17	90.6368	0	0	32229.4	40942.7	48049.5	50897.2	0	0	0	0	0	0	133
DATA	20:30:05:000	2023-12-16	791490	13.443	591.492	0.0960876	425.045	545.257	9.81463	0.0585045	17.2401	10.7275	12.2612	75.0485	254	0	0	13.0515	1.91176	2.0132	13.17	90.3213	0	0	32163.2	40801	47924.4	50774.5	0	0	0	0	0	0	204
DATA	20:30:06:000	2023-12-16	791790	13.233	582.252	0.0949424	418.44	539.012	9.70222	0.0580235	17.0441	10.5547	12.2626	75.0426	254	0	0	13.0508	1.9117	2.01357	13.17	89.8525	0	0	32033.1	40589.6	47770.8	50577.8	0	0	0	0	0	0	 13
DATA	20:30:07:000	2023-12-16	792090	13.7384	604.49	0.0976851	434.402	541.607	9.74893	0.0582233	17.1254	10.6268	12.2626	75.046	254	0	0	13.0522	1.91179	2.01482	13.17	89.6047	0	0	31800.8	40477	47627.1	50524.1	0	0	0	0	0	0	232
DATA	20:30:08:000	2023-12-16	792390	13.3462	587.233	0.0955585	422	537.4	9.6732	0.0578978	16.9923	10.5098	12.2627	75.0462	254	0	0	13.0508	1.91215	2.01344	13.17	89.3767	0	0	31837	40371.6	47578.8	50406	0	0	0	0	0	0	176
DATA	20:30:09:000	2023-12-16	792690	13.182	580.008	0.0946622	416.782	538.008	9.68414	0.0579452	17.0105	10.5267	12.2623	75.0508	254	0	0	13.0515	1.91178	2.01307	13.17	89.3659	0	0	31829.8	40369.3	47599.3	50358.2	0	0	0	0	0	0	144
DATA	20:30:10:000	2023-12-16	792990	13.4044	589.794	0.0958791	423.812	532.09	9.57762	0.0574901	16.8233	10.3609	12.2618	75.051	254	0	0	13.0508	1.91187	2.01132	13.17	89.1502	0	0	31684.8	40271.2	47482.1	50318.2	0	0	0	0	0	0	 70
DATA	20:30:11:000	2023-12-16	793290	13.2883	584.685	0.0952418	420.179	534.692	9.62446	0.057688	16.9071	10.4339	12.26	75.0437	254	0	0	13.0508	1.9118	2.01257	13.17	89.1715	0	0	31663.6	40281.3	47521.5	50341.9	0	0	0	0	0	0	240
DATA	20:30:12:000	2023-12-16	793590	13.354	587.576	0.0956025	422.255	530.208	9.54374	0.0573437	16.7652	10.3077	12.2585	75.0436	254	0	0	13.0515	1.91204	2.01332	13.17	88.9016	0	0	31645.9	40157.7	47426.1	50219.7	0	0	0	0	0	0	118
DATA	20:30:13:000	2023-12-16	793890	13.5426	595.874	0.0966329	428.161	535.248	9.63446	0.0577377	16.9223	10.4493	12.2568	75.0532	254	0	0	13.0515	1.91189	2.0132	13.17	88.2523	0	0	31418.3	39865.5	47188.9	49968.8	0	0	0	0	0	0	192
DATA	20:30:14:000	2023-12-16	794190	13.8691	610.24	0.09839	438.512	535.217	9.63391	0.0577316	16.9224	10.4484	12.2555	75.048	254	0	0	13.0515	1.91208	2.01307	13.17	88.1552	0	0	31407.5	39820.3	47154.5	49959.3	0	0	0	0	0	0	234
DATA	20:30:15:000	2023-12-16	794490	13.3696	588.262	0.0956828	422.737	535.556	9.64001	0.0577535	16.9339	10.4578	12.2547	75.0445	253	0	0	13.0515	1.91177	2.01207	13.17	88.0489	0	0	31375	39774.3	47139.1	49856.2	0	0	0	0	0	0	132
DATA	20:30:16:000	2023-12-16	794790	13.3527	587.519	0.0955973	422.21	536.845	9.66321	0.0578578	16.9749	10.4938	12.2538	75.0431	254	0	0	13.0515	1.91197	2.01295	13.17	88.433	0	0	31434.6	39946.5	47261.5	50037.8	0	0	0	0	0	0	127
DATA	20:30:17:000	2023-12-16	795090	13.4536	591.958	0.0961391	425.367	536.85	9.6633	0.0578542	16.9738	10.494	12.2536	75.0489	253	0	0	13.0508	1.91181	2.01282	13.17	88.1417	0	0	31379	39816.1	47167.7	49917.6	0	0	0	0	0	0	242
DATA	20:30:18:000	2023-12-16	795390	13.6685	601.414	0.0973087	432.168	522.485	9.40473	0.056742	16.5198	10.088	12.2542	75.048	253	0	0	13.0522	1.91167	2.01207	13.17	87.3481	0	0	31046.3	39458.5	46859.1	49571	0	0	0	0	0	0	199
DATA	20:30:19:000	2023-12-16	795690	13.869	610.236	0.0983857	438.532	520.737	9.37327	0.0566046	16.4655	10.0379	12.2546	75.0438	253	0	0	13.0515	1.91189	2.0127	13.17	87.7414	0	0	31185.8	39634.7	47025.9	49734.2	0	0	0	0	0	0	118
DATA	20:30:20:000	2023-12-16	795990	13.6603	601.053	0.0972676	431.849	518.931	9.34076	0.0564668	16.4052	9.98612	12.256	75.0587	253	0	0	13.0508	1.91173	2.0127	13.17	87.3242	0	0	31085.5	39447.3	46874.7	49577.7	0	0	0	0	0	0	122
DATA	20:30:21:000	2023-12-16	796290	13.5406	595.786	0.0966129	428.117	519.839	9.3571	0.0565332	16.4359	10.0123	12.2565	75.0498	253	0	0	13.0515	1.91197	2.01232	13.17	87.357	0	0	31053.6	39460.5	46863.2	49589.4	0	0	0	0	0	0	105
DATA	20:30:22:000	2023-12-16	796590	13.4817	593.195	0.0963024	426.241	522.469	9.40444	0.0567447	16.5185	10.0877	12.2569	75.0522	253	0	0	13.0515	1.91194	2.01257	13.17	86.8322	0	0	30877.5	39223.6	46698.3	49389.8	0	0	0	0	0	0	219
DATA	20:30:23:000	2023-12-16	796890	13.4104	590.058	0.0959076	424.008	509.913	9.17843	0.0557565	16.1224	9.72467	12.2573	75.0486	253	0	0	13.0501	1.91174	2.01108	13.17	86.1739	0	0	30648.8	38927.6	46422	49055.1	0	0	0	0	0	0	103
DATA	20:30:24:000	2023-12-16	797190	13.4687	592.623	0.0962251	425.848	512.12	9.21816	0.0559305	16.192	9.78902	12.2568	75.049	253	0	0	13.0508	1.912	2.01245	13.17	86.8197	0	0	30824.2	39217.6	46678.9	49357.5	0	0	0	0	0	0	219
DATA	20:30:25:000	2023-12-16	797490	13.3849	588.936	0.0957732	423.181	517.204	9.30967	0.056331	16.3521	9.93636	12.2563	75.052	253	0	0	13.0508	1.9117	2.01245	13.17	86.7302	0	0	30835.8	39179.2	46655.1	49338.8	0	0	0	0	0	0	 58
DATA	20:30:26:000	2023-12-16	797790	13.5556	596.446	0.0966979	428.61	515.376	9.27677	0.0561858	16.2955	9.88351	12.256	75.0464	253	0	0	13.0501	1.91195	2.01132	13.17	86.8266	0	0	30727	39221	46736.8	49351.3	0	0	0	0	0	0	204
DATA	20:30:27:000	2023-12-16	798090	13.3545	587.598	0.0956052	422.214	512.231	9.22016	0.0559375	16.1946	9.79221	12.256	75.0531	253	0	0	13.0515	1.91161	2.0127	13.17	86.8691	0	0	30887.1	39242.5	46731.3	49393.9	0	0	0	0	0	0	 91
DATA	20:30:28:000	2023-12-16	798390	13.5054	594.238	0.0964251	426.999	510.197	9.18355	0.0557791	16.1308	9.73287	12.2555	75.0504	253	0	0	13.0508	1.91182	2.0122	13.17	86.6038	0	0	30860.8	39121.3	46674.1	49276.2	0	0	0	0	0	0	157
DATA	20:30:29:000	2023-12-16	798690	13.4321	591.012	0.0960286	424.654	515.812	9.28462	0.0562226	16.3073	9.89605	12.2545	75.0549	253	0	0	13.0515	1.91193	2.0132	13.17	85.9774	0	0	30587	38837.6	46442.2	49031.4	0	0	0	0	0	0	 47
DATA	20:30:30:000	2023-12-16	798990	13.7397	604.547	0.0976991	434.378	515.611	9.281	0.0562003	16.3009	9.8901	12.2521	75.0545	253	0	0	13.0508	1.91163	2.01245	13.17	86.005	0	0	30530.6	38852	46365.5	49005.5	0	0	0	0	0	0	128
DATA	20:30:31:000	2023-12-16	799290	13.6776	601.814	0.0973629	432.379	517.995	9.32391	0.0563946	16.375	9.95879	12.249	75.0598	253	0	0	13.0515	1.91188	2.0102	13.17	85.9884	0	0	30571.4	38842.9	46438.2	49060	0	0	0	0	0	0	  4
DATA	20:30:32:000	2023-12-16	799590	13.4846	593.322	0.0963079	426.328	500.336	9.00605	0.0549981	15.8186	9.44178	12.2446	75.0498	253	0	0	13.0515	1.91163	2.01182	13.17	85.8932	0	0	30555.3	38801.5	46391.4	49017.5	0	0	0	0	0	0	205
DATA	20:30:33:000	2023-12-16	799890	13.4462	591.633	0.0961008	425.105	504.495	9.08091	0.055331	15.9497	9.56473	12.2408	75.0505	253	0	0	13.0508	1.91205	2.01195	13.17	85.8577	0	0	30466.4	38782.7	46385.7	48993.3	0	0	0	0	0	0	168
DATA	20:30:34:000	2023-12-16	800190	13.5578	596.543	0.0967106	428.615	505.198	9.09356	0.055382	15.9713	9.58533	12.2384	75.053	253	0	0	13.0508	1.91202	2.0112	13.17	85.7333	0	0	30508.1	38726.7	46361.2	48992.8	0	0	0	0	0	0	 39
DATA	20:30:35:000	2023-12-16	800490	13.539	595.716	0.0966062	428.044	511.749	9.21148	0.0559008	16.1793	9.77717	12.2368	75.0485	253	0	0	13.0515	1.9119	2.01132	13.17	85.6018	0	0	30413.8	38668.2	46294	48918.8	0	0	0	0	0	0	  8
DATA	20:30:36:000	2023-12-16	800790	13.5121	594.532	0.0964613	427.164	497.179	8.94922	0.0547504	15.7175	9.34721	12.2351	75.0533	253	0	0	13.0508	1.91174	2.01157	13.17	85.3247	0	0	30323.9	38544	46180.6	48809.9	0	0	0	0	0	0	 91
DATA	20:30:37:000	2023-12-16	801090	13.5243	595.069	0.0965297	427.564	510.742	9.19336	0.0558229	16.1469	9.74751	12.2311	75.0497	253	0	0	13.0508	1.91183	2.01095	13.17	85.4594	0	0	30367.9	38604.3	46214.7	48804.1	0	0	0	0	0	0	203
DATA	20:30:38:000	2023-12-16	801390	13.8009	607.24	0.0980202	436.311	504.221	9.07598	0.0553062	15.9408	9.55585	12.2257	75.0478	253	0	0	13.0515	1.91181	2.0107	13.17	85.6418	0	0	30431.4	38686.8	46318.1	48917.2	0	0	0	0	0	0	 69
DATA	20:30:39:000	2023-12-16	801690	13.6665	601.326	0.0972955	432.035	497.83	8.96094	0.0548003	15.7377	9.36596	12.2217	75.0515	253	0	0	13.0515	1.91169	2.01033	13.17	85.4295	0	0	30401.7	38591.6	46250.8	48875.2	0	0	0	0	0	0	151
DATA	20:30:40:000	2023-12-16	801990	13.5615	596.706	0.0967229	428.782	504.117	9.07411	0.0552958	15.939	9.55237	12.2178	75.0388	253	0	0	13.0515	1.91165	2.01195	13.17	85.5127	0	0	30443.5	38629.5	46331.1	48914.8	0	0	0	0	0	0	156
DATA	20:30:41:000	2023-12-16	802290	13.5019	594.084	0.096407	426.842	504.49	9.08082	0.0553298	15.9487	9.5632	12.2144	75.0477	253	0	0	13.0508	1.91192	2.00983	13.17	85.9102	0	0	30570.7	38807.3	46470.7	49039.4	0	0	0	0	0	0	 43
DATA	20:30:42:000	2023-12-16	802590	13.5894	597.934	0.0968749	429.627	501.116	9.02009	0.05506	15.8427	9.46327	12.2124	75.044	253	0	0	13.0515	1.91189	2.01108	13.17	85.5292	0	0	30347.4	38635.3	46276.2	48896.9	0	0	0	0	0	0	 54
DATA	20:30:43:000	2023-12-16	802890	15.1607	667.071	0.105182	479.3	504.055	9.07299	0.0552933	15.9355	9.5502	12.2112	75.0442	253	0	0	13.0508	1.91189	2.01095	13.17	85.103	0	0	30211.8	38442.9	46162.4	48704.8	0	0	0	0	0	0	159
DATA	20:30:44:000	2023-12-16	803190	13.7963	607.037	0.0979902	436.201	503.243	9.05837	0.0552259	15.9112	9.52618	12.2106	75.0378	253	0	0	13.0515	1.91177	2.01145	13.17	85.0521	0	0	30242.7	38420.6	46189.2	48722.2	0	0	0	0	0	0	154
DATA	20:30:45:000	2023-12-16	803490	13.9091	612	0.0985994	439.719	502.968	9.05342	0.0552074	15.9007	9.518	12.2097	75.0458	253	0	0	13.0515	1.9119	2.0117	13.17	84.512	0	0	30028.2	38175.8	45935.2	48501.5	0	0	0	0	0	0	241
DATA	20:30:46:000	2023-12-16	803790	13.983	615.252	0.0989924	442.078	498.648	8.97566	0.0548633	15.7649	9.38968	12.2087	75.0417	253	0	0	13.0508	1.91178	2.01095	13.17	84.4299	0	0	29978.7	38139.5	45899.9	48465.2	0	0	0	0	0	0	250
DATA	20:30:47:000	2023-12-16	804090	14.35	631.4	0.10095	453.62	500.162	9.00292	0.0549876	15.8107	9.43469	12.2077	75.0515	253	0	0	13.0508	1.91147	2.01058	13.17	84.2925	0	0	29878.1	38079.5	45861.2	48422.9	0	0	0	0	0	0	 77
DATA	20:30:48:000	2023-12-16	804390	14.0066	616.29	0.099119	442.857	499.38	8.98884	0.0549217	15.7893	9.41136	12.2063	75.0355	253	0	0	13.0515	1.91178	2.00945	13.17	84.7314	0	0	30080.2	38275.7	46041.3	48592.7	0	0	0	0	0	0	 62
DATA	20:30:49:000	2023-12-16	804690	13.8388	608.907	0.0982172	437.599	498.863	8.97953	0.0548784	15.7746	9.39585	12.2041	75.0267	253	0	0	13.0515	1.91166	2.01008	13.17	84.7796	0	0	30128.4	38298.2	46064.5	48633.5	0	0	0	0	0	0	  8
DATA	20:30:50:000	2023-12-16	804990	13.7477	604.899	0.0977329	434.616	507.374	9.13273	0.0555567	16.04	9.64745	12.2026	75.044	253	0	0	13.0508	1.91171	2.0112	13.17	84.6187	0	0	30074.2	38225.2	45981.8	48545	0	0	0	0	0	0	151
DATA	20:30:51:000	2023-12-16	805290	13.6109	598.88	0.0969906	430.305	495.619	8.92114	0.0546217	15.6689	9.29887	12.2031	75.0418	253	0	0	13.0508	1.91169	2.01132	13.17	84.6964	0	0	30110.8	38260.5	46033.2	48585.3	0	0	0	0	0	0	149
DATA	20:30:52:000	2023-12-16	805590	13.6688	601.427	0.0973025	432.15	498.788	8.97818	0.0548752	15.7696	9.39362	12.2043	75.0395	253	0	0	13.0515	1.91176	2.01008	13.17	84.4023	0	0	29963.1	38127.2	45903.2	48428	0	0	0	0	0	0	 63
DATA	20:30:53:000	2023-12-16	805890	13.6053	598.633	0.0969601	430.121	493.903	8.89025	0.0544847	15.6144	9.24743	12.2043	75.0433	253	0	0	13.0515	1.91172	2.01182	13.17	84.3706	0	0	30002	38113.1	45920.9	48407	0	0	0	0	0	0	209
DATA	20:30:54:000	2023-12-16	806190	13.596	598.224	0.0969102	429.832	493.993	8.89187	0.0544926	15.6174	9.25009	12.2035	75.0422	253	0	0	13.0508	1.91192	2.00995	13.17	84.3947	0	0	29982.8	38122.7	45899.5	48454.7	0	0	0	0	0	0	198
DATA	20:30:55:000	2023-12-16	806490	13.5703	597.093	0.0967722	429.018	494.948	8.90906	0.0545696	15.6475	9.2787	12.2022	75.0421	253	0	0	13.0508	1.91171	2.00958	13.17	84.0182	0	0	29854.3	37954	45752.1	48284.5	0	0	0	0	0	0	 77
DATA	20:30:56:000	2023-12-16	806790	13.6238	599.447	0.0970665	430.645	492.909	8.87236	0.0544102	15.5807	9.21737	12.2013	75.0532	253	0	0	13.0515	1.91182	2.01045	13.17	83.4605	0	0	29704.6	37701.4	45618.9	48022.2	0	0	0	0	0	0	183
DATA	20:30:57:000	2023-12-16	807090	13.8296	608.502	0.0981764	437.168	497.485	8.95473	0.0547748	15.726	9.35452	12.1999	75.0497	253	0	0	13.0508	1.91152	2.00896	13.17	83.1083	0	0	29529.9	37544.2	45366.1	47907.9	0	0	0	0	0	0	209
DATA	20:30:58:000	2023-12-16	807390	13.9224	612.586	0.0986746	440.086	500.398	9.00716	0.0550064	15.8176	9.4412	12.1981	75.0518	253	0	0	13.0508	1.91171	2.00995	13.17	82.5414	0	0	29275.9	37286.8	45260.9	47735.7	0	0	0	0	0	0	161
DATA	20:30:59:000	2023-12-16	807690	13.8163	607.917	0.0981004	436.721	492.048	8.85686	0.0543397	15.5532	9.19117	12.1964	75.0533	253	0	0	13.0508	1.91168	2.0097	13.17	82.218	0	0	29200.3	37140.9	45166.2	47628.5	0	0	0	0	0	0	 98
DATA	20:31:00:000	2023-12-16	807990	13.8765	610.566	0.0984235	438.651	490.285	8.82513	0.0541987	15.4984	9.13783	12.1947	75.0483	253	0	0	13.0508	1.9117	2.0097	13.17	82.0971	0	0	29119.5	37086.2	45100.8	47584.6	0	0	0	0	0	0	119
DATA	20:31:01:000	2023-12-16	808290	14.0412	617.813	0.0993095	443.824	495.148	8.91266	0.054588	15.651	9.28422	12.193	75.0534	253	0	0	13.0515	1.91161	2.00933	13.17	81.4716	0	0	28889.4	36804.2	44873.9	47350.2	0	0	0	0	0	0	 38
DATA	20:31:02:000	2023-12-16	808590	13.8314	608.582	0.0981863	437.159	492.643	8.86757	0.0543894	15.5706	9.20885	12.1915	75.0588	253	0	0	13.0515	1.91159	2.00933	13.17	81.599	0	0	28932.5	36861.9	44920	47422.5	0	0	0	0	0	0	 90
DATA	20:31:03:000	2023-12-16	808890	14.1517	622.675	0.099894	447.344	495.805	8.92449	0.0546392	15.6727	9.30378	12.1904	75.0482	253	0	0	13.0515	1.91146	2.0097	13.17	80.9697	0	0	28700	36578.4	44707	47180.8	0	0	0	0	0	0	193
DATA	20:31:04:000	2023-12-16	809190	14.1735	623.634	0.10001	448.023	495.415	8.91747	0.0546077	15.66	9.29206	12.1898	75.0498	253	0	0	13.0508	1.9115	2.00945	13.17	80.7298	0	0	28629.7	36469.8	44666.2	47078.2	0	0	0	0	0	0	212
DATA	20:31:05:000	2023-12-16	809490	14.1707	623.511	0.0999916	447.912	493.015	8.87427	0.0544153	15.5834	9.21988	12.1881	75.053	252	0	0	13.0515	1.91159	2.00896	13.17	80.1267	0	0	28384	36196.8	44489.8	46921.1	0	0	0	0	0	0	 74
DATA	20:31:06:000	2023-12-16	809790	14.2958	629.015	0.100655	451.884	498.493	8.97287	0.0548514	15.7572	9.38383	12.1852	75.0493	252	0	8	13.0508	1.91142	2.00958	13.17	79.4132	0	0	28067.9	35875.5	44123.8	46653	0	0	0	0	0	0	 94
DATA	20:31:07:000	2023-12-16	810090	14.3945	633.358	0.101183	455.031	495.527	8.91949	0.0546189	15.6643	9.29498	12.1814	75.0439	252	0	8	13.0515	1.91173	2.00983	13.17	79.4254	0	0	28108.8	35879.2	44246	46681.9	0	0	0	0	0	0	 79
DATA	20:31:08:000	2023-12-16	810390	14.3349	630.736	0.100861	453.155	488.805	8.79849	0.0540789	15.4521	9.09205	12.1765	75.0412	252	0	8	13.0515	1.91164	2.00995	13.17	78.981	0	0	27927.1	35678.9	44075.5	46488.7	0	0	0	0	0	0	128
DATA	20:31:09:000	2023-12-16	810690	14.4974	637.886	0.101727	458.172	486.043	8.74877	0.053862	15.3608	9.0078	12.1713	75.0595	252	0	8	13.0529	1.91161	2.01008	13.17	78.8487	0	0	27884.7	35619.3	44048.9	46456	0	0	0	0	0	0	244
DATA	20:31:10:000	2023-12-16	810990	14.3499	631.396	0.100947	453.527	489.47	8.81046	0.0541348	15.4696	9.11167	12.166	75.0554	252	0	8	13.0522	1.91161	2.00858	13.17	78.9853	0	0	27966.8	35681.1	44153.8	46547	0	0	0	0	0	0	230
DATA	20:31:11:000	2023-12-16	811290	14.5142	638.625	0.10181	458.741	491.085	8.83953	0.0542619	15.5214	9.16018	12.1594	75.0502	252	0	8	13.0536	1.91159	2.00983	13.17	78.2621	0	0	27673	35354.5	43849.9	46230.8	0	0	0	0	0	0	241
DATA	20:31:12:000	2023-12-16	811590	14.4111	634.088	0.101271	455.408	488.108	8.78594	0.054026	15.4248	9.06968	12.1531	75.0608	252	0	8	13.0522	1.91168	2.00858	13.17	78.3358	0	0	27683.8	35387.2	43890	46307.4	0	0	0	0	0	0	255
DATA	20:31:13:000	2023-12-16	811890	14.494	637.736	0.101712	458.035	488.912	8.80042	0.0540935	15.4505	9.09372	12.1461	75.0577	252	0	8	13.0536	1.91164	2.00896	13.17	78.2016	0	0	27629.9	35326.8	43846.6	46217.8	0	0	0	0	0	0	101
DATA	20:31:14:000	2023-12-16	812190	14.4914	637.622	0.101695	457.946	487.732	8.77918	0.0539969	15.4129	9.05757	12.1399	75.0573	252	0	8	13.0508	1.91146	2.00945	13.17	78.1595	0	0	27662.2	35308.9	43834.3	46247.2	0	0	0	0	0	0	189
DATA	20:31:15:000	2023-12-16	812490	14.6537	644.763	0.102546	463.003	478.556	8.61401	0.0532597	15.1206	8.77613	12.1353	75.0677	252	0	8	13.0536	1.91193	2.00908	13.17	77.3452	0	0	27354	34938.2	43539.9	45866.9	0	0	0	0	0	0	 57
DATA	20:31:16:000	2023-12-16	812790	14.6564	644.882	0.102559	463.116	482.037	8.67667	0.0535394	15.2315	8.88316	12.1315	75.0622	252	0	8	13.0522	1.91155	2.00883	13.17	76.0163	0	0	26861	34340.2	42986.8	45340.8	0	0	0	0	0	0	 40
DATA	20:31:17:000	2023-12-16	813090	14.7487	648.943	0.10304	466.065	481.033	8.65859	0.053457	15.2008	8.85214	12.1283	75.0561	252	0	8	13.0529	1.91145	2.00908	13.17	75.601	0	0	26676.8	34153.1	42917	45218.2	0	0	0	0	0	0	133
DATA	20:31:18:000	2023-12-16	813390	14.9721	658.772	0.104206	473.066	477.393	8.59307	0.0531665	15.084	8.73956	12.1239	75.0642	252	0	8	13.0515	1.91165	2.00858	13.17	75.4071	0	0	26605.3	34064.4	42867.3	45154	0	0	0	0	0	0	252
DATA	20:31:19:000	2023-12-16	813690	14.9932	659.701	0.104317	473.774	482.133	8.67839	0.0535482	15.235	8.88554	12.1205	75.0568	252	0	8	13.0515	1.91153	2.00995	13.17	75.2806	0	0	26570.8	34008	42770.8	45144.1	0	0	0	0	0	0	  3
DATA	20:31:20:000	2023-12-16	813990	14.724	647.856	0.102915	465.216	479.183	8.62529	0.0533062	15.1402	8.79458	12.1176	75.0643	252	0	8	13.0501	1.91157	2.00945	13.17	75.024	0	0	26458.2	33891.8	42667.4	44988.9	0	0	0	0	0	0	 55
DATA	20:31:21:000	2023-12-16	814290	14.9583	658.165	0.104137	472.62	482.871	8.69168	0.0536086	15.2567	8.90792	12.1154	75.0635	252	0	8	13.0515	1.91154	2.00933	13.17	75.1688	0	0	26512.8	33957.4	42751.5	45045.2	0	0	0	0	0	0	102
DATA	20:31:22:000	2023-12-16	814590	15.0207	660.911	0.104456	474.618	472.277	8.50099	0.0527518	14.9228	8.57987	12.1144	75.0592	252	0	8	13.0508	1.91172	2.00871	13.17	74.5873	0	0	26299.8	33693.6	42508	44786.2	0	0	0	0	0	0	 71
DATA	20:31:23:000	2023-12-16	814890	14.939	657.316	0.104032	472.064	476.758	8.58164	0.0531134	15.0653	8.7194	12.1147	75.0549	252	0	8	13.0501	1.91154	2.00808	13.17	74.3698	0	0	26186.5	33596.5	42423.1	44689.8	0	0	0	0	0	0	 48
DATA	20:31:24:000	2023-12-16	815190	15.0496	662.182	0.104606	475.556	476.739	8.5813	0.0531121	15.0646	8.71886	12.1156	75.0556	252	0	8	13.0508	1.91161	2.0092	13.17	74.3542	0	0	26190.3	33589	42431.1	44694.8	0	0	0	0	0	0	187
DATA	20:31:25:000	2023-12-16	815490	14.9793	659.089	0.104241	473.337	471.848	8.49326	0.0527166	14.9101	8.5666	12.1172	75.0556	252	0	8	13.0515	1.91139	2.00833	13.17	74.1933	0	0	26165.4	33517.6	42383.6	44647.7	0	0	0	0	0	0	105
DATA	20:31:26:000	2023-12-16	815790	15.1554	666.838	0.105146	478.968	476.028	8.5685	0.0530514	15.0443	8.69698	12.119	75.0457	252	0	8	13.0508	1.91147	2.00721	13.17	74.1942	0	0	26163.6	33517.5	42393	44641.3	0	0	0	0	0	0	214
DATA	20:31:27:000	2023-12-16	816090	15.2177	669.579	0.105475	480.879	473.643	8.52557	0.0528632	14.9671	8.62287	12.1211	75.0552	252	0	8	13.0522	1.91174	2.00733	13.17	73.9939	0	0	26091.5	33425.5	42324.2	44575.1	0	0	0	0	0	0	154
DATA	20:31:28:000	2023-12-16	816390	15.106	664.664	0.104895	477.358	473.433	8.52179	0.0528432	14.9607	8.61643	12.1231	75.0544	252	0	8	13.0501	1.91167	2.00808	13.17	73.6246	0	0	25935	33259.1	42177.4	44373.2	0	0	0	0	0	0	244
DATA	20:31:29:000	2023-12-16	816690	15.31	673.64	0.105952	483.76	470.046	8.46083	0.0525729	14.8524	8.51053	12.1252	75.0618	252	0	8	13.0508	1.91173	2.00808	13.17	72.8696	0	0	25648.2	32917.7	41859.7	44086.6	0	0	0	0	0	0	211
DATA	20:31:30:000	2023-12-16	816990	15.1615	667.106	0.105187	479.101	460.659	8.29186	0.0518076	14.5567	8.21328	12.1271	75.0572	252	0	8	13.0501	1.91121	2.00684	13.17	72.8257	0	0	25649	32900.8	41920	44077.3	0	0	0	0	0	0	182
DATA	20:31:31:000	2023-12-16	817290	15.5363	683.597	0.107106	490.934	465.355	8.37639	0.052187	14.7048	8.36275	12.1282	75.059	252	0	8	13.0515	1.91129	2.00733	13.17	73.2171	0	0	25772.2	33077.1	42072.5	44275.4	0	0	0	0	0	0	 31
DATA	20:31:32:000	2023-12-16	817590	15.4669	680.544	0.106755	488.778	478.985	8.62173	0.053295	15.1367	8.789	12.128	75.0533	251	0	8	13.0515	1.91144	2.00783	13.17	72.4811	0	0	25469	32743.8	41736	43964.8	0	0	0	0	0	0	 45
DATA	20:31:33:000	2023-12-16	817890	15.4358	679.175	0.106593	487.794	468.722	8.437	0.0524633	14.8123	8.46902	12.1274	75.0534	251	0	8	13.0515	1.91155	2.00696	13.17	72.4949	0	0	25464.5	32749.4	41760.4	43955.5	0	0	0	0	0	0	 73
DATA	20:31:34:000	2023-12-16	818190	15.4474	679.686	0.106657	488.126	465.973	8.38751	0.0522424	14.7244	8.38226	12.1272	75.0586	251	0	8	13.0501	1.9116	2.00783	13.17	72.3774	0	0	25451.5	32696	41722.8	43921.4	0	0	0	0	0	0	  8
DATA	20:31:35:000	2023-12-16	818490	15.5013	682.057	0.106923	489.865	471.849	8.49328	0.0527146	14.9112	8.56709	12.1261	75.0528	251	0	8	13.0515	1.91135	2.00684	13.17	72.1287	0	0	25328.8	32585.1	41601	43787.9	0	0	0	0	0	0	 57
DATA	20:31:36:000	2023-12-16	818790	15.5133	682.585	0.106985	490.305	479.272	8.6269	0.0533136	15.1476	8.79762	12.1232	75.0427	251	0	8	13.0515	1.9115	2.00858	13.17	72.141	0	0	25337.7	32589.8	41630.6	43847.9	0	0	0	0	0	0	  9
DATA	20:31:37:000	2023-12-16	819090	15.6602	689.049	0.107735	494.91	468.625	8.43525	0.0524528	14.81	8.4655	12.1184	75.0472	252	0	8	13.0515	1.91146	2.00808	13.17	72.7203	0	0	25572.8	32851.7	41885	44037.3	0	0	0	0	0	0	100
DATA	20:31:38:000	2023-12-16	819390	15.594	686.136	0.1074	492.746	471.824	8.49283	0.0527143	14.9089	8.56557	12.1118	75.0565	252	0	8	13.0508	1.91147	2.00659	13.17	72.742	0	0	25573.9	32861.4	41911.2	44092.8	0	0	0	0	0	0	219
DATA	20:31:39:000	2023-12-16	819690	15.399	677.556	0.106401	486.537	460.671	8.29208	0.0518052	14.5551	8.21236	12.1019	75.0611	252	0	8	13.0515	1.91148	2.00634	13.17	73.3996	0	0	25797.8	33158.5	42232.3	44413.1	0	0	0	0	0	0	 84
DATA	20:31:40:000	2023-12-16	819990	15.4404	679.378	0.106616	487.848	479.644	8.63359	0.0533462	15.1546	8.80738	12.0901	75.0576	252	0	8	13.0508	1.91144	2.00733	13.17	72.9071	0	0	25654.5	32936.2	41986.5	44227	0	0	0	0	0	0	 76
DATA	20:31:41:000	2023-12-16	820290	15.3547	675.607	0.106181	485.07	466.466	8.39639	0.0522816	14.7361	8.39534	12.0786	75.0654	252	0	8	13.0515	1.91133	2.00609	13.17	73.2422	0	0	25739.6	33088.2	42069.4	44277.4	0	0	0	0	0	0	 94
DATA	20:31:42:000	2023-12-16	820590	15.4776	681.014	0.106808	488.979	472.947	8.51305	0.0528066	14.9417	8.59856	12.071	75.0593	252	0	8	13.0508	1.91135	2.00758	13.17	73.3009	0	0	25778.4	33114.6	42100	44398.2	0	0	0	0	0	0	  5
DATA	20:31:43:000	2023-12-16	820890	15.2238	669.847	0.105504	480.93	470.48	8.46864	0.0526054	14.8628	8.52095	12.0634	75.0622	252	0	8	13.0508	1.91137	2.00671	13.17	73.2705	0	0	25759	33100.8	42099.8	44319.2	0	0	0	0	0	0	195
DATA	20:31:44:000	2023-12-16	821190	15.3104	673.658	0.105951	483.647	466.139	8.3905	0.0522535	14.7251	8.38399	12.0591	75.0639	252	0	8	13.0515	1.9113	2.00534	13.17	73.5912	0	0	25906.8	33246	42215.2	44429	0	0	0	0	0	0	 86
DATA	20:31:45:000	2023-12-16	821490	15.3316	674.59	0.106057	484.357	462.417	8.32351	0.0519477	14.6087	8.26563	12.0546	75.0565	252	0	8	13.0515	1.91116	2.00571	13.17	73.6374	0	0	25932.9	33267.7	42251.2	44468	0	0	0	0	0	0	248
DATA	20:31:46:000	2023-12-16	821790	15.2734	672.03	0.10576	482.48	455.299	8.19538	0.0513664	14.3827	8.03712	12.05	75.0612	252	0	8	13.0453	1.91106	2.00646	13.17	73.9463	0	0	26020.5	33407.8	42392.8	44573.2	0	0	0	0	0	0	124
DATA	20:31:47:000	2023-12-16	822090	15.2269	669.984	0.105521	481.026	454.784	8.18611	0.0513242	14.3669	8.0202	12.0446	75.0576	252	0	8	13.0508	1.91146	2.00733	13.17	73.8104	0	0	25998.1	33344.2	42308.8	44505.3	0	0	0	0	0	0	 65
DATA	20:31:48:000	2023-12-16	822390	15.1274	665.606	0.105004	477.883	459.818	8.27672	0.0517349	14.5259	8.18174	12.0372	75.0555	252	0	8	13.0508	1.91148	2.00659	13.17	73.8736	0	0	26027.6	33372.6	42344	44542.6	0	0	0	0	0	0	 58
