Model:	 LI-7500
SN:	75D-4923
Timestamp:	Dec 8 2023 at 3:10:34
DATAH	Time	Date	Sequence Number	CO2 (mmol/m^3)	CO2 (mg/m^3)	CO2 Absorptance	CO2 (umol/mol)	H2O (mmol/m^3)	H2O (g/m^3)	H2O Absorptance	H2O (mmol/mol)	Dew Point (C)	Temperature (C)	Pressure (kPa)	Diagnostic Value	Diagnostic Value 2	Diagnostic Word	DSI Vin (v)	Cooler Voltage (v)	Chopper Cooler Voltage (v)	Smart Flux Vin (v)	CO2 Signal Strength	Integral	Peak Height	CO2 Sample	CO2 Reference	H2O Sample	H2O Reference	CH4 Seconds	CH4 Nano Seconds	CH4 (umol/mol)	CH4 (mmol/m^3)	CH4 Signal Strength (RSSI)	CH4 Diagnostic Value	CHK
DATA	11:10:32:000	2023-12-08	1709775	12.4889	549.512	0.0908083	410.823	764.53	13.7615	0.0742135	25.1493	16.5001	23.2174	74.9048	255	0	0	12.7958	2.03866	2.36994	12.92	99.0553	0	0	34568.6	43608.7	48630	52308.8	0	0	0	0	0	0	121
DATA	11:10:33:000	2023-12-08	1710075	12.5225	550.99	0.0909947	411.936	784.481	14.1207	0.0755488	25.806	16.9062	23.2281	74.9062	255	0	0	12.7958	2.03869	2.36994	12.92	99.0532	0	0	34560.1	43607.5	48541.9	52303.5	0	0	0	0	0	0	159
DATA	11:10:34:000	2023-12-08	1710375	12.5108	550.475	0.0909285	411.587	772.214	13.8999	0.0747275	25.4047	16.6586	23.2401	74.9027	255	0	0	12.7958	2.03863	2.37119	12.92	99.0517	0	0	34563.9	43607.4	48585.2	52304.8	0	0	0	0	0	0	 14
DATA	11:10:35:000	2023-12-08	1710675	12.509	550.396	0.0909188	411.523	775.842	13.9652	0.074971	25.5238	16.733	23.2529	74.9068	255	0	0	12.7958	2.03863	2.37019	12.92	99.0473	0	0	34557.6	43605.5	48525.3	52300.9	0	0	0	0	0	0	115
DATA	11:10:36:000	2023-12-08	1710975	12.5152	550.669	0.0909572	411.721	778.465	14.0124	0.0751507	25.6097	16.7869	23.266	74.9111	255	0	0	12.7958	2.03862	2.37107	12.92	99.0539	0	0	34558.2	43608.5	48527.7	52302	0	0	0	0	0	0	112
DATA	11:10:37:000	2023-12-08	1711275	12.5238	551.047	0.0910012	412.1	784.457	14.1202	0.0755466	25.8128	16.9084	23.2789	74.8969	255	0	0	12.7958	2.03867	2.37094	12.92	99.0345	0	0	34554.3	43599.5	48536.5	52298.1	0	0	0	0	0	0	170
DATA	11:10:38:000	2023-12-08	1711575	12.5184	550.81	0.0909739	411.899	780.35	14.0463	0.0752752	25.6762	16.8264	23.2922	74.9046	255	0	0	12.7958	2.03862	2.37144	12.92	99.0325	0	0	34554.2	43599.1	48540	52297.6	0	0	0	0	0	0	 71
DATA	11:10:39:000	2023-12-08	1711875	12.526	551.144	0.091015	412.178	782.479	14.0846	0.0754161	25.7481	16.8699	23.3041	74.9022	255	0	0	12.7964	2.0389	2.37231	12.92	99.0442	0	0	34554.8	43601.4	48541.8	52300.3	0	0	0	0	0	0	 79
DATA	11:10:40:000	2023-12-08	1712175	12.5341	551.5	0.0910625	412.421	785.845	14.1452	0.0756431	25.8574	16.9382	23.3153	74.9093	255	0	0	12.7958	2.03884	2.37119	12.92	99.0384	0	0	34553.2	43599.4	48526	52298	0	0	0	0	0	0	210
DATA	11:10:41:000	2023-12-08	1712475	12.5386	551.698	0.0910891	412.606	792.126	14.2583	0.0760623	26.0664	17.0645	23.3279	74.9058	255	0	0	12.7971	2.03887	2.37019	12.92	99.0402	0	0	34549.6	43599.9	48503.2	52294.6	0	0	0	0	0	0	 15
DATA	11:10:42:000	2023-12-08	1712775	12.541	551.804	0.0911015	412.705	790.36	14.2265	0.0759438	26.0095	17.03	23.3405	74.9054	255	0	0	12.7958	2.03886	2.37094	12.92	99.0358	0	0	34548.9	43598.1	48491.6	52293.7	0	0	0	0	0	0	 49
DATA	11:10:43:000	2023-12-08	1713075	12.5468	552.059	0.0911335	412.918	794.59	14.3026	0.0762244	26.1501	17.1149	23.3536	74.9047	255	0	0	12.7958	2.03896	2.37194	12.92	99.0376	0	0	34548.6	43597.9	48497.7	52293.7	0	0	0	0	0	0	234
DATA	11:10:44:000	2023-12-08	1713375	12.5506	552.226	0.091154	413.078	797.804	14.3605	0.0764371	26.2581	17.1794	23.3664	74.9016	255	0	0	12.7971	2.03903	2.37157	12.92	99.0407	0	0	34546	43598.5	48477.5	52292.4	0	0	0	0	0	0	108
DATA	11:10:45:000	2023-12-08	1713675	12.5584	552.57	0.0911977	413.331	802.773	14.4499	0.0767659	26.4214	17.2782	23.3785	74.9054	255	0	0	12.7978	2.03907	2.37157	12.92	99.0423	0	0	34545.5	43598.8	48455.9	52289.7	0	0	0	0	0	0	  4
DATA	11:10:46:000	2023-12-08	1713975	12.5544	552.394	0.091177	413.212	803.612	14.465	0.076823	26.4499	17.2952	23.3881	74.9055	255	0	0	12.7971	2.03903	2.37144	12.92	99.0374	0	0	34543.8	43597	48445.6	52287.9	0	0	0	0	0	0	 21
DATA	11:10:47:000	2023-12-08	1714275	12.5645	552.838	0.0912321	413.591	808.405	14.5513	0.0771383	26.6106	17.39	23.4008	74.9003	255	0	0	12.7971	2.0389	2.37281	12.92	99.0303	0	0	34540.2	43595.3	48426.2	52286.7	0	0	0	0	0	0	 74
DATA	11:10:48:000	2023-12-08	1714575	12.5706	553.106	0.0912661	413.828	811.291	14.6032	0.0773278	26.708	17.447	23.4132	74.8968	255	0	0	12.7964	2.03933	2.37157	12.92	99.0405	0	0	34541.9	43595.4	48424.7	52287	0	0	0	0	0	0	 61
DATA	11:10:49:000	2023-12-08	1714875	12.5801	553.524	0.0913223	414.087	815.879	14.6858	0.0776333	26.8555	17.537	23.4259	74.9098	255	0	0	12.7964	2.03912	2.37269	12.92	99.0383	0	0	34536.9	43596.5	48403.4	52283	0	0	0	0	0	0	148
DATA	11:10:50:000	2023-12-08	1715175	12.5864	553.802	0.0913577	414.334	818.303	14.7295	0.0777928	26.9379	17.5847	23.4388	74.9058	255	0	0	12.7971	2.03921	2.37181	12.92	99.0387	0	0	34541.8	43595.8	48423.2	52285.4	0	0	0	0	0	0	 38
DATA	11:10:51:000	2023-12-08	1715475	12.5881	553.876	0.0913678	414.389	819.596	14.7527	0.0778784	26.9804	17.6105	23.4516	74.9093	255	0	0	12.7978	2.03917	2.37107	12.92	99.0389	0	0	34538.3	43596.3	48396.8	52284.7	0	0	0	0	0	0	 77
DATA	11:10:52:000	2023-12-08	1715775	12.5889	553.912	0.0913711	414.459	818.435	14.7318	0.0778005	26.945	17.5885	23.4612	74.9037	255	0	0	12.7958	2.03921	2.37094	12.92	99.0361	0	0	34535.5	43594.7	48401.7	52281.6	0	0	0	0	0	0	226
DATA	11:10:53:000	2023-12-08	1716075	12.5931	554.096	0.0913941	414.625	819.354	14.7484	0.0778605	26.977	17.6069	23.4728	74.9017	255	0	0	12.7958	2.03931	2.37231	12.92	99.0392	0	0	34536.6	43594.9	48397.2	52282.7	0	0	0	0	0	0	243
DATA	11:10:54:000	2023-12-08	1716375	12.6274	555.606	0.0915857	415.771	827.867	14.9016	0.0784181	27.2584	17.7715	23.4849	74.9017	255	0	0	12.7958	2.03922	2.37256	12.92	99.032	0	0	34526.8	43592.8	48363.1	52277.7	0	0	0	0	0	0	246
DATA	11:10:55:000	2023-12-08	1716675	12.6127	554.959	0.0915046	415.29	824.433	14.8398	0.0781946	27.1456	17.7062	23.4971	74.9043	255	0	0	12.7958	2.03946	2.37157	12.92	99.0338	0	0	34523.4	43591.1	48350.7	52275.6	0	0	0	0	0	0	233
DATA	11:10:56:000	2023-12-08	1716975	12.6169	555.144	0.0915277	415.451	825.896	14.8661	0.0782896	27.1952	17.735	23.5094	74.9033	255	0	0	12.7958	2.03921	2.37206	12.92	99.0275	0	0	34497.5	43590.8	48321.9	52273.1	0	0	0	0	0	0	242
DATA	11:10:57:000	2023-12-08	1717275	12.6438	556.327	0.0916776	416.375	825.848	14.8653	0.0782864	27.1961	17.7347	23.5216	74.8996	255	0	0	12.7951	2.03918	2.37181	12.92	99.0326	0	0	34524.8	43593.3	48369.3	52277.4	0	0	0	0	0	0	 58
DATA	11:10:58:000	2023-12-08	1717575	12.8642	566.025	0.092908	423.623	840.429	15.1277	0.0792426	27.6756	18.0134	23.5333	74.9043	255	0	0	12.7958	2.03949	2.37231	12.92	99.0404	0	0	34490.2	43593.6	48328.7	52276.3	0	0	0	0	0	0	213
DATA	11:10:59:000	2023-12-08	1717875	12.7571	561.312	0.0923084	420.114	835.02	15.0304	0.0788846	27.4987	17.9112	23.542	74.9032	255	0	0	12.7958	2.03954	2.37256	12.92	99.0376	0	0	34484	43591.9	48316.6	52273.9	0	0	0	0	0	0	 66
DATA	11:11:00:000	2023-12-08	1718175	12.8398	564.951	0.0927703	422.862	845.254	15.2146	0.0795531	27.8373	18.1056	23.5538	74.9019	255	0	0	12.7951	2.03954	2.37231	12.92	99.0423	0	0	34491.8	43594	48316	52275.8	0	0	0	0	0	0	 70
DATA	11:11:01:000	2023-12-08	1718475	12.8317	564.595	0.0927241	422.587	840.039	15.1207	0.0792132	27.665	18.0077	23.5656	74.9064	255	0	0	12.7964	2.03936	2.37231	12.92	99.0326	0	0	34485.1	43591.5	48314.5	52273.8	0	0	0	0	0	0	201
DATA	11:11:02:000	2023-12-08	1718775	12.8746	566.482	0.0929619	424.038	844.495	15.2009	0.0795023	27.8143	18.0925	23.577	74.9025	255	0	0	12.7958	2.03958	2.37319	12.92	99.0355	0	0	34468.8	43590.6	48287.1	52269.8	0	0	0	0	0	0	254
DATA	11:11:03:000	2023-12-08	1719075	12.869	566.236	0.0929295	423.875	846.188	15.2314	0.0796107	27.8715	18.125	23.5887	74.9016	255	0	0	12.7958	2.03982	2.37393	12.92	99.0441	0	0	34473.7	43591.9	48290.5	52272	0	0	0	0	0	0	 98
DATA	11:11:04:000	2023-12-08	1719375	12.8857	566.971	0.0930253	424.438	848.609	15.275	0.0797714	27.952	18.1711	23.5998	74.9022	255	0	0	12.7951	2.03979	2.37331	12.92	99.0409	0	0	34471.7	43590.8	48281.5	52271	0	0	0	0	0	0	 91
DATA	11:11:05:000	2023-12-08	1719675	12.8971	567.472	0.0930891	424.825	851.869	15.3336	0.0799827	28.0602	18.2328	23.6115	74.903	255	0	0	12.7964	2.03963	2.37356	12.92	99.0346	0	0	34468.6	43589.6	48267.8	52267.6	0	0	0	0	0	0	  5
DATA	11:11:06:000	2023-12-08	1719975	12.885	566.94	0.093019	424.489	849.782	15.2961	0.079844	27.9956	18.1942	23.6195	74.8941	255	0	0	12.7958	2.03965	2.37281	12.92	99.0313	0	0	34468.1	43587.9	48272	52266.7	0	0	0	0	0	0	 33
DATA	11:11:07:000	2023-12-08	1720275	12.908	567.952	0.0931476	425.199	852.7	15.3486	0.0800344	28.0885	18.2494	23.6306	74.9053	255	0	0	12.7951	2.03986	2.37456	12.92	99.0337	0	0	34460.4	43586.9	48259	52263.5	0	0	0	0	0	0	 33
DATA	11:11:08:000	2023-12-08	1720575	12.9816	571.19	0.0935548	427.659	855.795	15.4043	0.0802352	28.1929	18.3077	23.6413	74.9017	255	0	0	12.7951	2.0399	2.37344	12.92	99.0365	0	0	34452.4	43587.7	48252.5	52264.2	0	0	0	0	0	0	175
DATA	11:11:09:000	2023-12-08	1720875	13.0246	573.082	0.0937925	429.08	859.244	15.4664	0.0804579	28.3068	18.3724	23.652	74.9036	255	0	0	12.7951	2.03985	2.37356	12.92	99.0361	0	0	34438.4	43588	48239.2	52264	0	0	0	0	0	0	240
DATA	11:11:10:000	2023-12-08	1721175	13.0439	573.932	0.0939007	429.714	859.032	15.4626	0.0804461	28.2996	18.369	23.6634	74.9069	255	0	0	12.7958	2.03976	2.37344	12.92	99.0314	0	0	34438.5	43586.9	48239.7	52260.6	0	0	0	0	0	0	234
DATA	11:11:11:000	2023-12-08	1721475	13.1855	580.162	0.0946805	434.394	865.802	15.5844	0.080884	28.5237	18.4949	23.6742	74.9069	255	0	0	12.7958	2.0398	2.37319	12.92	99.0273	0	0	34406.7	43584.7	48206.5	52256.6	0	0	0	0	0	0	190
DATA	11:11:12:000	2023-12-08	1721775	13.4828	593.243	0.0963027	444.202	880.016	15.8403	0.0817945	28.9929	18.7556	23.6844	74.9072	255	0	0	12.7951	2.03992	2.37344	12.92	99.028	0	0	34356.7	43583.7	48157.4	52253.4	0	0	0	0	0	0	227
DATA	11:11:13:000	2023-12-08	1722075	13.326	586.344	0.0954479	439.078	874.676	15.7442	0.0814512	28.8197	18.6588	23.6942	74.9026	255	0	0	12.7951	2.03996	2.37531	12.92	99.0245	0	0	34371.7	43581.8	48169.7	52252.8	0	0	0	0	0	0	251
DATA	11:11:14:000	2023-12-08	1722375	13.2165	581.526	0.0948491	435.462	872.312	15.7016	0.0812999	28.7413	18.6161	23.7043	74.9065	255	0	0	12.7964	2.04004	2.37294	12.92	99.0275	0	0	34399.8	43582.3	48187.4	52254.6	0	0	0	0	0	0	  7
DATA	11:11:15:000	2023-12-08	1722675	13.254	583.176	0.0950556	436.729	876.439	15.7759	0.0815653	28.8793	18.6921	23.7143	74.9037	255	0	0	12.7964	2.03986	2.37468	12.92	99.0225	0	0	34386.9	43581.9	48169.1	52251.1	0	0	0	0	0	0	  6
DATA	11:11:16:000	2023-12-08	1722975	13.2911	584.808	0.0952599	437.962	888.518	15.9933	0.0823369	29.278	18.9116	23.7238	74.9043	255	0	0	12.7958	2.04023	2.37418	12.92	99.0322	0	0	34383.2	43582.4	48147.9	52251.9	0	0	0	0	0	0	249
DATA	11:11:17:000	2023-12-08	1723275	13.2303	582.133	0.0949251	435.978	875.981	15.7677	0.0815353	28.8662	18.6848	23.734	74.9034	255	0	0	12.7937	2.04029	2.37506	12.92	99.0293	0	0	34392.2	43580.5	48168.7	52251.4	0	0	0	0	0	0	231
DATA	11:11:18:000	2023-12-08	1723575	13.2301	582.124	0.0949235	435.984	874.456	15.7402	0.0814368	28.8168	18.6575	23.7434	74.9037	255	0	0	12.7958	2.04006	2.37418	12.92	99.0243	0	0	34390.1	43580.7	48176.2	52250.7	0	0	0	0	0	0	  6
DATA	11:11:19:000	2023-12-08	1723875	13.2431	582.696	0.0949945	436.4	879.39	15.829	0.0817523	28.9785	18.7479	23.7524	74.9081	255	0	0	12.7958	2.04041	2.37481	12.92	99.0283	0	0	34385.8	43578.8	48148.1	52248.4	0	0	0	0	0	0	121
DATA	11:11:20:000	2023-12-08	1724175	13.2183	581.605	0.0948606	435.596	881.147	15.8606	0.0818662	29.0373	18.7803	23.762	74.9082	255	0	0	12.7951	2.03989	2.37456	12.92	99.0222	0	0	34392.8	43581.5	48152.4	52251	0	0	0	0	0	0	116
DATA	11:11:21:000	2023-12-08	1724475	13.2405	582.582	0.0949805	436.335	880.503	15.8491	0.0818233	29.0166	18.769	23.7688	74.9086	255	0	0	12.7964	2.04034	2.37531	12.92	99.0327	0	0	34389.6	43581.5	48151.2	52250.2	0	0	0	0	0	0	211
DATA	11:11:22:000	2023-12-08	1724775	13.2736	584.038	0.0951625	437.48	889.598	16.0128	0.0824035	29.32	18.934	23.7777	74.9016	255	0	0	12.7958	2.04019	2.37493	12.92	99.0233	0	0	34382.4	43578.9	48120.3	52246.2	0	0	0	0	0	0	 71
DATA	11:11:23:000	2023-12-08	1725075	13.2797	584.307	0.0951969	437.701	889.475	16.0105	0.0823971	29.3172	18.9323	23.7869	74.9005	255	0	0	12.7964	2.04028	2.37556	12.92	99.027	0	0	34381.1	43579.6	48110.6	52244.7	0	0	0	0	0	0	226
DATA	11:11:24:000	2023-12-08	1725375	13.2859	584.58	0.0952332	437.873	895.775	16.124	0.0827998	29.5227	19.0458	23.7957	74.9083	255	0	0	12.7958	2.04023	2.37506	12.92	99.0202	0	0	34379.2	43577.2	48105.7	52243.2	0	0	0	0	0	0	190
DATA	11:11:25:000	2023-12-08	1725675	13.2721	583.972	0.0951532	437.433	890.343	16.0262	0.0824498	29.3447	18.9488	23.8043	74.9079	255	0	0	12.7964	2.04023	2.37506	12.92	99.0213	0	0	34381	43577.7	48112.1	52243.2	0	0	0	0	0	0	154
DATA	11:11:26:000	2023-12-08	1725975	13.277	584.188	0.095183	437.63	891.609	16.049	0.0825338	29.3888	18.9721	23.8129	74.904	255	0	0	12.7958	2.04031	2.37556	12.92	99.0286	0	0	34379.4	43580.1	48106.1	52245.6	0	0	0	0	0	0	 36
DATA	11:11:27:000	2023-12-08	1726275	13.2783	584.245	0.0951915	437.684	894.153	16.0948	0.0826963	29.4734	19.0182	23.8212	74.9042	255	0	0	12.7958	2.04031	2.37593	12.92	99.0201	0	0	34379.3	43576.2	48097.3	52242.7	0	0	0	0	0	0	 17
DATA	11:11:28:000	2023-12-08	1726575	13.2776	584.214	0.0951868	437.654	898.283	16.1691	0.082957	29.609	19.0925	23.8291	74.9074	255	0	0	12.7958	2.04049	2.37431	12.92	99.0281	0	0	34377.2	43577.9	48085.1	52241.6	0	0	0	0	0	0	204
DATA	11:11:29:000	2023-12-08	1726875	13.3003	585.213	0.0953124	438.422	900.99	16.2178	0.0831303	29.6996	19.1411	23.8368	74.906	255	0	0	12.7958	2.04054	2.3758	12.92	99.0205	0	0	34372.2	43574.1	48068.8	52237.1	0	0	0	0	0	0	 97
DATA	11:11:30:000	2023-12-08	1727175	13.2983	585.125	0.0953012	438.376	903.471	16.2625	0.083287	29.7828	19.1857	23.8447	74.9045	255	0	0	12.7958	2.04061	2.3763	12.92	99.0197	0	0	34374.5	43573	48071.4	52236.1	0	0	0	0	0	0	 69
DATA	11:11:31:000	2023-12-08	1727475	13.3108	585.675	0.0953671	438.794	912.42	16.4236	0.0838486	30.0781	19.3442	23.8496	74.9048	255	0	0	12.7958	2.04046	2.37568	12.92	99.0196	0	0	34370.5	43574.5	48031.4	52233.7	0	0	0	0	0	0	228
DATA	11:11:32:000	2023-12-08	1727775	13.3332	586.661	0.0954922	439.555	916.934	16.5048	0.0841354	30.2285	19.424	23.8577	74.903	255	0	0	12.7958	2.04074	2.37655	12.92	99.0219	0	0	34358	43572.6	47974.2	52228.3	0	0	0	0	0	0	 81
DATA	11:11:33:000	2023-12-08	1728075	13.3172	585.957	0.0954041	439.051	912.19	16.4194	0.0838364	30.0737	19.3411	23.866	74.9011	255	0	0	12.7958	2.04059	2.37668	12.92	99.0178	0	0	34366.8	43572.4	48017.7	52231.9	0	0	0	0	0	0	161
DATA	11:11:34:000	2023-12-08	1728375	13.3151	585.864	0.095395	438.971	914.953	16.4692	0.0840126	30.1641	19.3901	23.8741	74.9049	255	0	0	12.7958	2.04061	2.37543	12.92	99.0149	0	0	34367.8	43570.9	48028.1	52231.1	0	0	0	0	0	0	211
DATA	11:11:35:000	2023-12-08	1728675	13.3031	585.336	0.095327	438.559	913.372	16.4407	0.0839107	30.1109	19.3628	23.8826	74.9098	255	0	0	12.7964	2.0406	2.37705	12.92	99.0153	0	0	34369.8	43571.2	48016.8	52229.9	0	0	0	0	0	0	169
DATA	11:11:36:000	2023-12-08	1728975	13.3116	585.71	0.0953772	438.867	919.624	16.5532	0.0843076	30.3188	19.4729	23.8906	74.9072	255	0	0	12.7958	2.04046	2.37643	12.92	99.0061	0	0	34364.7	43568.5	48001.2	52225.6	0	0	0	0	0	0	229
DATA	11:11:37:000	2023-12-08	1729275	13.3085	585.574	0.0953579	438.754	915.067	16.4712	0.0840185	30.1679	19.3934	23.8987	74.911	255	0	0	12.7958	2.04079	2.37693	12.92	99.0146	0	0	34365.4	43568.8	48021.9	52226.2	0	0	0	0	0	0	255
DATA	11:11:38:000	2023-12-08	1729575	13.3069	585.504	0.0953501	438.686	915.183	16.4733	0.0840269	30.1706	19.3959	23.9068	74.9157	255	0	0	12.7951	2.04088	2.37705	12.92	99.0192	0	0	34366.4	43570	48014.4	52229.3	0	0	0	0	0	0	177
DATA	11:11:39:000	2023-12-08	1729875	13.3131	585.776	0.0953826	438.954	916.895	16.5041	0.0841328	30.2315	19.4264	23.9145	74.9068	255	0	0	12.7951	2.04091	2.37718	12.92	99.0136	0	0	34365.3	43567.2	48012.8	52226.4	0	0	0	0	0	0	 15
DATA	11:11:40:000	2023-12-08	1730175	13.3201	586.084	0.095423	439.187	920.906	16.5763	0.0843873	30.3638	19.497	23.923	74.9086	255	0	0	12.7958	2.04081	2.3763	12.92	99.0091	0	0	34361.6	43566.3	47993.1	52223	0	0	0	0	0	0	213
DATA	11:11:41:000	2023-12-08	1730475	13.3335	586.674	0.0954974	439.644	923.604	16.6249	0.0845577	30.4539	19.5444	23.9284	74.9073	255	0	0	12.7958	2.04084	2.3768	12.92	99.01	0	0	34357.5	43566.4	47974	52221.4	0	0	0	0	0	0	 43
DATA	11:11:42:000	2023-12-08	1730775	13.3291	586.48	0.0954723	439.45	923.503	16.6231	0.0845502	30.4472	19.5431	23.9365	74.9177	255	0	0	12.7958	2.04097	2.3773	12.92	99.0095	0	0	34360.5	43564.8	47984.8	52220.8	0	0	0	0	0	0	119
DATA	11:11:43:000	2023-12-08	1731075	13.3561	587.668	0.0956204	440.395	938.608	16.8949	0.0854947	30.949	19.8048	23.9443	74.9104	255	0	0	12.7958	2.04088	2.37892	12.92	99.0082	0	0	34355.5	43565.1	47967.9	52219.2	0	0	0	0	0	0	  8
DATA	11:11:44:000	2023-12-08	1731375	13.3349	586.736	0.0955058	439.698	923.254	16.6186	0.0845368	30.4429	19.5396	23.9522	74.912	255	0	0	12.7958	2.04103	2.37743	12.92	99.0111	0	0	34355.5	43564.8	47975.2	52220.9	0	0	0	0	0	0	235
DATA	11:11:45:000	2023-12-08	1731675	13.4065	589.886	0.0958945	442.077	930.768	16.7538	0.085005	30.6919	19.6705	23.9607	74.9111	255	0	0	12.7964	2.0411	2.37792	12.92	99.0106	0	0	34347.6	43564	47961.1	52219	0	0	0	0	0	0	246
DATA	11:11:46:000	2023-12-08	1731975	13.3537	587.563	0.0956078	440.342	925.7	16.6626	0.0846891	30.5252	19.5831	23.9692	74.9121	255	0	0	12.7958	2.04146	2.37892	12.92	99.0171	0	0	34353	43563.1	47971.7	52218.2	0	0	0	0	0	0	 81
DATA	11:11:47:000	2023-12-08	1732275	13.3986	589.538	0.0958523	441.83	930.455	16.7482	0.0849862	30.6825	19.6661	23.9782	74.9132	255	0	0	12.7958	2.04083	2.3773	12.92	99.0055	0	0	34345.7	43564.5	47955.2	52217.9	0	0	0	0	0	0	206
DATA	11:11:48:000	2023-12-08	1732575	13.3692	588.245	0.095692	440.881	929.148	16.7247	0.0849044	30.6408	19.6439	23.9869	74.9119	255	0	0	12.7937	2.04151	2.37693	12.92	99.0192	0	0	34348.8	43563.5	47958	52217.4	0	0	0	0	0	0	167
DATA	11:11:49:000	2023-12-08	1732875	13.386	588.984	0.0957837	441.457	930.838	16.7551	0.0850105	30.6981	19.6736	23.9952	74.9102	255	0	0	12.7958	2.04114	2.37805	12.92	99.0094	0	0	34347	43563	47951.1	52216.1	0	0	0	0	0	0	 43
DATA	11:11:50:000	2023-12-08	1733175	13.4073	589.921	0.095902	442.132	936.515	16.8573	0.0853669	30.8834	19.772	24.0029	74.9169	255	0	0	12.7958	2.04124	2.3783	12.92	99.0088	0	0	34338	43561.7	47913	52213	0	0	0	0	0	0	 75
DATA	11:11:51:000	2023-12-08	1733475	13.4168	590.339	0.0959526	442.474	938.449	16.8921	0.0854863	30.9492	19.8056	24.008	74.9133	255	0	0	12.7958	2.04145	2.3783	12.92	99.0172	0	0	34337.3	43563.2	47919.2	52214	0	0	0	0	0	0	 78
DATA	11:11:52:000	2023-12-08	1733775	13.4285	590.854	0.0960154	442.894	943.573	16.9843	0.0858039	31.1206	19.8939	24.0167	74.9097	255	0	0	12.7958	2.04162	2.3783	12.92	99.013	0	0	34337.3	43559.6	47913.9	52211.1	0	0	0	0	0	0	182
DATA	11:11:53:000	2023-12-08	1734075	13.4119	590.124	0.0959261	442.35	941.177	16.9412	0.0856562	31.0418	19.8533	24.0255	74.9113	255	0	0	12.7964	2.04146	2.37905	12.92	99.0089	0	0	34338.2	43559.5	47915.8	52210.1	0	0	0	0	0	0	189
DATA	11:11:54:000	2023-12-08	1734375	13.4031	589.736	0.0958785	442.053	937.655	16.8778	0.0854372	30.9252	19.7933	24.0333	74.9144	255	0	0	12.7964	2.04159	2.3783	12.92	99.0082	0	0	34333.5	43557.8	47901.4	52207.9	0	0	0	0	0	0	236
DATA	11:11:55:000	2023-12-08	1734675	13.4138	590.207	0.0959359	442.41	940.582	16.9305	0.0856185	31.022	19.844	24.0418	74.9159	255	0	0	12.7944	2.04179	2.37955	12.92	99.0152	0	0	34337.6	43558.8	47913.6	52209.4	0	0	0	0	0	0	121
DATA	11:11:56:000	2023-12-08	1734975	13.4072	589.917	0.0958992	442.236	941.048	16.9389	0.0856467	31.0404	19.8524	24.05	74.9105	255	0	0	12.7958	2.04171	2.37892	12.92	99.0133	0	0	34336.9	43558.8	47913.4	52208.2	0	0	0	0	0	0	190
DATA	11:11:57:000	2023-12-08	1735275	13.4141	590.22	0.0959368	442.477	944.033	16.9926	0.0858323	31.1398	19.9039	24.0577	74.9102	255	0	0	12.7964	2.04162	2.38029	12.92	99.0055	0	0	34341	43556.3	47886.3	52204.2	0	0	0	0	0	0	110
DATA	11:11:58:000	2023-12-08	1735575	13.4622	592.337	0.0961997	444.088	950.567	17.1102	0.0862389	31.3571	20.0157	24.0649	74.9079	255	0	0	12.7951	2.04173	2.3798	12.92	99.0094	0	0	34326.8	43556.9	47878.8	52204.4	0	0	0	0	0	0	242
DATA	11:11:59:000	2023-12-08	1735875	13.4367	591.215	0.0960632	443.208	948.193	17.0675	0.0860947	31.276	19.9757	24.0728	74.9165	255	0	0	12.7951	2.04143	2.37942	12.92	98.9996	0	0	34329.8	43555.7	47882.2	52203.5	0	0	0	0	0	0	  1
DATA	11:12:00:000	2023-12-08	1736175	13.4249	590.696	0.0959987	442.851	951.851	17.1333	0.0863208	31.399	20.0384	24.0811	74.9131	255	0	0	12.7951	2.04145	2.37942	12.92	98.9987	0	0	34326.4	43555	47863.9	52200.8	0	0	0	0	0	0	124
DATA	11:12:01:000	2023-12-08	1736475	13.433	591.052	0.0960416	443.138	951.087	17.1196	0.0862721	31.3752	20.0257	24.086	74.9109	255	0	0	12.7958	2.04181	2.37967	12.92	99.0021	0	0	34325.5	43552.9	47860.8	52198.9	0	0	0	0	0	0	145
DATA	11:12:02:000	2023-12-08	1736775	13.4201	590.484	0.0959703	442.728	949.39	17.089	0.0861652	31.3203	19.9973	24.094	74.9103	255	0	0	12.7958	2.04197	2.38092	12.92	99.0071	0	0	34331.9	43553.4	47878.6	52200.5	0	0	0	0	0	0	115
DATA	11:12:03:000	2023-12-08	1737075	13.4316	590.99	0.0960363	443.11	951.332	17.124	0.0862901	31.3845	20.0307	24.1018	74.9119	255	0	0	12.7958	2.04181	2.37955	12.92	99.003	0	0	34328.2	43553.2	47872.4	52198.7	0	0	0	0	0	0	 20
DATA	11:12:04:000	2023-12-08	1737375	13.4353	591.153	0.0960569	443.212	951.961	17.1353	0.0863295	31.4039	20.0418	24.109	74.9171	255	0	0	12.7951	2.04193	2.37967	12.92	99.0042	0	0	34326.5	43552.5	47856.8	52198.2	0	0	0	0	0	0	195
DATA	11:12:05:000	2023-12-08	1737675	13.4432	591.501	0.0960986	443.503	963.356	17.3404	0.0870315	31.7819	20.2345	24.1168	74.914	255	0	0	12.7944	2.04182	2.38142	12.92	98.9982	0	0	34327.3	43551	47836.2	52196.2	0	0	0	0	0	0	 99
DATA	11:12:06:000	2023-12-08	1737975	13.4399	591.356	0.0960797	443.443	955.285	17.1951	0.0865324	31.5191	20.0989	24.125	74.9078	255	0	0	12.7944	2.04201	2.38117	12.92	99.0026	0	0	34324.7	43551	47851.3	52195.5	0	0	0	0	0	0	118
DATA	11:12:07:000	2023-12-08	1738275	13.4329	591.048	0.0960419	443.202	955.453	17.1982	0.086543	31.524	20.1022	24.1334	74.9116	255	0	0	12.7964	2.04206	2.38079	12.92	99.0028	0	0	34326.9	43550.6	47846.8	52195.3	0	0	0	0	0	0	135
DATA	11:12:08:000	2023-12-08	1738575	13.4375	591.25	0.0960684	443.359	957.249	17.2305	0.0866559	31.5836	20.133	24.1417	74.9128	255	0	0	12.7951	2.04192	2.38092	12.92	98.9991	0	0	34325.4	43550.4	47852.7	52193.9	0	0	0	0	0	0	182
DATA	11:12:09:000	2023-12-08	1738875	13.4325	591.03	0.0960409	443.187	955.367	17.1966	0.0865395	31.521	20.1017	24.1495	74.9159	255	0	0	12.7958	2.04193	2.38117	12.92	99.0001	0	0	34325.7	43550.8	47845	52195.7	0	0	0	0	0	0	 65
DATA	11:12:10:000	2023-12-08	1739175	13.4384	591.29	0.0960732	443.411	956.888	17.224	0.0866332	31.5733	20.1278	24.1578	74.913	255	0	0	12.7958	2.04208	2.38029	12.92	99.0003	0	0	34324.2	43549.2	47836.2	52192.8	0	0	0	0	0	0	 93
DATA	11:12:11:000	2023-12-08	1739475	13.4338	591.087	0.0960493	443.251	964.863	17.3675	0.087127	31.8359	20.2623	24.1626	74.9156	255	0	0	12.7958	2.04197	2.38092	12.92	98.992	0	0	34321.3	43546.8	47811.7	52188.5	0	0	0	0	0	0	184
DATA	11:12:12:000	2023-12-08	1739775	13.4409	591.4	0.0960842	443.54	960.666	17.292	0.0868633	31.7013	20.1922	24.1705	74.9084	255	0	0	12.7951	2.04221	2.38092	12.92	98.9985	0	0	34323.2	43547.2	47830.1	52190.6	0	0	0	0	0	0	 39
DATA	11:12:13:000	2023-12-08	1740075	13.4444	591.554	0.0961042	443.649	962.465	17.3244	0.086976	31.7602	20.2229	24.179	74.9116	255	0	0	12.7964	2.04227	2.38179	12.92	99.0017	0	0	34321.1	43547.9	47821.3	52189.3	0	0	0	0	0	0	144
DATA	11:12:14:000	2023-12-08	1740375	13.4438	591.527	0.0961047	443.628	964.002	17.352	0.0870747	31.8108	20.2493	24.1883	74.9142	255	0	0	12.7951	2.0422	2.38117	12.92	98.9969	0	0	34317.9	43546.5	47808.2	52187.5	0	0	0	0	0	0	160
DATA	11:12:15:000	2023-12-08	1740675	13.4457	591.611	0.0961119	443.727	964.801	17.3664	0.0871204	31.8398	20.2631	24.197	74.9103	255	0	0	12.7964	2.04245	2.38179	12.92	98.9996	0	0	34319.3	43545.1	47809.6	52187	0	0	0	0	0	0	127
DATA	11:12:16:000	2023-12-08	1740975	13.4412	591.413	0.0960893	443.577	965.057	17.371	0.0871387	31.8482	20.2679	24.2057	74.9126	255	0	0	12.7958	2.04234	2.38067	12.92	98.9918	0	0	34317.9	43542.9	47807.1	52183.8	0	0	0	0	0	0	240
DATA	11:12:17:000	2023-12-08	1741275	13.4403	591.373	0.0960877	443.519	967.808	17.4205	0.087312	31.9369	20.3144	24.2135	74.9194	255	0	0	12.7958	2.04227	2.38092	12.92	98.9915	0	0	34316	43543.5	47790.2	52182.3	0	0	0	0	0	0	112
DATA	11:12:18:000	2023-12-08	1741575	13.4908	593.595	0.0963592	445.233	982.532	17.6856	0.0882118	32.4262	20.5595	24.2223	74.9136	255	0	0	12.7958	2.04244	2.38241	12.92	98.9897	0	0	34308.3	43540.8	47758	52177.6	0	0	0	0	0	0	197
DATA	11:12:19:000	2023-12-08	1741875	13.4638	592.407	0.0962137	444.339	970.584	17.4705	0.0874805	32.0317	20.3617	24.2305	74.9162	255	0	0	12.7964	2.04223	2.38117	12.92	98.9912	0	0	34313.4	43543.7	47788.7	52182.2	0	0	0	0	0	0	  4
DATA	11:12:20:000	2023-12-08	1742175	13.4699	592.676	0.0962457	444.576	971.749	17.4915	0.0875505	32.0727	20.3816	24.239	74.9124	255	0	0	12.7958	2.04255	2.38254	12.92	98.9948	0	0	34313.3	43541.9	47789.6	52182	0	0	0	0	0	0	156
DATA	11:12:21:000	2023-12-08	1742475	13.4632	592.381	0.0962053	444.396	972.346	17.5022	0.0875824	32.0954	20.3918	24.2435	74.9066	255	0	0	12.7951	2.04253	2.38179	12.92	98.9894	0	0	34312	43539.8	47786.3	52178.2	0	0	0	0	0	0	178
DATA	11:12:22:000	2023-12-08	1742775	13.4617	592.315	0.0962014	444.3	970.536	17.4696	0.0874761	32.0323	20.362	24.2509	74.9162	255	0	0	12.7944	2.04237	2.38316	12.92	98.987	0	0	34310.6	43540.4	47777.5	52178.7	0	0	0	0	0	0	 49
DATA	11:12:23:000	2023-12-08	1743075	13.4655	592.482	0.0962206	444.459	972.554	17.506	0.0875987	32.1013	20.3961	24.2592	74.9126	255	0	0	12.7958	2.04249	2.38254	12.92	98.9851	0	0	34309.7	43538.3	47770.7	52175.8	0	0	0	0	0	0	235
DATA	11:12:24:000	2023-12-08	1743375	13.4868	593.419	0.0963383	445.173	978.654	17.6158	0.0879752	32.3034	20.4979	24.2676	74.913	255	0	0	12.7958	2.04255	2.38229	12.92	98.9855	0	0	34307	43537.9	47762.9	52174.4	0	0	0	0	0	0	173
DATA	11:12:25:000	2023-12-08	1743675	13.4753	592.913	0.0962747	444.78	975.158	17.5528	0.0877592	32.1871	20.4403	24.2758	74.9173	255	0	0	12.7958	2.04265	2.38366	12.92	98.9917	0	0	34308.6	43539.6	47762.3	52177.1	0	0	0	0	0	0	  7
DATA	11:12:26:000	2023-12-08	1743975	13.4729	592.808	0.0962635	444.719	976.434	17.5758	0.0878397	32.2305	20.462	24.2839	74.9162	255	0	0	12.7958	2.04279	2.38453	12.92	98.9943	0	0	34307.5	43539.2	47758.1	52176.4	0	0	0	0	0	0	 14
DATA	11:12:27:000	2023-12-08	1744275	13.4761	592.948	0.0962771	444.848	978.729	17.6171	0.0879757	32.308	20.5004	24.2917	74.9142	255	0	0	12.7958	2.04284	2.38341	12.92	98.9915	0	0	34302.6	43537.5	47738.4	52172.4	0	0	0	0	0	0	248
DATA	11:12:28:000	2023-12-08	1744575	13.5044	594.194	0.0964344	445.817	984.075	17.7134	0.0883076	32.487	20.5892	24.3001	74.9105	255	0	0	12.7958	2.04306	2.38379	12.92	98.9949	0	0	34305.1	43536.7	47745.9	52171.7	0	0	0	0	0	0	241
DATA	11:12:29:000	2023-12-08	1744875	13.4867	593.415	0.0963387	445.211	981.5	17.667	0.0881501	32.4004	20.5472	24.3089	74.9164	255	0	0	12.7958	2.04285	2.38441	12.92	98.9928	0	0	34302.5	43538	47740.5	52171.5	0	0	0	0	0	0	 23
DATA	11:12:30:000	2023-12-08	1745175	13.4944	593.754	0.0963794	445.454	981.528	17.6675	0.088151	32.4005	20.5481	24.3171	74.9203	255	0	0	12.7951	2.0429	2.38366	12.92	98.9943	0	0	34302	43538.2	47741.2	52172.3	0	0	0	0	0	0	 58
DATA	11:12:31:000	2023-12-08	1745475	13.495	593.78	0.0963806	445.498	981.368	17.6646	0.0881388	32.397	20.5459	24.3249	74.9183	255	0	0	12.7958	2.04287	2.38466	12.92	98.9888	0	0	34299.1	43536	47734.5	52170	0	0	0	0	0	0	249
DATA	11:12:32:000	2023-12-08	1745775	13.5021	594.092	0.096424	445.748	983.839	17.7091	0.0882955	32.4797	20.5872	24.3335	74.9178	255	0	0	12.7951	2.04287	2.38366	12.92	98.9851	0	0	34298.5	43534.4	47729.5	52167.7	0	0	0	0	0	0	 15
DATA	11:12:33:000	2023-12-08	1746075	13.498	593.912	0.0964011	445.637	983.455	17.7022	0.088271	32.4688	20.5813	24.3417	74.9158	255	0	0	12.7958	2.04324	2.38428	12.92	98.9921	0	0	34300.8	43533.7	47734.4	52167.9	0	0	0	0	0	0	176
DATA	11:12:34:000	2023-12-08	1746375	13.5112	594.493	0.0964758	446.061	986.697	17.7605	0.0884728	32.575	20.6352	24.351	74.92	255	0	0	12.7951	2.04339	2.38541	12.92	98.9983	0	0	34297.1	43534.9	47722.7	52166.4	0	0	0	0	0	0	 96
DATA	11:12:35:000	2023-12-08	1746675	13.5016	594.07	0.0964177	445.782	985.579	17.7404	0.0883978	32.5408	20.6173	24.3599	74.9159	255	0	0	12.7958	2.04301	2.38516	12.92	98.9788	0	0	34293.9	43530.1	47718.2	52162.4	0	0	0	0	0	0	  7
