Model:	 LI-7500
SN:	75D-4923
Timestamp:	Dec 9 2023 at 5:54:11
DATAH	Time	Date	Sequence Number	CO2 (mmol/m^3)	CO2 (mg/m^3)	CO2 Absorptance	CO2 (umol/mol)	H2O (mmol/m^3)	H2O (g/m^3)	H2O Absorptance	H2O (mmol/mol)	Dew Point (C)	Temperature (C)	Pressure (kPa)	Diagnostic Value	Diagnostic Value 2	Diagnostic Word	DSI Vin (v)	Cooler Voltage (v)	Chopper Cooler Voltage (v)	Smart Flux Vin (v)	CO2 Signal Strength	Integral	Peak Height	CO2 Sample	CO2 Reference	H2O Sample	H2O Reference	CH4 Seconds	CH4 Nano Seconds	CH4 (umol/mol)	CH4 (mmol/m^3)	CH4 Signal Strength (RSSI)	CH4 Diagnostic Value	CHK
DATA	13:54:08:000	2023-12-09	480810	13.3777	588.619	0.0960676	433.422	522.437	9.40387	0.056973	16.9263	10.673	23.6484	76.1627	255	0	0	13.0769	2.04466	2.38491	13.2	99.7903	0	0	34572.2	43869.8	50247.8	53044.4	0	0	0	0	0	0	 92
DATA	13:54:09:000	2023-12-09	481110	13.4086	589.978	0.0962377	434.435	525.718	9.46292	0.0572307	17.0331	10.7676	23.6588	76.1633	255	0	0	13.0763	2.04482	2.38553	13.2	99.7981	0	0	34572.2	43871.6	50228.1	53045.3	0	0	0	0	0	0	171
DATA	13:54:10:000	2023-12-09	481410	13.4056	589.846	0.0962238	434.356	533.534	9.60361	0.0578421	17.2871	10.99	23.6685	76.1625	255	0	0	13.0763	2.04505	2.38428	13.2	99.8024	0	0	34565.5	43871	50182.4	53043	0	0	0	0	0	0	102
DATA	13:54:11:000	2023-12-09	481710	13.3953	589.393	0.0961634	434.057	540.208	9.72374	0.0583572	17.5047	11.1778	23.6782	76.1589	255	0	0	13.0763	2.04466	2.38591	13.2	99.7893	0	0	34568.3	43869.4	50119.3	53037.3	0	0	0	0	0	0	187
DATA	13:54:12:000	2023-12-09	482010	13.4465	591.646	0.0964472	435.708	541.92	9.75456	0.058492	17.5599	11.226	23.6883	76.163	255	0	0	13.0763	2.04511	2.38441	13.2	99.8014	0	0	34563	43869.9	50169.6	53040.2	0	0	0	0	0	0	113
DATA	13:54:13:000	2023-12-09	482310	13.4133	590.185	0.0962645	434.659	539.171	9.70508	0.0582789	17.4719	11.1498	23.698	76.1608	255	0	0	13.0763	2.04477	2.38491	13.2	99.7885	0	0	34563	43867.9	50165.8	53037.7	0	0	0	0	0	0	 53
DATA	13:54:14:000	2023-12-09	482610	13.4368	591.219	0.0963962	435.437	546.656	9.83981	0.0588596	17.7151	11.3583	23.7074	76.1602	255	0	0	13.0763	2.04467	2.38466	13.2	99.7862	0	0	34560.5	43867.9	50081.3	53034.5	0	0	0	0	0	0	187
DATA	13:54:15:000	2023-12-09	482910	13.478	593.032	0.0966215	436.802	556.834	10.023	0.0596402	18.0462	11.6375	23.7166	76.1574	255	0	0	13.0763	2.04501	2.38441	13.2	99.7957	0	0	34555.4	43868.5	50146.1	53037.5	0	0	0	0	0	0	 32
DATA	13:54:16:000	2023-12-09	483210	13.4633	592.385	0.0965389	436.348	548.375	9.87075	0.05899	17.7729	11.4066	23.7262	76.156	255	0	0	13.0769	2.04469	2.38528	13.2	99.7802	0	0	34553.9	43865	50131.5	53033.4	0	0	0	0	0	0	201
DATA	13:54:17:000	2023-12-09	483510	13.6181	599.196	0.0973897	441.38	605.248	10.8945	0.0632902	19.6169	12.9062	23.7349	76.1556	255	0	0	13.0769	2.0449	2.38453	13.2	99.7921	0	0	34533	43868.1	49950.9	53027.4	0	0	0	0	0	0	252
DATA	13:54:18:000	2023-12-09	483810	13.5011	594.048	0.0967454	437.601	552.281	9.94106	0.0592906	17.9007	11.5148	23.7443	76.1558	255	0	0	13.0763	2.04488	2.38478	13.2	99.7895	0	0	34545.8	43867.2	50112.7	53033.3	0	0	0	0	0	0	168
DATA	13:54:19:000	2023-12-09	484110	13.5051	594.224	0.0967672	437.74	554.139	9.9745	0.0594329	17.9613	11.566	23.7529	76.1563	255	0	0	13.0756	2.045	2.38516	13.2	99.7916	0	0	34545	43866.9	50091.7	53032.7	0	0	0	0	0	0	 85
DATA	13:54:20:000	2023-12-09	484410	13.5243	595.069	0.0968718	438.366	545.596	9.82073	0.0587756	17.6845	11.3317	23.762	76.1581	255	0	0	13.0756	2.04491	2.38516	13.2	99.7854	0	0	34543.6	43865	50117.7	53031.9	0	0	0	0	0	0	 39
DATA	13:54:21:000	2023-12-09	484710	13.5383	595.685	0.0969515	438.843	572.95	10.3131	0.0608685	18.5721	12.0726	23.7689	76.1558	255	0	0	13.0763	2.04482	2.38665	13.2	99.7864	0	0	34541.2	43866.5	50057.4	53028.9	0	0	0	0	0	0	135
DATA	13:54:22:000	2023-12-09	485010	13.5139	594.612	0.0968178	438.06	554.443	9.97997	0.0594582	17.9726	11.5754	23.7754	76.156	255	0	0	13.0756	2.04492	2.38491	13.2	99.7897	0	0	34545.2	43866.8	50085.9	53032.1	0	0	0	0	0	0	108
DATA	13:54:23:000	2023-12-09	485310	13.5098	594.431	0.0967926	437.956	557.537	10.0357	0.059693	18.074	11.66	23.7836	76.1532	255	0	0	13.0763	2.04524	2.38428	13.2	99.7972	0	0	34544.2	43866.8	50057.2	53029.4	0	0	0	0	0	0	227
DATA	13:54:24:000	2023-12-09	485610	13.518	594.792	0.0968353	438.247	562.013	10.1162	0.0600335	18.2202	11.7816	23.7925	76.151	255	0	0	13.0769	2.04514	2.38615	13.2	99.791	0	0	34541.1	43865.1	50076.6	53028.7	0	0	0	0	0	0	225
DATA	13:54:25:000	2023-12-09	485910	13.5259	595.14	0.0968806	438.496	562.557	10.126	0.0600765	18.2375	11.7966	23.8005	76.1543	255	0	0	13.0769	2.04506	2.3864	13.2	99.7897	0	0	34542	43865.4	50071.5	53029.9	0	0	0	0	0	0	184
DATA	13:54:26:000	2023-12-09	486210	13.5335	595.474	0.0969227	438.722	560.725	10.093	0.0599372	18.1773	11.7476	23.8082	76.1598	255	0	0	13.0763	2.04503	2.38591	13.2	99.7912	0	0	34539.5	43866.4	50057.8	53029.5	0	0	0	0	0	0	128
DATA	13:54:27:000	2023-12-09	486510	13.5362	595.593	0.0969395	438.802	562.958	10.1332	0.0601091	18.2494	11.8082	23.8161	76.1632	255	0	0	13.0763	2.04504	2.38628	13.2	99.7903	0	0	34539.7	43865.8	50068	53029.8	0	0	0	0	0	0	 68
DATA	13:54:28:000	2023-12-09	486810	13.5349	595.536	0.0969299	438.809	568.092	10.2257	0.0604982	18.4179	11.9462	23.8239	76.1566	255	0	0	13.0756	2.04507	2.38615	13.2	99.7928	0	0	34538.5	43866.6	50033.9	53027.4	0	0	0	0	0	0	208
DATA	13:54:29:000	2023-12-09	487110	13.537	595.628	0.0969444	438.857	561.984	10.1157	0.0600352	18.219	11.7828	23.8315	76.1621	255	0	0	13.0763	2.04519	2.38503	13.2	99.798	0	0	34541.6	43867.7	50076	53032.3	0	0	0	0	0	0	167
DATA	13:54:30:000	2023-12-09	487410	13.5291	595.28	0.0969	438.637	559.496	10.0709	0.0598444	18.1398	11.716	23.8391	76.1577	255	0	0	13.0763	2.04517	2.38578	13.2	99.7921	0	0	34542.5	43865.3	50083.1	53030.1	0	0	0	0	0	0	171
DATA	13:54:31:000	2023-12-09	487710	13.5338	595.487	0.0969261	438.761	562.233	10.1202	0.0600538	18.2274	11.7902	23.8464	76.1646	255	0	0	13.0756	2.04519	2.38615	13.2	99.7915	0	0	34539.2	43864.8	50066.1	53029.3	0	0	0	0	0	0	150
DATA	13:54:32:000	2023-12-09	488010	13.5403	595.773	0.0969604	439.027	561.54	10.1077	0.0599998	18.2072	11.7718	23.8509	76.1561	255	0	0	13.0756	2.04519	2.38541	13.2	99.7882	0	0	34536.4	43863.3	50047.5	53025.7	0	0	0	0	0	0	116
DATA	13:54:33:000	2023-12-09	488310	13.5329	595.448	0.0969188	438.797	562.263	10.1207	0.0600541	18.2311	11.7916	23.8581	76.1563	255	0	0	13.0756	2.0453	2.38566	13.2	99.7935	0	0	34537.6	43864.5	50061.4	53026.6	0	0	0	0	0	0	109
DATA	13:54:34:000	2023-12-09	488610	13.5396	595.742	0.0969576	439.018	560.598	10.0908	0.0599285	18.1772	11.7471	23.8656	76.1575	255	0	0	13.0749	2.04518	2.38591	13.2	99.7885	0	0	34537	43863.6	50047.9	53026.3	0	0	0	0	0	0	116
DATA	13:54:35:000	2023-12-09	488910	13.5457	596.011	0.0969896	439.271	565.49	10.1788	0.0603007	18.3382	11.8791	23.8727	76.1497	255	0	0	13.0763	2.04527	2.38603	13.2	99.7918	0	0	34536.3	43864.1	50050.2	53026.8	0	0	0	0	0	0	125
DATA	13:54:36:000	2023-12-09	489210	13.5582	596.561	0.0970584	439.67	568.052	10.2249	0.0604959	18.421	11.948	23.8803	76.1528	255	0	0	13.0756	2.0454	2.38703	13.2	99.796	0	0	34535.8	43864.6	50037.9	53026.9	0	0	0	0	0	0	183
DATA	13:54:37:000	2023-12-09	489510	13.5482	596.121	0.0970043	439.329	568.46	10.2323	0.0605274	18.4335	11.9593	23.8875	76.1576	255	0	0	13.0763	2.04506	2.38703	13.2	99.7863	0	0	34533.7	43863.9	50021	53023.1	0	0	0	0	0	0	253
DATA	13:54:38:000	2023-12-09	489810	13.5758	597.335	0.0971545	440.266	577.766	10.3998	0.0612316	18.7371	12.2062	23.8944	76.152	255	0	0	13.0763	2.04524	2.3869	13.2	99.7883	0	0	34530.5	43862.9	50004.4	53023.4	0	0	0	0	0	0	 67
DATA	13:54:39:000	2023-12-09	490110	13.5622	596.737	0.0970782	439.82	572.432	10.3038	0.0608266	18.5639	12.0657	23.9013	76.1547	255	0	0	13.0769	2.04519	2.38541	13.2	99.7859	0	0	34533.6	43862.3	50028.9	53023.7	0	0	0	0	0	0	111
DATA	13:54:40:000	2023-12-09	490410	13.5664	596.922	0.0971052	439.973	574.256	10.3366	0.0609677	18.6237	12.1144	23.9093	76.1539	255	0	0	13.0756	2.04519	2.38678	13.2	99.7867	0	0	34527.7	43862.7	49990	53021.6	0	0	0	0	0	0	 93
DATA	13:54:41:000	2023-12-09	490710	13.5603	596.653	0.0970699	439.784	573.584	10.3245	0.0609155	18.6023	12.0969	23.9159	76.154	255	0	0	13.0756	2.04517	2.38665	13.2	99.7835	0	0	34532.8	43861.5	50020.2	53022.2	0	0	0	0	0	0	103
DATA	13:54:42:000	2023-12-09	491010	13.5525	596.31	0.0970291	439.538	571.349	10.2843	0.0607474	18.5301	12.038	23.9228	76.1545	255	0	0	13.0756	2.04531	2.38728	13.2	99.7931	0	0	34534.7	43864.2	50014.5	53024.5	0	0	0	0	0	0	 22
DATA	13:54:43:000	2023-12-09	491310	13.5538	596.367	0.0970333	439.623	575.23	10.3541	0.0610393	18.6578	12.141	23.9268	76.1482	255	0	0	13.0756	2.04509	2.38665	13.2	99.7815	0	0	34531.4	43861.5	50013.2	53021.4	0	0	0	0	0	0	 25
DATA	13:54:44:000	2023-12-09	491610	13.5546	596.402	0.0970395	439.625	571.767	10.2918	0.0607782	18.5445	12.0497	23.9334	76.154	255	0	0	13.0749	2.04532	2.3874	13.2	99.7825	0	0	34531	43859.5	50019.8	53020	0	0	0	0	0	0	120
DATA	13:54:45:000	2023-12-09	491910	13.5523	596.301	0.0970237	439.595	572.233	10.3002	0.0608113	18.5615	12.0624	23.9399	76.1479	255	0	0	13.0763	2.04492	2.38765	13.2	99.776	0	0	34529.4	43860.8	49997.1	53019.8	0	0	0	0	0	0	118
DATA	13:54:46:000	2023-12-09	492210	13.5599	596.636	0.0970668	439.86	576.23	10.3721	0.0611148	18.6919	12.1684	23.9466	76.1464	255	0	0	13.0769	2.04545	2.38728	13.2	99.7931	0	0	34531.7	43862.8	50001.4	53021.7	0	0	0	0	0	0	 72
DATA	13:54:47:000	2023-12-09	492510	13.5579	596.548	0.0970545	439.848	573.585	10.3245	0.0609138	18.6084	12.0989	23.9534	76.139	255	0	0	13.0763	2.04568	2.38802	13.2	99.7978	0	0	34531.9	43862.4	50013.8	53023.1	0	0	0	0	0	0	139
DATA	13:54:48:000	2023-12-09	492810	13.5539	596.372	0.0970327	439.692	572.495	10.3049	0.0608314	18.5719	12.0703	23.9597	76.1452	255	0	0	13.0756	2.0453	2.38728	13.2	99.7866	0	0	34532.1	43861.5	50001.2	53022.1	0	0	0	0	0	0	 98
DATA	13:54:49:000	2023-12-09	493110	13.5706	597.106	0.097124	440.262	584.333	10.518	0.0617244	18.9571	12.3818	23.9662	76.142	255	0	0	13.0763	2.04534	2.3874	13.2	99.79	0	0	34527.8	43862.6	49957.2	53018.8	0	0	0	0	0	0	111
DATA	13:54:50:000	2023-12-09	493410	13.5549	596.416	0.0970359	439.769	573.101	10.3158	0.0608755	18.5934	12.087	23.9723	76.1408	255	0	0	13.0763	2.04544	2.38852	13.2	99.792	0	0	34531.7	43862.4	50006.2	53022	0	0	0	0	0	0	204
DATA	13:54:51:000	2023-12-09	493710	13.5603	596.653	0.0970684	439.912	567.979	10.2236	0.0604892	18.4259	11.9511	23.9781	76.1478	255	0	0	13.0756	2.04556	2.3874	13.2	99.7917	0	0	34530.9	43861.1	50018.1	53022.4	0	0	0	0	0	0	119
DATA	13:54:52:000	2023-12-09	494010	13.5485	596.134	0.0970025	439.568	563.848	10.1493	0.0601737	18.2935	11.8407	23.9834	76.1424	255	0	0	13.0763	2.04559	2.38877	13.2	99.7977	0	0	34534.3	43863.3	50060.1	53026.2	0	0	0	0	0	0	161
DATA	13:54:53:000	2023-12-09	494310	13.5582	596.561	0.0970568	439.846	562.468	10.1244	0.0600699	18.2472	11.8038	23.9887	76.1502	255	0	0	13.0756	2.04547	2.38765	13.2	99.7959	0	0	34532.7	43863.8	50075.9	53027.7	0	0	0	0	0	0	198
DATA	13:54:54:000	2023-12-09	494610	13.5705	597.102	0.0971222	440.267	573.459	10.3223	0.0609037	18.6047	12.0976	23.9929	76.1474	255	0	0	13.0756	2.04544	2.38865	13.2	99.7921	0	0	34532.1	43862.4	50029	53023.6	0	0	0	0	0	0	 42
DATA	13:54:55:000	2023-12-09	494910	13.5663	596.917	0.0970995	440.146	562.932	10.1328	0.060104	18.2638	11.8167	23.9965	76.1457	255	0	0	13.0763	2.04556	2.3884	13.2	99.7907	0	0	34528.2	43860.6	50052.2	53022.4	0	0	0	0	0	0	 57
DATA	13:54:56:000	2023-12-09	495210	13.5803	597.533	0.0971776	440.56	564.652	10.1637	0.0602365	18.3179	11.8632	24.0005	76.1537	255	0	0	13.0763	2.04547	2.3879	13.2	99.7915	0	0	34527.6	43861.9	50049.7	53024.4	0	0	0	0	0	0	 53
DATA	13:54:57:000	2023-12-09	495510	13.5729	597.208	0.0971376	440.326	565.952	10.1871	0.0603354	18.3604	11.8981	24.0027	76.1532	255	0	0	13.0763	2.0454	2.38753	13.2	99.7773	0	0	34524.9	43856.3	50038.4	53017.8	0	0	0	0	0	0	102
DATA	13:54:58:000	2023-12-09	495810	13.5779	597.428	0.0971639	440.505	566.203	10.1917	0.0603539	18.3692	11.905	24.0049	76.1508	255	0	0	13.0763	2.04549	2.3884	13.2	99.7847	0	0	34526.1	43858.6	50040	53020.7	0	0	0	0	0	0	217
DATA	13:54:59:000	2023-12-09	496110	13.5868	597.819	0.0972173	440.797	576.762	10.3817	0.0611578	18.7119	12.1856	24.009	76.1513	255	0	0	13.0763	2.0455	2.38765	13.2	99.7857	0	0	34524.8	43859	50002.8	53018	0	0	0	0	0	0	144
DATA	13:55:00:000	2023-12-09	496410	13.5809	597.56	0.0971775	440.698	572.051	10.2969	0.0607958	18.563	12.0613	24.0136	76.1365	255	0	0	13.0763	2.04562	2.38865	13.2	99.7892	0	0	34522.9	43859.2	50000.8	53018.6	0	0	0	0	0	0	 62
DATA	13:55:01:000	2023-12-09	496710	13.5979	598.308	0.0972746	441.172	575.687	10.3624	0.0610746	18.6777	12.1577	24.0177	76.1509	255	0	0	13.0763	2.04555	2.3884	13.2	99.784	0	0	34521.6	43857.8	49994.2	53017	0	0	0	0	0	0	253
DATA	13:55:02:000	2023-12-09	497010	13.5885	597.894	0.0972214	440.913	575.851	10.3653	0.0610853	18.6849	12.1623	24.0223	76.1443	255	0	0	13.0763	2.04545	2.3894	13.2	99.7809	0	0	34520.5	43857.4	49999.5	53015	0	0	0	0	0	0	 17
DATA	13:55:03:000	2023-12-09	497310	13.5995	598.378	0.0972831	441.27	571.324	10.2838	0.0607439	18.538	12.0427	24.0268	76.1454	255	0	0	13.0763	2.04555	2.38952	13.2	99.7831	0	0	34521.7	43857.4	50034.9	53018.2	0	0	0	0	0	0	 54
DATA	13:55:04:000	2023-12-09	497610	13.5962	598.233	0.0972626	441.199	575.05	10.3509	0.0610242	18.6605	12.1416	24.0316	76.1404	255	0	0	13.0763	2.04572	2.38902	13.2	99.7897	0	0	34519.9	43858.5	50003.2	53016.3	0	0	0	0	0	0	 78
DATA	13:55:05:000	2023-12-09	497910	13.6119	598.924	0.0973474	441.709	575.986	10.3677	0.0610942	18.6909	12.1665	24.0357	76.1413	255	0	0	13.0763	2.04569	2.38765	13.2	99.7887	0	0	34518.5	43858.3	49993.4	53017	0	0	0	0	0	0	117
DATA	13:55:06:000	2023-12-09	498210	13.6107	598.871	0.0973438	441.665	579.627	10.4333	0.0613713	18.8088	12.2625	24.0401	76.1433	255	0	0	13.0756	2.04562	2.38965	13.2	99.7846	0	0	34516.2	43857.2	49986.4	53013.8	0	0	0	0	0	0	170
DATA	13:55:07:000	2023-12-09	498510	13.6103	598.853	0.0973382	441.656	576.191	10.3714	0.0611094	18.6975	12.1724	24.0444	76.1438	255	0	0	13.0756	2.04571	2.39002	13.2	99.7897	0	0	34518.8	43858.5	49994.8	53016.4	0	0	0	0	0	0	180
DATA	13:55:08:000	2023-12-09	498810	13.6146	599.042	0.0973631	441.813	582.06	10.4771	0.0615532	18.8887	12.3267	24.0489	76.1419	255	0	0	13.0769	2.04574	2.38802	13.2	99.7853	0	0	34516.8	43856.3	49973.5	53012.4	0	0	0	0	0	0	129
DATA	13:55:09:000	2023-12-09	499110	13.6066	598.69	0.09732	441.518	581.096	10.4597	0.0614808	18.8559	12.3017	24.0531	76.1491	255	0	0	13.0763	2.04565	2.38952	13.2	99.7767	0	0	34513.6	43853.5	49946.2	53007.5	0	0	0	0	0	0	 27
DATA	13:55:10:000	2023-12-09	499410	13.6171	599.152	0.0973785	441.906	582.626	10.4873	0.0615972	18.9075	12.3419	24.0573	76.142	255	0	0	13.0756	2.04574	2.3884	13.2	99.7822	0	0	34513.7	43854.9	49951.9	53010.4	0	0	0	0	0	0	 70
DATA	13:55:11:000	2023-12-09	499710	13.6045	598.598	0.0973065	441.506	580.249	10.4445	0.0614156	18.8308	12.28	24.0617	76.1416	255	0	0	13.0763	2.04577	2.3884	13.2	99.7881	0	0	34517.7	43857.3	49974.6	53013.2	0	0	0	0	0	0	 18
DATA	13:55:12:000	2023-12-09	500010	13.6496	600.582	0.0975567	442.987	594.722	10.705	0.0625047	19.3012	12.6554	24.0665	76.1398	255	0	0	13.0763	2.04593	2.39039	13.2	99.7865	0	0	34513.5	43854.8	49953.2	53010.7	0	0	0	0	0	0	100
DATA	13:55:13:000	2023-12-09	500310	13.619	599.236	0.0973868	441.981	585.054	10.531	0.0617783	18.9869	12.4059	24.0705	76.1431	255	0	0	13.0763	2.04581	2.38977	13.2	99.7817	0	0	34514.1	43854	49951.4	53008.3	0	0	0	0	0	0	222
DATA	13:55:14:000	2023-12-09	500610	13.6083	598.765	0.0973286	441.669	582.638	10.4875	0.0615967	18.91	12.3431	24.0748	76.1381	255	0	0	13.0756	2.04579	2.3899	13.2	99.7859	0	0	34516.2	43856.1	49961.1	53010.9	0	0	0	0	0	0	 37
DATA	13:55:15:000	2023-12-09	500910	13.6135	598.994	0.097354	441.88	585.918	10.5465	0.061841	19.0183	12.4288	24.0788	76.1319	255	0	0	13.0756	2.04574	2.39052	13.2	99.7807	0	0	34517	43854.3	49961.4	53010.5	0	0	0	0	0	0	174
DATA	13:55:16:000	2023-12-09	501210	13.5876	597.854	0.097212	441.054	574.547	10.3418	0.0609835	18.6498	12.1309	24.082	76.1302	255	0	0	13.0763	2.04592	2.38927	13.2	99.7896	0	0	34522.1	43856.3	49993.3	53012.9	0	0	0	0	0	0	 58
DATA	13:55:17:000	2023-12-09	501510	13.598	598.312	0.0972702	441.41	581.564	10.4682	0.0615138	18.8784	12.3155	24.0832	76.1272	255	0	0	13.0763	2.04612	2.39027	13.2	99.7969	0	0	34520.3	43857.5	49980.4	53014.7	0	0	0	0	0	0	 40
DATA	13:55:18:000	2023-12-09	501810	13.6087	598.783	0.097326	441.77	579.073	10.4233	0.0613244	18.7981	12.2503	24.0859	76.1257	255	0	0	13.0694	2.04572	2.3899	13.2	99.7843	0	0	34518.8	43856.1	49988.2	53014.2	0	0	0	0	0	0	 27
DATA	13:55:19:000	2023-12-09	502110	13.6056	598.646	0.0973081	441.67	577.397	10.3931	0.0611974	18.7437	12.2064	24.0882	76.1263	255	0	0	13.0756	2.04609	2.39039	13.2	99.7928	0	0	34518.1	43856	49981.4	53012.6	0	0	0	0	0	0	 16
DATA	13:55:20:000	2023-12-09	502410	13.6092	598.805	0.0973283	441.754	575.189	10.3534	0.0610311	18.6706	12.1483	24.0905	76.1325	255	0	0	13.0763	2.04597	2.3899	13.2	99.7807	0	0	34514.5	43851.9	49998.1	53009	0	0	0	0	0	0	  6
DATA	13:55:21:000	2023-12-09	502710	13.6031	598.536	0.0972968	441.572	573.751	10.3275	0.0609236	18.6246	12.1104	24.0928	76.1303	255	0	0	13.0763	2.04611	2.39027	13.2	99.7764	0	0	34511.1	43848.6	49995.9	53004.6	0	0	0	0	0	0	135
DATA	13:55:22:000	2023-12-09	503010	13.6162	599.113	0.0973687	441.979	569.251	10.2465	0.060583	18.4778	11.991	24.0949	76.134	255	0	0	13.0756	2.04616	2.39077	13.2	99.7795	0	0	34508.4	43849.4	50015.9	53006.8	0	0	0	0	0	0	 16
DATA	13:55:23:000	2023-12-09	503310	13.6036	598.558	0.0972988	441.556	559.61	10.073	0.0598478	18.1642	11.7322	24.0969	76.137	255	0	0	13.0763	2.04584	2.3899	13.2	99.7725	0	0	34511.7	43849.7	50056.9	53008.9	0	0	0	0	0	0	237
DATA	13:55:24:000	2023-12-09	503610	13.6297	599.707	0.0974402	442.428	568.252	10.2285	0.0605056	18.4458	11.9645	24.098	76.133	255	0	0	13.0756	2.04606	2.38977	13.2	99.7687	0	0	34506.1	43845.7	50014.5	53003.6	0	0	0	0	0	0	 51
DATA	13:55:25:000	2023-12-09	503910	13.6254	599.518	0.0974156	442.302	565.963	10.1873	0.0603306	18.3721	11.9033	24.0981	76.1306	255	0	0	13.0763	2.0459	2.39039	13.2	99.7604	0	0	34505	43843.7	50026.7	53002.9	0	0	0	0	0	0	228
DATA	13:55:26:000	2023-12-09	504210	13.624	599.456	0.0974082	442.238	562.509	10.1252	0.060068	18.2592	11.8105	24.0983	76.1339	255	0	0	13.0763	2.04603	2.39089	13.2	99.7445	0	0	34496.2	43835.3	50027.1	52997.4	0	0	0	0	0	0	 36
DATA	13:55:27:000	2023-12-09	504510	13.619	599.236	0.09738	442.082	550.846	9.91523	0.0591744	17.8808	11.4935	24.0988	76.1329	255	0	0	13.0763	2.04639	2.39077	13.2	99.7504	0	0	34496.7	43834.2	50072.5	52998	0	0	0	0	0	0	199
DATA	13:55:28:000	2023-12-09	504810	13.6298	599.711	0.0974395	442.401	558.668	10.056	0.0597743	18.1334	11.7068	24.0983	76.1383	255	0	0	13.0756	2.04613	2.39077	13.2	99.7334	0	0	34491.2	43829.3	50039.9	52991.5	0	0	0	0	0	0	125
DATA	13:55:29:000	2023-12-09	505110	13.6398	600.151	0.0974973	442.735	554.895	9.98811	0.0594879	18.0114	11.6042	24.0976	76.1364	255	0	0	13.0763	2.0459	2.3894	13.2	99.7242	0	0	34487.3	43827.8	50063.7	52992.4	0	0	0	0	0	0	 84
DATA	13:55:30:000	2023-12-09	505410	13.623	599.412	0.0974027	442.198	549.423	9.88961	0.0590656	17.8341	11.4543	24.0971	76.1348	255	0	0	13.0763	2.04617	2.39152	13.2	99.738	0	0	34495.5	43831	50103.8	52998.8	0	0	0	0	0	0	224
DATA	13:55:31:000	2023-12-09	505710	13.6187	599.223	0.0973813	442.001	544.041	9.79274	0.0586521	17.6571	11.3056	24.096	76.1445	255	0	0	13.0763	2.04608	2.39064	13.2	99.6761	0	0	34473.7	43804.7	50090.3	52975.2	0	0	0	0	0	0	 89
DATA	13:55:32:000	2023-12-09	506010	13.6439	600.332	0.0975177	442.854	558.816	10.0587	0.0597866	18.138	11.7106	24.0948	76.1382	255	0	0	13.0756	2.04599	2.3899	13.2	99.6782	0	0	34470.8	43806.6	50029.7	52972	0	0	0	0	0	0	236
DATA	13:55:33:000	2023-12-09	506310	13.6362	599.993	0.0974768	442.58	548.355	9.87039	0.0589851	17.7976	11.4247	24.0934	76.1419	255	0	0	13.0763	2.0463	2.39002	13.2	99.6863	0	0	34471.6	43807	50061.8	52974.1	0	0	0	0	0	0	251
DATA	13:55:34:000	2023-12-09	506610	13.6694	601.454	0.0976576	443.674	555.843	10.0052	0.0595603	18.0412	11.6298	24.0928	76.139	255	0	0	13.0763	2.04612	2.39027	13.2	99.6742	0	0	34462.5	43803.5	50033.9	52970.1	0	0	0	0	0	0	 80
DATA	13:55:35:000	2023-12-09	506910	13.6632	601.181	0.0976235	443.48	557.321	10.0318	0.0596732	18.0895	11.6699	24.0922	76.1376	255	0	0	13.0769	2.04607	2.39064	13.2	99.6684	0	0	34461.8	43801.5	50030.3	52969	0	0	0	0	0	0	  0
DATA	13:55:36:000	2023-12-09	507210	13.6769	601.784	0.0976984	443.935	556.44	10.0159	0.059606	18.0613	11.6459	24.0918	76.1357	255	0	0	13.0756	2.04644	2.39089	13.2	99.6814	0	0	34456.8	43803.3	50024.7	52969.6	0	0	0	0	0	0	 77
DATA	13:55:37:000	2023-12-09	507510	13.668	601.392	0.0976493	443.646	553.238	9.95828	0.05936	17.9574	11.5586	24.0907	76.1355	255	0	0	13.0756	2.04618	2.39127	13.2	99.6707	0	0	34463.7	43801.3	50055	52970.5	0	0	0	0	0	0	188
DATA	13:55:38:000	2023-12-09	507810	13.6528	600.723	0.0975654	443.173	549.087	9.88357	0.0590403	17.8235	11.4447	24.0902	76.1317	255	0	0	13.0763	2.04627	2.39102	13.2	99.6718	0	0	34463.6	43800.9	50058.2	52969.7	0	0	0	0	0	0	162
DATA	13:55:39:000	2023-12-09	508110	13.6709	601.52	0.0976631	443.794	552.966	9.95339	0.0593379	17.9508	11.5511	24.0893	76.1258	255	0	0	13.0769	2.04627	2.38902	13.2	99.6758	0	0	34461	43802.7	50049.9	52970.6	0	0	0	0	0	0	 47
DATA	13:55:40:000	2023-12-09	508410	13.6805	601.942	0.0977178	444.025	553.693	9.96647	0.0593954	17.9711	11.5709	24.0885	76.1395	255	0	0	13.0763	2.04624	2.39089	13.2	99.6735	0	0	34460.1	43801.9	50043.8	52969.6	0	0	0	0	0	0	187
DATA	13:55:41:000	2023-12-09	508710	13.6711	601.528	0.0976619	443.789	551.234	9.92221	0.0592033	17.8941	11.5036	24.0875	76.1273	255	0	0	13.0749	2.04648	2.39114	13.2	99.6772	0	0	34459.9	43801	50049.8	52969.2	0	0	0	0	0	0	 68
DATA	13:55:42:000	2023-12-09	509010	13.645	600.38	0.0975185	442.916	540.988	9.73778	0.0584122	17.5604	11.2203	24.0866	76.1316	255	0	0	13.0763	2.04645	2.39152	13.2	99.6776	0	0	34467.1	43801.6	50103.1	52972.6	0	0	0	0	0	0	 36
DATA	13:55:43:000	2023-12-09	509310	13.6695	601.458	0.0976532	443.716	546.511	9.8372	0.0588399	17.7399	11.3735	24.0857	76.1304	255	0	0	13.0763	2.04634	2.39027	13.2	99.6754	0	0	34463.8	43801.7	50072.8	52972.1	0	0	0	0	0	0	125
DATA	13:55:44:000	2023-12-09	509610	13.6749	601.696	0.0976841	443.914	548.958	9.88124	0.0590292	17.8203	11.4409	24.0839	76.1261	255	0	0	13.0742	2.04638	2.39102	13.2	99.6752	0	0	34461.5	43801.2	50086.8	52970.4	0	0	0	0	0	0	164
DATA	13:55:45:000	2023-12-09	509910	13.6661	601.308	0.0976369	443.56	538.375	9.69075	0.0582124	17.474	11.1471	24.083	76.1376	255	0	0	13.0749	2.04655	2.39152	13.2	99.6814	0	0	34464.5	43802.2	50122.3	52975.3	0	0	0	0	0	0	  0
DATA	13:55:46:000	2023-12-09	510210	13.6529	600.728	0.0975651	443.141	537.133	9.66839	0.0581159	17.4341	11.1123	24.0825	76.1359	255	0	0	13.0756	2.04631	2.39177	13.2	99.6768	0	0	34465.1	43802.6	50119.2	52973.8	0	0	0	0	0	0	141
DATA	13:55:47:000	2023-12-09	510510	13.6767	601.775	0.0976939	443.913	542.233	9.76019	0.0585104	17.5996	11.2547	24.0819	76.1358	255	0	0	13.0756	2.04659	2.39114	13.2	99.6814	0	0	34458.8	43801.8	50096.1	52971.2	0	0	0	0	0	0	179
DATA	13:55:48:000	2023-12-09	510810	13.6884	602.29	0.0977592	444.308	544.608	9.80294	0.0586953	17.6773	11.3206	24.0808	76.1329	255	0	0	13.0776	2.04664	2.39177	13.2	99.6825	0	0	34457.4	43801.7	50079.8	52971.6	0	0	0	0	0	0	142
DATA	13:55:49:000	2023-12-09	511110	13.7075	603.13	0.097858	444.937	544.536	9.80165	0.0586861	17.6753	11.3185	24.0791	76.131	255	0	0	13.0769	2.04647	2.39139	13.2	99.6772	0	0	34451.6	43801.1	50084.9	52971.4	0	0	0	0	0	0	 11
DATA	13:55:50:000	2023-12-09	511410	13.7031	602.936	0.0978395	444.762	541.775	9.75195	0.0584767	17.5844	11.2417	24.0773	76.1359	255	0	0	13.0776	2.04659	2.39164	13.2	99.6793	0	0	34454.8	43800.8	50101.5	52971.6	0	0	0	0	0	0	178
DATA	13:55:51:000	2023-12-09	511710	13.7219	603.764	0.0979412	445.383	542.396	9.76313	0.0585247	17.605	11.2589	24.0751	76.1336	255	0	0	13.0763	2.04654	2.39226	13.2	99.6785	0	0	34449.5	43800.9	50093.9	52970.1	0	0	0	0	0	0	112
DATA	13:55:52:000	2023-12-09	512010	13.6953	602.593	0.0977973	444.475	539.739	9.7153	0.0583191	17.517	11.1847	24.0726	76.1405	255	0	0	13.0776	2.04663	2.39077	13.2	99.6801	0	0	34456.5	43800.8	50105.9	52969.9	0	0	0	0	0	0	 73
DATA	13:55:53:000	2023-12-09	512310	13.7023	602.901	0.0978331	444.689	538.268	9.68882	0.0582038	17.4687	11.1434	24.0698	76.1421	255	0	0	13.0708	2.04651	2.39214	13.2	99.6787	0	0	34455.8	43801.3	50101.6	52971.2	0	0	0	0	0	0	147
DATA	13:55:54:000	2023-12-09	512610	13.7033	602.945	0.0978402	444.72	538.176	9.68717	0.0581979	17.4657	11.1407	24.0675	76.1418	255	0	0	13.0769	2.04664	2.39102	13.2	99.68	0	0	34450.6	43800.6	50105.4	52970	0	0	0	0	0	0	156
DATA	13:55:55:000	2023-12-09	512910	13.7322	604.217	0.0979984	445.618	541.163	9.74093	0.0584302	17.561	11.2241	24.065	76.148	255	0	0	13.0769	2.04672	2.39202	13.2	99.6803	0	0	34447.3	43799.9	50097.2	52970.5	0	0	0	0	0	0	  1
DATA	13:55:56:000	2023-12-09	513210	13.7261	603.948	0.0979628	445.458	540.396	9.72713	0.0583691	17.5377	11.2025	24.062	76.1406	255	0	0	13.0763	2.04671	2.39214	13.2	99.6788	0	0	34449.3	43799.4	50102.2	52968.8	0	0	0	0	0	0	122
DATA	13:55:57:000	2023-12-09	513510	13.7185	603.614	0.0979232	445.212	541.665	9.74997	0.0584684	17.5789	11.2377	24.0591	76.1399	255	0	0	13.0763	2.0467	2.39177	13.2	99.6805	0	0	34449.3	43800.2	50099.8	52970.7	0	0	0	0	0	0	145
DATA	13:55:58:000	2023-12-09	513810	13.7305	604.142	0.0979892	445.586	539.597	9.71275	0.0583091	17.5112	11.1799	24.0562	76.1417	255	0	0	13.0756	2.04672	2.39177	13.2	99.678	0	0	34447.4	43798.9	50103.8	52968.6	0	0	0	0	0	0	150
DATA	13:55:59:000	2023-12-09	514110	13.7338	604.287	0.0980024	445.701	537.938	9.68288	0.0581773	17.4576	11.1334	24.0536	76.1397	255	0	0	13.0763	2.04673	2.39089	13.2	99.6831	0	0	34447.9	43801	50108.2	52970.7	0	0	0	0	0	0	 73
DATA	13:56:00:000	2023-12-09	514410	13.7149	603.456	0.0979012	445.07	531.327	9.56389	0.0576642	17.2424	10.9471	24.0517	76.1422	255	0	0	13.0756	2.04686	2.39102	13.2	99.6795	0	0	34450.8	43798.1	50150.8	52970.8	0	0	0	0	0	0	 95
DATA	13:56:01:000	2023-12-09	514710	13.7281	604.036	0.0979771	445.465	538.116	9.68609	0.0581947	17.4614	11.1381	24.0492	76.1473	255	0	0	13.0742	2.04668	2.39114	13.2	99.6752	0	0	34443.5	43798	50111	52967.8	0	0	0	0	0	0	220
DATA	13:56:02:000	2023-12-09	515010	13.7402	604.569	0.0980403	445.871	537.444	9.67399	0.0581412	17.4401	11.1192	24.0466	76.1444	255	0	0	13.0763	2.04685	2.39139	13.2	99.6796	0	0	34446.7	43798.2	50124.4	52968.7	0	0	0	0	0	0	158
DATA	13:56:03:000	2023-12-09	515310	13.7109	603.28	0.0978779	444.915	518.946	9.34103	0.0566943	16.8397	10.5924	24.0445	76.1447	255	0	0	13.0749	2.04654	2.39164	13.2	99.67	0	0	34452.1	43797.2	50188.5	52972.4	0	0	0	0	0	0	 26
DATA	13:56:04:000	2023-12-09	515610	13.7323	604.221	0.0979968	445.589	535.148	9.63266	0.0579624	17.3646	11.0544	24.0413	76.1473	255	0	0	13.0763	2.04679	2.39127	13.2	99.677	0	0	34444.8	43797.7	50109.2	52967.9	0	0	0	0	0	0	136
DATA	13:56:05:000	2023-12-09	515910	13.724	603.856	0.0979574	445.287	532.952	9.59314	0.0577955	17.2921	10.9923	24.0383	76.1522	255	0	0	13.0763	2.04686	2.39039	13.2	99.6804	0	0	34447.3	43798.4	50122.2	52969.6	0	0	0	0	0	0	136
DATA	13:56:06:000	2023-12-09	516210	13.7574	605.326	0.0981351	446.406	538.565	9.69417	0.0582291	17.4756	11.15	24.0361	76.1456	255	0	0	13.0756	2.04695	2.39202	13.2	99.6819	0	0	34448.3	43798.2	50165	52970.8	0	0	0	0	0	0	221
DATA	13:56:07:000	2023-12-09	516510	13.7322	604.217	0.0979985	445.562	531.354	9.56437	0.0576685	17.2406	10.9469	24.034	76.1496	255	0	0	13.0756	2.04698	2.39164	13.2	99.6719	0	0	34442	43793.5	50145.1	52965.6	0	0	0	0	0	0	 36
DATA	13:56:08:000	2023-12-09	516810	13.7482	604.921	0.0980838	446.098	537.404	9.67327	0.0581381	17.4375	11.1173	24.0314	76.1461	255	0	0	13.0756	2.04685	2.39102	13.2	99.6687	0	0	34439.4	43793.5	50122.2	52965.8	0	0	0	0	0	0	161
