Model:	 LI-7500
SN:	75D-4923
Timestamp:	Dec 9 2023 at 6:00:48
DATAH	Time	Date	Sequence Number	CO2 (mmol/m^3)	CO2 (mg/m^3)	CO2 Absorptance	CO2 (umol/mol)	H2O (mmol/m^3)	H2O (g/m^3)	H2O Absorptance	H2O (mmol/mol)	Dew Point (C)	Temperature (C)	Pressure (kPa)	Diagnostic Value	Diagnostic Value 2	Diagnostic Word	DSI Vin (v)	Cooler Voltage (v)	Chopper Cooler Voltage (v)	Smart Flux Vin (v)	CO2 Signal Strength	Integral	Peak Height	CO2 Sample	CO2 Reference	H2O Sample	H2O Reference	CH4 Seconds	CH4 Nano Seconds	CH4 (umol/mol)	CH4 (mmol/m^3)	CH4 Signal Strength (RSSI)	CH4 Diagnostic Value	CHK
DATA	14:00:45:000	2023-12-09	599910	13.2949	584.976	0.0955944	428.508	407.439	7.3339	0.0475306	13.1322	6.91592	22.0481	76.1465	255	0	0	13.0742	2.03779	2.34563	13.2	99.9545	0	0	34706.7	44013.6	50926.1	53231.1	0	0	0	0	0	0	114
DATA	14:00:46:000	2023-12-09	600210	13.2837	584.483	0.0955395	428.093	420.277	7.56499	0.0486323	13.5442	7.36982	22.0699	76.1617	255	0	0	13.0735	2.03795	2.34326	13.2	99.9426	0	0	34703.5	44006.7	50873.2	53222.6	0	0	0	0	0	0	158
DATA	14:00:47:000	2023-12-09	600510	13.2617	583.515	0.0954195	427.384	423.286	7.61915	0.0488882	13.6412	7.4753	22.0923	76.1674	255	0	0	13.0735	2.03788	2.34501	13.2	99.9323	0	0	34700.5	44002.9	50860	53219.6	0	0	0	0	0	0	240
DATA	14:00:48:000	2023-12-09	600810	13.2772	584.197	0.0955057	427.925	421.934	7.59481	0.0487741	13.599	7.42947	22.1123	76.1652	255	0	0	13.0735	2.03779	2.34625	13.2	99.9363	0	0	34702.8	44005.6	50847.3	53218.9	0	0	0	0	0	0	118
DATA	14:00:49:000	2023-12-09	601110	13.2658	583.695	0.0954449	427.622	431.979	7.77562	0.0496244	13.9248	7.77529	22.1349	76.1596	255	0	0	13.0742	2.0379	2.34488	13.2	99.924	0	0	34699.5	43999.1	50781.1	53211.3	0	0	0	0	0	0	 99
DATA	14:00:50:000	2023-12-09	601410	13.2503	583.013	0.09536	427.132	439.534	7.91161	0.0502585	14.1686	8.03101	22.1567	76.1636	255	0	0	13.0735	2.03767	2.34663	13.2	99.8675	0	0	34686.8	43976.6	50709.8	53187.6	0	0	0	0	0	0	 38
DATA	14:00:51:000	2023-12-09	601710	13.2579	583.348	0.0954017	427.441	449.754	8.09557	0.0511099	14.5003	8.37037	22.1766	76.1573	255	0	0	13.0735	2.03758	2.34563	13.2	99.8521	0	0	34679.7	43970.8	50680.8	53180.9	0	0	0	0	0	0	165
DATA	14:00:52:000	2023-12-09	602010	13.2574	583.326	0.0953964	427.486	447.045	8.04681	0.0508835	14.415	8.28242	22.1981	76.1518	255	0	0	13.0735	2.0375	2.346	13.2	99.8438	0	0	34676.5	43967.9	50703.7	53179.3	0	0	0	0	0	0	210
DATA	14:00:53:000	2023-12-09	602310	13.2546	583.202	0.0953822	427.431	449.337	8.08807	0.0510744	14.4901	8.35889	22.2205	76.1513	255	0	0	13.0742	2.03765	2.34675	13.2	99.8282	0	0	34672.1	43959.5	50676.7	53169.7	0	0	0	0	0	0	145
DATA	14:00:54:000	2023-12-09	602610	13.2447	582.767	0.0953264	427.184	454.326	8.17787	0.0514864	14.6535	8.52282	22.2418	76.144	255	0	0	13.0735	2.03745	2.34613	13.2	99.8177	0	0	34669.5	43957	50648	53167	0	0	0	0	0	0	 80
DATA	14:00:55:000	2023-12-09	602910	13.2532	583.141	0.0953742	427.447	458.181	8.24726	0.0518051	14.7774	8.6485	22.2601	76.1507	255	0	0	13.0742	2.03752	2.3455	13.2	99.7902	0	0	34662.2	43944.1	50628.8	53156	0	0	0	0	0	0	185
DATA	14:00:56:000	2023-12-09	603210	13.242	582.648	0.0953102	427.154	460.217	8.28391	0.0519714	14.8455	8.71507	22.2809	76.1438	255	0	0	13.0735	2.03736	2.34725	13.2	99.7763	0	0	34654.7	43939.6	50614.2	53151.2	0	0	0	0	0	0	 81
DATA	14:00:57:000	2023-12-09	603510	13.2285	582.054	0.0952355	426.764	479.047	8.62285	0.0535078	15.4545	9.31028	22.3015	76.141	255	0	0	13.0742	2.03745	2.34625	13.2	99.7739	0	0	34657.8	43937.7	50537.2	53143.6	0	0	0	0	0	0	 96
DATA	14:00:58:000	2023-12-09	603810	13.2404	582.578	0.0953024	427.164	468.636	8.43545	0.0526618	15.1192	8.98534	22.321	76.1433	255	0	0	13.0735	2.03716	2.3465	13.2	99.7674	0	0	34657.9	43937.8	50570.5	53145.4	0	0	0	0	0	0	 54
DATA	14:00:59:000	2023-12-09	604110	13.2415	582.626	0.0953105	427.211	472.133	8.49839	0.0529481	15.2325	9.09635	22.3375	76.1454	255	0	0	13.0742	2.03722	2.34737	13.2	99.7769	0	0	34659.8	43941.3	50543.8	53146.8	0	0	0	0	0	0	148
DATA	14:01:00:000	2023-12-09	604410	13.2399	582.556	0.0953038	427.162	476.051	8.56892	0.0532683	15.3589	9.21991	22.3568	76.15	255	0	0	13.0735	2.03719	2.34663	13.2	99.7543	0	0	34654.1	43931.7	50527.6	53137.7	0	0	0	0	0	0	 57
DATA	14:01:01:000	2023-12-09	604710	13.2241	581.86	0.095211	426.729	484.446	8.72003	0.0539439	15.6326	9.48058	22.3757	76.1412	255	0	0	13.0728	2.03723	2.34688	13.2	99.7582	0	0	34653.1	43933	50509.5	53136.4	0	0	0	0	0	0	192
DATA	14:01:02:000	2023-12-09	605010	13.2354	582.358	0.0952754	427.115	482.989	8.6938	0.0538278	15.5864	9.43672	22.3942	76.142	255	0	0	13.0742	2.03701	2.3465	13.2	99.7486	0	0	34652.8	43931.1	50487.6	53134.2	0	0	0	0	0	0	  2
DATA	14:01:03:000	2023-12-09	605310	13.2339	582.292	0.0952667	427.139	487.917	8.78251	0.0542244	15.7481	9.58852	22.4096	76.1332	255	0	0	13.0735	2.03701	2.34775	13.2	99.7447	0	0	34653.2	43929.3	50458.4	53131.2	0	0	0	0	0	0	150
DATA	14:01:04:000	2023-12-09	605610	13.2162	581.513	0.0951678	426.583	494.302	8.89744	0.0547358	15.9547	9.78312	22.4279	76.1352	255	0	0	13.0742	2.03717	2.3465	13.2	99.7449	0	0	34652.9	43927.8	50446.3	53128.8	0	0	0	0	0	0	123
DATA	14:01:05:000	2023-12-09	605910	13.2212	581.733	0.095202	426.713	497.468	8.95442	0.0549937	16.0557	9.87926	22.446	76.1453	255	0	0	13.0742	2.03692	2.34713	13.2	99.7366	0	0	34653.9	43926.7	50418.6	53126.9	0	0	0	0	0	0	 67
DATA	14:01:06:000	2023-12-09	606210	13.2207	581.711	0.0951975	426.756	501.255	9.02259	0.0552946	16.1802	9.99333	22.4632	76.1393	255	0	0	13.0756	2.03685	2.34825	13.2	99.7316	0	0	34653.4	43925.2	50403	53123.7	0	0	0	0	0	0	 29
DATA	14:01:07:000	2023-12-09	606510	13.2196	581.662	0.0951945	426.684	503.693	9.06647	0.0554907	16.2575	10.0667	22.48	76.1501	255	0	0	13.0749	2.03689	2.3475	13.2	99.7343	0	0	34652.3	43926	50392.6	53125	0	0	0	0	0	0	 60
DATA	14:01:08:000	2023-12-09	606810	13.2114	581.302	0.0951463	426.461	507.032	9.12658	0.0557536	16.3669	10.1663	22.4977	76.1473	255	0	0	13.0749	2.03678	2.34887	13.2	99.7305	0	0	34653.6	43925.4	50379.8	53122.5	0	0	0	0	0	0	148
DATA	14:01:09:000	2023-12-09	607110	13.2136	581.398	0.0951584	426.602	508.187	9.14737	0.0558451	16.4069	10.2012	22.5143	76.139	255	0	0	13.0742	2.03655	2.348	13.2	99.7268	0	0	34654	43926.2	50376	53123.6	0	0	0	0	0	0	 30
DATA	14:01:10:000	2023-12-09	607410	13.2126	581.354	0.0951535	426.568	510.006	9.18011	0.0559895	16.4655	10.2555	22.5301	76.1434	255	0	0	13.0742	2.03671	2.34762	13.2	99.7215	0	0	34651.3	43922.2	50360.6	53119.3	0	0	0	0	0	0	 86
DATA	14:01:11:000	2023-12-09	607710	13.2108	581.275	0.0951426	426.511	513.234	9.23821	0.0562439	16.5698	10.3507	22.5451	76.1471	255	0	0	13.0749	2.03649	2.34912	13.2	99.7073	0	0	34644.7	43918.2	50344.3	53113.4	0	0	0	0	0	0	107
DATA	14:01:12:000	2023-12-09	608010	13.2304	582.138	0.0952547	427.134	516.946	9.30503	0.0565396	16.6892	10.4592	22.557	76.1519	255	0	0	13.0756	2.03633	2.34875	13.2	99.7026	0	0	34647	43917.8	50326.1	53113.4	0	0	0	0	0	0	236
DATA	14:01:13:000	2023-12-09	608310	13.2289	582.072	0.0952459	427.124	511.28	9.20304	0.0560922	16.5078	10.2949	22.5716	76.1488	255	0	0	13.0735	2.03655	2.34688	13.2	99.7097	0	0	34644.5	43918.6	50329.2	53113.1	0	0	0	0	0	0	 81
DATA	14:01:14:000	2023-12-09	608610	13.209	581.196	0.0951368	426.481	517.598	9.31676	0.0565908	16.7118	10.4796	22.5861	76.1526	255	0	0	13.0756	2.03666	2.34862	13.2	99.716	0	0	34647.5	43920.3	50330.1	53114.7	0	0	0	0	0	0	 51
DATA	14:01:15:000	2023-12-09	608910	13.2048	581.011	0.0951186	426.324	517.079	9.30742	0.0565534	16.6942	10.4653	22.601	76.1603	255	0	0	13.0742	2.03666	2.3485	13.2	99.7142	0	0	34650.1	43919.4	50337.2	53115.7	0	0	0	0	0	0	255
DATA	14:01:16:000	2023-12-09	609210	13.1982	580.721	0.0950783	426.204	523.363	9.42053	0.0570439	16.9008	10.6474	22.6171	76.1477	255	0	0	13.0749	2.03649	2.35012	13.2	99.7073	0	0	34649.2	43918.2	50303.7	53111	0	0	0	0	0	0	 10
DATA	14:01:17:000	2023-12-09	609510	13.2052	581.029	0.0951133	426.496	522.238	9.40028	0.0569535	16.867	10.6157	22.6293	76.1391	255	0	0	13.0735	2.03664	2.34987	13.2	99.6898	0	0	34642	43909	50296.2	53103.2	0	0	0	0	0	0	153
DATA	14:01:18:000	2023-12-09	609810	13.2098	581.231	0.0951409	426.641	525.474	9.45853	0.0572084	16.9714	10.7091	22.6436	76.1434	255	0	0	13.0735	2.03643	2.35136	13.2	99.6952	0	0	34638.7	43913.5	50298	53108.3	0	0	0	0	0	0	 43
DATA	14:01:19:000	2023-12-09	610110	13.2238	581.847	0.0952176	427.155	525.725	9.46305	0.0572277	16.982	10.717	22.6581	76.1361	255	0	0	13.0735	2.03653	2.34937	13.2	99.6944	0	0	34641.8	43912.1	50278.4	53105.2	0	0	0	0	0	0	 29
DATA	14:01:20:000	2023-12-09	610410	13.2233	581.825	0.0952105	427.172	523.221	9.41798	0.0570286	16.9024	10.6461	22.6723	76.1339	255	0	0	13.0735	2.03637	2.35012	13.2	99.6933	0	0	34643	43913.3	50290	53107.7	0	0	0	0	0	0	148
DATA	14:01:21:000	2023-12-09	610710	13.2046	581.002	0.0951135	426.558	531.241	9.56234	0.0576596	17.1611	10.8753	22.6852	76.139	255	0	0	13.0735	2.03641	2.34987	13.2	99.693	0	0	34644.1	43912.7	50260.7	53104.7	0	0	0	0	0	0	  7
DATA	14:01:22:000	2023-12-09	611010	13.2134	581.39	0.0951592	426.849	530.456	9.54821	0.0575964	17.136	10.8537	22.6969	76.1408	255	0	0	13.0735	2.0363	2.35099	13.2	99.6872	0	0	34640.2	43911.3	50254.4	53102.4	0	0	0	0	0	0	228
DATA	14:01:23:000	2023-12-09	611310	13.207	581.108	0.0951235	426.694	532.65	9.5877	0.0577668	17.2089	10.9163	22.7083	76.1345	255	0	0	13.0742	2.03603	2.34987	13.2	99.6782	0	0	34643.1	43910.1	50248.3	53102.5	0	0	0	0	0	0	226
DATA	14:01:24:000	2023-12-09	611610	13.2022	580.897	0.0950954	426.566	533.874	9.60973	0.0578609	17.2496	10.9515	22.721	76.133	255	0	0	13.0735	2.03647	2.35074	13.2	99.6874	0	0	34641.3	43909.6	50241.9	53100.5	0	0	0	0	0	0	 40
DATA	14:01:25:000	2023-12-09	611910	13.2162	581.513	0.0951749	427.032	534.123	9.61421	0.0578823	17.2582	10.9591	22.7329	76.1336	255	0	0	13.0742	2.03598	2.34912	13.2	99.6814	0	0	34642.9	43912	50239.9	53105.6	0	0	0	0	0	0	 26
DATA	14:01:26:000	2023-12-09	612210	13.2058	581.055	0.0951149	426.732	537.447	9.67405	0.0581381	17.367	11.0531	22.7446	76.1302	255	0	0	13.0735	2.03635	2.35136	13.2	99.6935	0	0	34644.8	43913.5	50235.2	53105.4	0	0	0	0	0	0	 54
DATA	14:01:27:000	2023-12-09	612510	13.2184	581.61	0.0951868	427.153	538.568	9.69422	0.058227	17.4039	11.0851	22.7559	76.1305	255	0	0	13.0742	2.03614	2.35024	13.2	99.6788	0	0	34639.4	43909.3	50223.1	53101.3	0	0	0	0	0	0	 21
DATA	14:01:28:000	2023-12-09	612810	13.2214	581.742	0.0951973	427.322	541.026	9.73847	0.0584129	17.4862	11.1542	22.767	76.1206	255	0	0	13.0735	2.03595	2.34949	13.2	99.6742	0	0	34638.8	43909.2	50209.4	53099.2	0	0	0	0	0	0	 97
DATA	14:01:29:000	2023-12-09	613110	13.2173	581.561	0.0951783	427.119	544.903	9.80825	0.058715	17.6086	11.2623	22.7745	76.135	255	0	0	13.0742	2.03609	2.35074	13.2	99.671	0	0	34635.7	43906.3	50200.2	53096.3	0	0	0	0	0	0	220
DATA	14:01:30:000	2023-12-09	613410	13.2215	581.746	0.0952022	427.274	547.252	9.85054	0.0588967	17.6853	11.3278	22.7857	76.1346	255	0	0	13.0735	2.03606	2.35174	13.2	99.6718	0	0	34637.7	43907	50181.6	53096.2	0	0	0	0	0	0	 53
DATA	14:01:31:000	2023-12-09	613710	13.2228	581.803	0.0952116	427.329	549.933	9.89879	0.0591049	17.7725	11.4021	22.7966	76.135	255	0	0	13.0735	2.0361	2.35161	13.2	99.6664	0	0	34634.5	43904.2	50169.1	53092	0	0	0	0	0	0	194
DATA	14:01:32:000	2023-12-09	614010	13.2192	581.645	0.0951946	427.195	550.509	9.90916	0.0591512	17.7904	11.4185	22.8077	76.1411	255	0	0	13.0742	2.03608	2.35161	13.2	99.6662	0	0	34635	43904.3	50166.5	53092.7	0	0	0	0	0	0	 24
DATA	14:01:33:000	2023-12-09	614310	13.2315	582.186	0.0952651	427.545	559.735	10.0752	0.0598603	18.0865	11.6703	22.8185	76.1522	255	0	0	13.0742	2.03594	2.35174	13.2	99.664	0	0	34631.9	43904.8	50125.3	53090.4	0	0	0	0	0	0	 67
DATA	14:01:34:000	2023-12-09	614610	13.2358	582.375	0.0952908	427.72	561.416	10.1055	0.0599901	18.1424	11.7163	22.8293	76.1487	255	0	0	13.0728	2.03595	2.35149	13.2	99.6632	0	0	34630.2	43904.3	50114.6	53089.4	0	0	0	0	0	0	 73
DATA	14:01:35:000	2023-12-09	614910	13.2647	583.647	0.0954492	428.676	577.781	10.4001	0.0612314	18.6722	12.1526	22.8404	76.1475	255	0	0	13.0735	2.03596	2.35299	13.2	99.6644	0	0	34626.5	43904.8	50059.6	53085.2	0	0	0	0	0	0	148
DATA	14:01:36:000	2023-12-09	615210	13.2144	581.434	0.0951728	427.046	570.537	10.2697	0.0606839	18.4379	11.9615	22.8491	76.1506	255	0	0	13.0742	2.03618	2.35311	13.2	99.6656	0	0	34635.1	43903.1	50076.8	53084.9	0	0	0	0	0	0	131
DATA	14:01:37:000	2023-12-09	615510	13.1823	580.021	0.0950035	425.991	605.929	10.9067	0.0633433	19.5808	12.8783	22.8589	76.1563	255	0	0	13.0742	2.03577	2.35249	13.2	99.655	0	0	34638.1	43902.6	49952.8	53078.4	0	0	0	0	0	0	109
DATA	14:01:38:000	2023-12-09	615810	13.2218	581.759	0.0952131	427.306	577.664	10.398	0.061223	18.6691	12.151	22.8698	76.1521	255	0	0	13.0735	2.03621	2.35211	13.2	99.6652	0	0	34632.3	43902.5	50050.3	53084	0	0	0	0	0	0	106
DATA	14:01:39:000	2023-12-09	616110	13.2388	582.507	0.0953046	427.907	575.487	10.3588	0.0610567	18.601	12.0942	22.8808	76.1459	255	0	0	13.0728	2.03593	2.35286	13.2	99.6628	0	0	34630.8	43904.4	50055.9	53085.8	0	0	0	0	0	0	109
DATA	14:01:40:000	2023-12-09	616410	13.2218	581.759	0.0952125	427.418	580.61	10.451	0.0614443	18.7692	12.2294	22.8912	76.1378	255	0	0	13.0728	2.03569	2.35249	13.2	99.653	0	0	34634.4	43902.6	49999.3	53081.8	0	0	0	0	0	0	249
DATA	14:01:41:000	2023-12-09	616710	13.2143	581.429	0.0951654	427.243	581.983	10.4757	0.0615434	18.8166	12.2659	22.9021	76.1286	255	0	0	13.0728	2.03585	2.35336	13.2	99.6593	0	0	34635.9	43903.6	50019.8	53083.3	0	0	0	0	0	0	142
DATA	14:01:42:000	2023-12-09	617010	13.2056	581.046	0.0951185	426.976	584.517	10.5213	0.0617348	18.8992	12.3325	22.9122	76.1286	255	0	0	13.0728	2.03573	2.35249	13.2	99.6542	0	0	34634.8	43902.6	50015.9	53082.4	0	0	0	0	0	0	124
DATA	14:01:43:000	2023-12-09	617310	13.2007	580.831	0.0950857	426.968	584.904	10.5283	0.0617592	18.9183	12.3431	22.9228	76.1045	255	0	0	13.0721	2.03595	2.35398	13.2	99.6603	0	0	34637.6	43903.1	50057.4	53085.7	0	0	0	0	0	0	134
DATA	14:01:44:000	2023-12-09	617610	13.2056	581.046	0.095098	427.391	583.709	10.5068	0.0616578	18.8914	12.3124	22.9308	76.0595	255	0	0	13.0735	2.03577	2.35336	13.2	99.6571	0	0	34636.2	43903.5	50022.5	53083.6	0	0	0	0	0	0	 85
DATA	14:01:45:000	2023-12-09	617910	13.2265	581.966	0.0952248	427.882	581.483	10.4667	0.0614996	18.8112	12.2548	22.9413	76.0951	255	0	0	13.0742	2.03585	2.35348	13.2	99.6565	0	0	34635.3	43902.4	50003.8	53081.2	0	0	0	0	0	0	146
DATA	14:01:46:000	2023-12-09	618210	13.1992	580.765	0.0950828	426.852	590.454	10.6282	0.0621797	19.0948	12.4884	22.9518	76.124	255	0	0	13.0735	2.03581	2.35386	13.2	99.6471	0	0	34633.1	43898.7	49976.1	53075.4	0	0	0	0	0	0	130
DATA	14:01:47:000	2023-12-09	618510	13.2032	580.941	0.0951112	426.916	589.045	10.6028	0.062079	19.0463	12.4525	22.9615	76.1381	255	0	0	13.0742	2.03563	2.35311	13.2	99.6227	0	0	34625.7	43889.8	49980.8	53067.9	0	0	0	0	0	0	 87
DATA	14:01:48:000	2023-12-09	618810	13.205	581.02	0.0951174	427.032	592.434	10.6638	0.06233	19.1585	12.5404	22.9721	76.1306	255	0	0	13.0735	2.03593	2.35361	13.2	99.6184	0	0	34623.9	43884.8	49962.2	53062.4	0	0	0	0	0	0	172
DATA	14:01:49:000	2023-12-09	619110	13.1917	580.435	0.0950481	426.56	593.194	10.6775	0.0623897	19.1812	12.5605	22.9824	76.1407	255	0	0	13.0735	2.03556	2.35398	13.2	99.6206	0	0	34626.2	43889.6	49969.8	53068.1	0	0	0	0	0	0	128
DATA	14:01:50:000	2023-12-09	619410	13.1686	579.418	0.0949223	425.853	624.539	11.2417	0.0647105	20.1967	13.3482	22.9918	76.1359	255	0	0	13.0735	2.03572	2.35448	13.2	99.5949	0	0	34623.9	43876.6	49823.8	53049.3	0	0	0	0	0	0	177
DATA	14:01:51:000	2023-12-09	619710	13.1499	578.596	0.0948162	425.236	612.497	11.0249	0.0638225	19.8067	13.0504	22.9997	76.1402	255	0	0	13.0735	2.03591	2.35523	13.2	99.6149	0	0	34632.8	43883.5	49878.5	53056.4	0	0	0	0	0	0	173
DATA	14:01:52:000	2023-12-09	620010	13.1811	579.968	0.0949895	426.23	599.51	10.7912	0.062861	19.386	12.7233	23.0081	76.1449	255	0	0	13.0735	2.03577	2.35348	13.2	99.6036	0	0	34624.1	43879.9	49925	53055.9	0	0	0	0	0	0	117
DATA	14:01:53:000	2023-12-09	620310	13.1555	578.842	0.0948492	425.409	612.246	11.0204	0.0638055	19.7982	13.045	23.0175	76.1462	255	0	0	13.0735	2.0357	2.35361	13.2	99.6051	0	0	34635.3	43881.4	49829.7	53051.9	0	0	0	0	0	0	 19
DATA	14:01:54:000	2023-12-09	620610	13.1616	579.11	0.0948831	425.616	610.716	10.9929	0.0636929	19.7491	13.0072	23.0269	76.1469	255	0	0	13.0735	2.03571	2.35398	13.2	99.6042	0	0	34627.6	43880.8	49886.7	53054.7	0	0	0	0	0	0	113
DATA	14:01:55:000	2023-12-09	620910	13.1659	579.3	0.0949075	425.777	609.112	10.964	0.0635749	19.6983	12.9675	23.0363	76.1454	255	0	0	13.0735	2.03566	2.35511	13.2	99.6069	0	0	34629.6	43882.5	49884.2	53057.1	0	0	0	0	0	0	 27
DATA	14:01:56:000	2023-12-09	621210	13.1608	579.075	0.0948808	425.603	609.921	10.9786	0.0636359	19.724	12.9883	23.0458	76.1494	255	0	0	13.0728	2.0359	2.35498	13.2	99.6066	0	0	34628.4	43879.9	49882.1	53053	0	0	0	0	0	0	249
DATA	14:01:57:000	2023-12-09	621510	13.1591	579	0.0948744	425.552	613.094	11.0357	0.0638725	19.8268	13.0681	23.0549	76.151	255	0	0	13.0735	2.03561	2.35411	13.2	99.5973	0	0	34627.3	43878.8	49868.7	53051.9	0	0	0	0	0	0	166
DATA	14:01:58:000	2023-12-09	621810	13.1446	578.362	0.0947917	425.103	612.809	11.0306	0.0638494	19.8186	13.0615	23.0642	76.1498	255	0	0	13.0742	2.03564	2.35486	13.2	99.5937	0	0	34629.8	43876.9	49852.1	53047.8	0	0	0	0	0	0	169
DATA	14:01:59:000	2023-12-09	622110	13.1441	578.34	0.094791	425.078	613.671	11.0461	0.0639147	19.846	13.0835	23.0732	76.1537	255	0	0	13.0742	2.03563	2.3556	13.2	99.599	0	0	34628.7	43879.4	49866.5	53051.7	0	0	0	0	0	0	154
DATA	14:02:00:000	2023-12-09	622410	13.1513	578.657	0.0948275	425.364	616.152	11.0907	0.064095	19.9288	13.1457	23.0825	76.1466	255	0	0	13.0721	2.03581	2.35573	13.2	99.5916	0	0	34627	43874.2	49854.2	53046.8	0	0	0	0	0	0	249
DATA	14:02:01:000	2023-12-09	622710	13.1341	577.9	0.0947336	424.807	617.339	11.1121	0.0641832	19.9671	13.1756	23.0912	76.1489	255	0	0	13.0735	2.0359	2.35573	13.2	99.5922	0	0	34627.2	43873.6	49847.4	53045.2	0	0	0	0	0	0	239
DATA	14:02:02:000	2023-12-09	623010	13.1317	577.795	0.0947208	424.753	616.685	11.1003	0.0641352	19.9471	13.1598	23.0997	76.1469	255	0	0	13.0728	2.03564	2.35548	13.2	99.5789	0	0	34626.2	43870.4	49844.3	53043	0	0	0	0	0	0	 55
DATA	14:02:03:000	2023-12-09	623310	13.1247	577.487	0.0946834	424.517	618.044	11.1248	0.0642366	19.9906	13.194	23.1085	76.1509	255	0	0	13.0735	2.03581	2.35498	13.2	99.5854	0	0	34628.7	43871.5	49843.4	53044	0	0	0	0	0	0	  3
DATA	14:02:04:000	2023-12-09	623610	13.1217	577.355	0.0946636	424.458	620.118	11.1621	0.0643865	20.0595	13.2457	23.1166	76.1461	255	0	0	13.0735	2.03537	2.35698	13.2	99.5649	0	0	34625	43867	49834.9	53037.7	0	0	0	0	0	0	204
DATA	14:02:05:000	2023-12-09	623910	13.1277	577.619	0.0946959	424.689	618.311	11.1296	0.0642527	20.0027	13.2015	23.1253	76.1418	255	0	0	13.0728	2.03573	2.35685	13.2	99.5791	0	0	34627.8	43869.6	49835.4	53041	0	0	0	0	0	0	 50
DATA	14:02:06:000	2023-12-09	624210	13.1104	576.858	0.0946037	424.101	624.854	11.2474	0.0647361	20.213	13.3633	23.1336	76.1491	255	0	0	13.0735	2.03552	2.35723	13.2	99.5764	0	0	34629.5	43870.5	49811.1	53038.9	0	0	0	0	0	0	 50
DATA	14:02:07:000	2023-12-09	624510	13.1147	577.047	0.0946268	424.251	625.911	11.2664	0.0648127	20.2478	13.3896	23.1418	76.1492	255	0	0	13.0735	2.03559	2.35685	13.2	99.5726	0	0	34628.4	43868.2	49805	53036.9	0	0	0	0	0	0	 57
DATA	14:02:08:000	2023-12-09	624810	13.109	576.796	0.0945972	424.065	629.519	11.3313	0.0650781	20.3644	13.4783	23.1506	76.1518	255	0	0	13.0735	2.03562	2.35598	13.2	99.5727	0	0	34630.3	43867.9	49782.6	53036.1	0	0	0	0	0	0	104
DATA	14:02:09:000	2023-12-09	625110	13.0971	576.272	0.0945301	423.692	631.851	11.3733	0.0652473	20.4404	13.5353	23.1558	76.1509	255	0	0	13.0735	2.03575	2.3571	13.2	99.5784	0	0	34634.5	43869	49760.6	53034.8	0	0	0	0	0	0	235
DATA	14:02:10:000	2023-12-09	625410	13.108	576.752	0.0945925	424.032	632.083	11.3775	0.065266	20.4473	13.5414	23.1642	76.1553	255	0	0	13.0728	2.03563	2.35685	13.2	99.5701	0	0	34630.2	43866.7	49774.1	53034.9	0	0	0	0	0	0	 12
DATA	14:02:11:000	2023-12-09	625710	13.0958	576.215	0.0945248	423.676	633.422	11.4016	0.0653634	20.4925	13.5743	23.1727	76.1505	255	0	0	13.0735	2.03561	2.35635	13.2	99.569	0	0	34629.2	43866.4	49766.2	53033.1	0	0	0	0	0	0	 75
DATA	14:02:12:000	2023-12-09	626010	13.0961	576.228	0.0945267	423.728	635.369	11.4366	0.0655058	20.5575	13.622	23.1814	76.1452	255	0	0	13.0735	2.03566	2.35785	13.2	99.5748	0	0	34631.5	43868.3	49769.1	53035.9	0	0	0	0	0	0	104
DATA	14:02:13:000	2023-12-09	626310	13.0906	575.986	0.0944975	423.553	635.326	11.4359	0.0655033	20.5563	13.6214	23.1905	76.147	255	0	0	13.0721	2.03574	2.35822	13.2	99.5783	0	0	34633.8	43869.1	49764.6	53035	0	0	0	0	0	0	249
DATA	14:02:14:000	2023-12-09	626610	13.0849	575.736	0.0944652	423.351	637.483	11.4747	0.0656596	20.6252	13.6739	23.199	76.1524	255	0	0	13.0728	2.03596	2.3576	13.2	99.5812	0	0	34632.6	43868.1	49759.8	53033.9	0	0	0	0	0	0	 78
DATA	14:02:15:000	2023-12-09	626910	13.0795	575.498	0.0944342	423.234	641.836	11.553	0.0659749	20.7689	13.7791	23.2079	76.1442	255	0	0	13.0735	2.03563	2.3571	13.2	99.5672	0	0	34634.1	43865.3	49733.1	53028.6	0	0	0	0	0	0	 59
DATA	14:02:16:000	2023-12-09	627210	13.0652	574.869	0.0943516	422.798	644.066	11.5932	0.0661334	20.8424	13.8329	23.2162	76.1416	255	0	0	13.0735	2.03578	2.35772	13.2	99.5719	0	0	34636	43865.8	49728.9	53029.4	0	0	0	0	0	0	 65
DATA	14:02:17:000	2023-12-09	627510	13.075	575.3	0.0944104	423.077	641.01	11.5382	0.065916	20.7416	13.7601	23.2249	76.1507	255	0	0	13.0728	2.03583	2.3576	13.2	99.5752	0	0	34634.1	43866.8	49740	53032.8	0	0	0	0	0	0	221
DATA	14:02:18:000	2023-12-09	627810	13.0741	575.26	0.0943998	423.147	643.478	11.5826	0.06609	20.8264	13.8195	23.2301	76.1341	255	0	0	13.0728	2.0359	2.3576	13.2	99.5781	0	0	34635.5	43867.4	49730.1	53030.8	0	0	0	0	0	0	147
DATA	14:02:19:000	2023-12-09	628110	13.064	574.816	0.094346	422.79	645.143	11.6126	0.0662122	20.8788	13.8598	23.2385	76.1417	255	0	0	13.0735	2.03559	2.35872	13.2	99.5683	0	0	34636.2	43866.3	49721	53029.4	0	0	0	0	0	0	159
DATA	14:02:20:000	2023-12-09	628410	13.0732	575.221	0.094394	423.14	645.322	11.6158	0.0662228	20.8871	13.8645	23.2472	76.1345	255	0	0	13.0721	2.03596	2.35723	13.2	99.5668	0	0	34632.8	43861.8	49714.5	53025	0	0	0	0	0	0	177
DATA	14:02:21:000	2023-12-09	628710	13.0722	575.177	0.0943926	423.066	643.803	11.5885	0.0661165	20.8359	13.8286	23.2553	76.1441	255	0	0	13.0735	2.03594	2.35835	13.2	99.5668	0	0	34633.3	43862	49720.1	53024.8	0	0	0	0	0	0	 43
DATA	14:02:22:000	2023-12-09	629010	13.0783	575.445	0.094421	423.315	638.214	11.4879	0.0657062	20.6576	13.6949	23.263	76.1368	255	0	0	13.0728	2.03583	2.35947	13.2	99.5579	0	0	34629.8	43859.2	49733.5	53024.7	0	0	0	0	0	0	 65
DATA	14:02:23:000	2023-12-09	629310	13.0549	574.416	0.0942944	422.573	644.536	11.6016	0.0661675	20.863	13.847	23.2716	76.1362	255	0	0	13.0735	2.03588	2.35872	13.2	99.5581	0	0	34632.5	43858.7	49718.9	53021.4	0	0	0	0	0	0	 49
DATA	14:02:24:000	2023-12-09	629610	13.058	574.552	0.0943133	422.685	641.296	11.5433	0.065934	20.7586	13.7698	23.2797	76.1363	255	0	0	13.0728	2.03588	2.35897	13.2	99.5598	0	0	34632.2	43859.5	49735.2	53024.5	0	0	0	0	0	0	 81
DATA	14:02:25:000	2023-12-09	629910	13.0653	574.873	0.0943506	422.955	643.54	11.5837	0.0660942	20.8329	13.824	23.288	76.1323	255	0	0	13.0728	2.03582	2.36009	13.2	99.5558	0	0	34629.1	43858.4	49721.3	53022.2	0	0	0	0	0	0	245
DATA	14:02:26:000	2023-12-09	630210	13.061	574.684	0.094329	422.82	642.387	11.563	0.0660126	20.7958	13.7968	23.296	76.1336	255	0	0	13.0728	2.03588	2.35885	13.2	99.5593	0	0	34631.3	43859.3	49723	53022.2	0	0	0	0	0	0	 54
DATA	14:02:27:000	2023-12-09	630510	13.0534	574.35	0.0942863	422.581	645.767	11.6238	0.0662567	20.9056	13.8781	23.3042	76.1344	255	0	0	13.0735	2.0359	2.36009	13.2	99.5551	0	0	34632.1	43857.2	49707.5	53020.7	0	0	0	0	0	0	 21
DATA	14:02:28:000	2023-12-09	630810	13.0451	573.984	0.0942379	422.341	645.483	11.6187	0.0662341	20.8978	13.8716	23.3097	76.1307	255	0	0	13.0735	2.03555	2.35922	13.2	99.5422	0	0	34631.8	43855.2	49707.4	53017.9	0	0	0	0	0	0	146
DATA	14:02:29:000	2023-12-09	631110	13.0488	574.147	0.0942592	422.442	646.211	11.6318	0.0662873	20.9204	13.8894	23.3185	76.1364	255	0	0	13.0735	2.03583	2.36109	13.2	99.5504	0	0	34630.4	43855.9	49705.2	53017.2	0	0	0	0	0	0	120
DATA	14:02:30:000	2023-12-09	631410	13.0468	574.059	0.0942497	422.412	646.326	11.6339	0.0662968	20.9259	13.8926	23.3268	76.1323	255	0	0	13.0735	2.03602	2.35959	13.2	99.5544	0	0	34632.4	43855.7	49704.9	53019.7	0	0	0	0	0	0	155
DATA	14:02:31:000	2023-12-09	631710	13.0374	573.646	0.0941969	422.114	648.45	11.6721	0.0664499	20.995	13.9435	23.3347	76.1331	255	0	0	13.0728	2.03582	2.36059	13.2	99.5529	0	0	34633.8	43857	49702	53018.5	0	0	0	0	0	0	107
DATA	14:02:32:000	2023-12-09	632010	13.038	573.672	0.0941996	422.15	649.216	11.6859	0.0665045	21.0206	13.9621	23.3423	76.132	255	0	0	13.0735	2.03579	2.36122	13.2	99.5491	0	0	34634.4	43855.7	49689.4	53017	0	0	0	0	0	0	128
DATA	14:02:33:000	2023-12-09	632310	13.0453	573.993	0.0942412	422.434	647.834	11.661	0.0664057	20.9782	13.9297	23.3504	76.1255	255	0	0	13.0735	2.03616	2.35997	13.2	99.5564	0	0	34631.6	43855.1	49687.9	53016.6	0	0	0	0	0	0	 99
DATA	14:02:34:000	2023-12-09	632610	13.0329	573.448	0.0941708	422.039	645.882	11.6259	0.0662633	20.9153	13.8836	23.358	76.1264	255	0	0	13.0728	2.03573	2.36097	13.2	99.5419	0	0	34632	43853.1	49699.6	53015	0	0	0	0	0	0	159
DATA	14:02:35:000	2023-12-09	632910	13.0303	573.333	0.0941584	421.952	650.117	11.7021	0.066571	21.0523	13.9847	23.3659	76.1289	255	0	0	13.0735	2.03581	2.36134	13.2	99.5371	0	0	34632.4	43850.3	49689.8	53011.7	0	0	0	0	0	0	 62
DATA	14:02:36:000	2023-12-09	633210	13.0305	573.342	0.0941595	421.995	649.317	11.6877	0.0665131	21.0282	13.9661	23.3733	76.1242	255	0	0	13.0728	2.03583	2.36072	13.2	99.5422	0	0	34634.7	43852.3	49688.7	53013	0	0	0	0	0	0	 27
DATA	14:02:37:000	2023-12-09	633510	13.072	575.168	0.0943864	423.344	632.523	11.3854	0.0652919	20.4846	13.5633	23.3811	76.1253	255	0	0	13.0735	2.03582	2.36034	13.2	99.5372	0	0	34631.1	43850.2	49709.7	53008.8	0	0	0	0	0	0	 66
DATA	14:02:38:000	2023-12-09	633810	13.0474	574.086	0.0942492	422.571	644.304	11.5975	0.0661472	20.8673	13.8474	23.3858	76.1222	255	0	0	13.0735	2.03585	2.36097	13.2	99.5392	0	0	34631.3	43850.8	49703.4	53013	0	0	0	0	0	0	 41
DATA	14:02:39:000	2023-12-09	634110	13.0377	573.659	0.0941939	422.257	635.764	11.4438	0.0655259	20.5908	13.6425	23.3939	76.1242	255	0	0	13.0728	2.03585	2.36072	13.2	99.5428	0	0	34632	43852.3	49741.1	53015.6	0	0	0	0	0	0	 49
DATA	14:02:40:000	2023-12-09	634410	13.0256	573.126	0.094129	421.884	639.033	11.5026	0.0657659	20.6975	13.7218	23.4014	76.1228	255	0	0	13.0728	2.03618	2.36134	13.2	99.5544	0	0	34634.9	43854.1	49750.6	53018.8	0	0	0	0	0	0	 74
DATA	14:02:41:000	2023-12-09	634710	13.0367	573.615	0.0941895	422.26	639.186	11.5053	0.0657761	20.7033	13.7258	23.4087	76.1217	255	0	0	13.0728	2.03599	2.36147	13.2	99.5452	0	0	34633.2	43852	49733.4	53015.3	0	0	0	0	0	0	237
DATA	14:02:42:000	2023-12-09	635010	13.0242	573.065	0.0941221	421.877	642.583	11.5665	0.0660238	20.8144	13.8078	23.4161	76.1196	255	0	0	13.0735	2.03575	2.36246	13.2	99.5336	0	0	34630.8	43849.3	49723.9	53012.5	0	0	0	0	0	0	114
DATA	14:02:43:000	2023-12-09	635310	13.0381	573.676	0.0941938	422.342	635.3	11.4354	0.0654904	20.5792	13.6328	23.4233	76.1189	255	0	0	13.0728	2.03604	2.36346	13.2	99.5446	0	0	34630.6	43851.2	49764.8	53017.3	0	0	0	0	0	0	 22
DATA	14:02:44:000	2023-12-09	635610	13.039	573.716	0.0942045	422.323	630.375	11.3468	0.0651364	20.4173	13.5136	23.4296	76.1292	255	0	0	13.0721	2.03609	2.36184	13.2	99.5427	0	0	34626.4	43849.8	49756.7	53014.4	0	0	0	0	0	0	 70
DATA	14:02:45:000	2023-12-09	635910	13.0315	573.386	0.0941637	422.076	639.289	11.5072	0.0657859	20.7059	13.7297	23.4357	76.1314	255	0	0	13.0735	2.03618	2.36271	13.2	99.5442	0	0	34635.4	43849.5	49711.4	53011.8	0	0	0	0	0	0	148
