Model:	 LI-7500
SN:	75D-4923
Timestamp:	Dec 9 2023 at 5:39:12
DATAH	Time	Date	Sequence Number	CO2 (mmol/m^3)	CO2 (mg/m^3)	CO2 Absorptance	CO2 (umol/mol)	H2O (mmol/m^3)	H2O (g/m^3)	H2O Absorptance	H2O (mmol/mol)	Dew Point (C)	Temperature (C)	Pressure (kPa)	Diagnostic Value	Diagnostic Value 2	Diagnostic Word	DSI Vin (v)	Cooler Voltage (v)	Chopper Cooler Voltage (v)	Smart Flux Vin (v)	CO2 Signal Strength	Integral	Peak Height	CO2 Sample	CO2 Reference	H2O Sample	H2O Reference	CH4 Seconds	CH4 Nano Seconds	CH4 (umol/mol)	CH4 (mmol/m^3)	CH4 Signal Strength (RSSI)	CH4 Diagnostic Value	CHK
DATA	13:39:10:000	2023-12-09	211410	13.3236	586.238	0.095763	430.061	418.102	7.52584	0.0484495	13.4955	7.31756	22.5469	76.1638	255	0	0	13.0811	2.03511	2.347	13.2	99.9026	0	0	34702.4	44018.4	50907.4	53261.1	0	0	0	0	0	0	215
DATA	13:39:11:000	2023-12-09	211710	13.3378	586.863	0.0958425	430.504	430.487	7.74877	0.0495001	13.8948	7.74553	22.5578	76.1692	255	0	0	13.0804	2.03524	2.34663	13.2	99.901	0	0	34700.4	44016.5	50907.1	53258.6	0	0	0	0	0	0	100
DATA	13:39:12:000	2023-12-09	212010	13.3256	586.326	0.0957737	430.13	421.424	7.58563	0.0487318	13.6029	7.43444	22.5701	76.169	255	0	0	13.0804	2.0355	2.34725	13.2	99.9063	0	0	34700.6	44016.1	50891	53258	0	0	0	0	0	0	 21
DATA	13:39:13:000	2023-12-09	212310	13.3494	587.374	0.0959071	430.9	445.337	8.01607	0.0507442	14.3748	8.24518	22.5821	76.1718	255	0	0	13.0811	2.03541	2.34725	13.2	99.9042	0	0	34695.3	44016.1	50780.7	53251.4	0	0	0	0	0	0	 17
DATA	13:39:14:000	2023-12-09	212610	13.3681	588.196	0.0960156	431.479	461.648	8.30966	0.0520967	14.9005	8.77665	22.5944	76.1793	255	0	0	13.0811	2.0352	2.34688	13.2	99.895	0	0	34690.4	44014.2	50699.1	53245.7	0	0	0	0	0	0	 78
DATA	13:39:15:000	2023-12-09	212910	13.3456	587.206	0.0958874	430.81	441.463	7.94633	0.0504219	14.2509	8.11786	22.6079	76.1726	255	0	0	13.0818	2.03535	2.34663	13.2	99.8976	0	0	34694.5	44013.8	50791	53249.9	0	0	0	0	0	0	 26
DATA	13:39:16:000	2023-12-09	213210	13.3481	587.316	0.0958998	430.89	446.41	8.03538	0.0508336	14.4106	8.28255	22.6209	76.1761	255	0	0	13.0811	2.03549	2.3465	13.2	99.9029	0	0	34693.3	44014.7	50759.8	53249.4	0	0	0	0	0	0	  6
DATA	13:39:17:000	2023-12-09	213510	13.3586	587.778	0.0959621	431.257	452.833	8.15099	0.0513691	14.6189	8.4937	22.6316	76.1738	255	0	0	13.0804	2.0351	2.34588	13.2	99.8942	0	0	34691.4	44014.9	50720.7	53247.9	0	0	0	0	0	0	 80
DATA	13:39:18:000	2023-12-09	213810	13.3941	589.34	0.0961582	432.407	477.006	8.58611	0.0533506	15.3994	9.26414	22.6452	76.1767	255	0	0	13.0811	2.03539	2.34762	13.2	99.8988	0	0	34685.2	44013.9	50665.2	53243.8	0	0	0	0	0	0	115
DATA	13:39:19:000	2023-12-09	214110	13.3713	588.337	0.0960295	431.692	463.123	8.33621	0.0522154	14.9519	8.82709	22.6595	76.1766	255	0	0	13.0811	2.03529	2.347	13.2	99.8923	0	0	34687.4	44012.1	50694.7	53242.4	0	0	0	0	0	0	 45
DATA	13:39:20:000	2023-12-09	214410	13.4055	589.842	0.0962218	432.825	471.717	8.49091	0.0529211	15.2304	9.10013	22.6736	76.1752	255	0	0	13.0804	2.03527	2.34837	13.2	99.8957	0	0	34687.7	44013.8	50681.5	53244.6	0	0	0	0	0	0	136
DATA	13:39:21:000	2023-12-09	214710	13.4081	589.956	0.0962321	432.934	475.283	8.55509	0.0532088	15.3464	9.21256	22.6878	76.1744	255	0	0	13.0811	2.03534	2.3465	13.2	99.894	0	0	34680.2	44012.3	50627.3	53239.2	0	0	0	0	0	0	 42
DATA	13:39:22:000	2023-12-09	215010	13.402	589.688	0.0961991	432.765	475.032	8.55058	0.0531887	15.3393	9.2053	22.6993	76.1724	255	0	0	13.0804	2.03535	2.34713	13.2	99.8981	0	0	34683	44014	50634.3	53242.5	0	0	0	0	0	0	105
DATA	13:39:23:000	2023-12-09	215310	13.4004	589.618	0.096194	432.708	476.316	8.57369	0.0532953	15.3806	9.24604	22.7127	76.1768	255	0	0	13.0811	2.03528	2.34688	13.2	99.8951	0	0	34681.1	44013.4	50610	53240.8	0	0	0	0	0	0	250
DATA	13:39:24:000	2023-12-09	215610	13.4098	590.031	0.0962446	433.076	483.148	8.69666	0.053848	15.6035	9.45839	22.7277	76.1694	255	0	0	13.0811	2.03535	2.34787	13.2	99.8957	0	0	34677.8	44012.9	50585.8	53237.7	0	0	0	0	0	0	150
DATA	13:39:25:000	2023-12-09	215910	13.4332	591.061	0.096373	433.841	489.739	8.8153	0.054379	15.8167	9.66074	22.7417	76.1714	255	0	0	13.0811	2.03506	2.34688	13.2	99.8866	0	0	34673.2	44011.9	50557.3	53235.4	0	0	0	0	0	0	 12
DATA	13:39:26:000	2023-12-09	216210	13.4476	591.694	0.0964504	434.332	495.829	8.92492	0.0548664	16.0144	9.84568	22.7563	76.1705	255	0	0	13.0811	2.03527	2.34787	13.2	99.8942	0	0	34673.7	44013.1	50548.7	53236.8	0	0	0	0	0	0	183
DATA	13:39:27:000	2023-12-09	216510	13.4389	591.312	0.0964039	434.067	496.705	8.94069	0.0549371	16.0432	9.87272	22.7704	76.1714	255	0	0	13.0811	2.03521	2.34887	13.2	99.894	0	0	34672.6	44013.7	50526.5	53234.8	0	0	0	0	0	0	110
DATA	13:39:28:000	2023-12-09	216810	13.4565	592.086	0.0964987	434.702	499.963	8.99933	0.055196	16.1509	9.97088	22.7819	76.1627	255	0	0	13.0804	2.03534	2.34737	13.2	99.8938	0	0	34671	44012.2	50518.4	53235.1	0	0	0	0	0	0	 54
DATA	13:39:29:000	2023-12-09	217110	13.4714	592.742	0.0965814	435.174	505.137	9.09247	0.0556086	16.3177	10.1254	22.7959	76.168	255	0	0	13.0811	2.0354	2.3485	13.2	99.8949	0	0	34664.7	44012.1	50495.8	53232.4	0	0	0	0	0	0	255
DATA	13:39:30:000	2023-12-09	217410	13.4747	592.887	0.0966038	435.25	505.769	9.10384	0.0556616	16.337	10.1448	22.8094	76.1767	255	0	0	13.0804	2.03554	2.347	13.2	99.8974	0	0	34665.2	44011.7	50488.9	53231.6	0	0	0	0	0	0	217
DATA	13:39:31:000	2023-12-09	217710	13.4758	592.935	0.0966097	435.334	510.137	9.18247	0.0560079	16.4799	10.2742	22.8242	76.1721	255	0	0	13.0811	2.03529	2.34862	13.2	99.8882	0	0	34662.3	44010.3	50428.5	53227.4	0	0	0	0	0	0	142
DATA	13:39:32:000	2023-12-09	218010	13.4962	593.833	0.0967158	436.03	513.142	9.23656	0.0562416	16.5784	10.3628	22.8387	76.1694	255	0	0	13.0811	2.03545	2.34825	13.2	99.8916	0	0	34658.8	44010.2	50449.8	53228.5	0	0	0	0	0	0	103
DATA	13:39:33:000	2023-12-09	218310	13.5065	594.286	0.0967763	436.362	514.453	9.26015	0.056348	16.6207	10.4016	22.8496	76.1723	255	0	0	13.0811	2.03535	2.34875	13.2	99.8874	0	0	34657.2	44009.3	50443.2	53227	0	0	0	0	0	0	245
DATA	13:39:34:000	2023-12-09	218610	13.5203	594.893	0.096851	436.823	518.885	9.33993	0.0566964	16.7645	10.5309	22.8628	76.173	255	0	0	13.0804	2.03516	2.34937	13.2	99.8832	0	0	34653.1	44009.4	50421.1	53225.3	0	0	0	0	0	0	 60
DATA	13:39:35:000	2023-12-09	218910	13.5551	596.424	0.0970412	437.962	525.445	9.45801	0.0572114	16.977	10.7201	22.8756	76.1738	255	0	0	13.0818	2.03508	2.34837	13.2	99.8874	0	0	34642.6	44012	50370.9	53223.8	0	0	0	0	0	0	  2
DATA	13:39:36:000	2023-12-09	219210	13.5395	595.738	0.0969558	437.487	523.474	9.42253	0.0570569	16.9144	10.6643	22.8891	76.1722	255	0	0	13.0811	2.03526	2.349	13.2	99.8865	0	0	34650.2	44009.8	50398.9	53224.3	0	0	0	0	0	0	 83
DATA	13:39:37:000	2023-12-09	219510	13.6059	598.66	0.0973177	439.658	536.098	9.64976	0.0580416	17.3233	11.0233	22.9024	76.1713	255	0	0	13.0811	2.03529	2.34912	13.2	99.8847	0	0	34633.5	44008.8	50330.8	53219.3	0	0	0	0	0	0	109
DATA	13:39:38:000	2023-12-09	219810	13.5754	597.318	0.0971532	438.685	535.945	9.64701	0.0580308	17.3189	11.0197	22.9155	76.1724	255	0	0	13.0811	2.03529	2.34962	13.2	99.8839	0	0	34638.4	44008.3	50344.4	53219.9	0	0	0	0	0	0	177
DATA	13:39:39:000	2023-12-09	220110	13.5737	597.243	0.0971464	438.605	536.473	9.65651	0.0580737	17.335	11.035	22.9253	76.1792	255	0	0	13.0818	2.03543	2.34999	13.2	99.8879	0	0	34644.2	44008.7	50346.6	53220.7	0	0	0	0	0	0	 64
DATA	13:39:40:000	2023-12-09	220410	13.5651	596.864	0.0970985	438.363	537.261	9.6707	0.0581341	17.3619	11.0578	22.9386	76.1765	255	0	0	13.0804	2.03509	2.349	13.2	99.8798	0	0	34642.2	44008.6	50343.4	53219.1	0	0	0	0	0	0	  7
DATA	13:39:41:000	2023-12-09	220710	13.6234	599.43	0.0974199	440.252	545.671	9.82208	0.0587875	17.6338	11.2926	22.9524	76.1792	255	0	0	13.0797	2.03519	2.35037	13.2	99.8798	0	0	34629	44007.6	50297.6	53217.2	0	0	0	0	0	0	 35
DATA	13:39:42:000	2023-12-09	221010	13.6281	599.636	0.0974414	440.466	548.592	9.87466	0.0590096	17.7307	11.3739	22.9659	76.1718	255	0	0	13.0797	2.03549	2.349	13.2	99.8884	0	0	34632.6	44008.3	50296	53217.5	0	0	0	0	0	0	248
DATA	13:39:43:000	2023-12-09	221310	13.6082	598.761	0.0973377	439.805	548.33	9.86994	0.0589926	17.7215	11.3673	22.9786	76.1782	255	0	0	13.0818	2.03537	2.34999	13.2	99.8842	0	0	34633.4	44007.7	50290.2	53215.8	0	0	0	0	0	0	151
DATA	13:39:44:000	2023-12-09	221610	13.6065	598.686	0.0973276	439.753	548.404	9.87127	0.0589977	17.7241	11.37	22.9905	76.1807	255	0	0	13.0811	2.0352	2.35049	13.2	99.8823	0	0	34635.7	44008.6	50293.7	53217.5	0	0	0	0	0	0	 27
DATA	13:39:45:000	2023-12-09	221910	13.5977	598.299	0.0972797	439.491	549.163	9.88493	0.0590564	17.7495	11.3913	23.0002	76.1794	255	0	0	13.0824	2.0353	2.35012	13.2	99.8863	0	0	34636.8	44009.3	50289.7	53218.1	0	0	0	0	0	0	141
DATA	13:39:46:000	2023-12-09	222210	13.6271	599.592	0.0974396	440.426	554.543	9.98177	0.0594697	17.9227	11.5392	23.0114	76.185	255	0	0	13.0818	2.03547	2.34987	13.2	99.8861	0	0	34627.1	44007.5	50260.5	53215.4	0	0	0	0	0	0	121
DATA	13:39:47:000	2023-12-09	222510	13.6707	601.511	0.0976748	441.91	556.754	10.0216	0.0596375	17.9973	11.6	23.0235	76.1751	255	0	0	13.0811	2.03544	2.35049	13.2	99.8804	0	0	34617.5	44005.3	50246.6	53211.8	0	0	0	0	0	0	168
DATA	13:39:48:000	2023-12-09	222810	13.6544	600.794	0.0975875	441.394	561.841	10.1131	0.0600272	18.1622	11.7382	23.0347	76.1761	255	0	0	13.0818	2.03552	2.35012	13.2	99.8884	0	0	34623.1	44008	50233.1	53211.7	0	0	0	0	0	0	249
DATA	13:39:49:000	2023-12-09	223110	13.6646	601.242	0.0976422	441.731	567.213	10.2098	0.0604359	18.3361	11.883	23.0471	76.1781	255	0	0	13.0824	2.03538	2.34987	13.2	99.8847	0	0	34622.5	44007.8	50220.4	53212.8	0	0	0	0	0	0	 64
DATA	13:39:50:000	2023-12-09	223410	13.7213	603.737	0.0979549	443.55	565.442	10.178	0.0603046	18.2783	11.8362	23.0589	76.1834	255	0	0	13.0818	2.03557	2.35012	13.2	99.8878	0	0	34617.4	44007.2	50211.8	53211.7	0	0	0	0	0	0	 21
DATA	13:39:51:000	2023-12-09	223710	13.6925	602.47	0.0977952	442.666	568.436	10.2318	0.0605297	18.377	11.9169	23.0706	76.1784	255	0	0	13.0818	2.03538	2.35087	13.2	99.8832	0	0	34615.9	44007.1	50199.9	53209.4	0	0	0	0	0	0	 65
DATA	13:39:52:000	2023-12-09	224010	13.6981	602.716	0.097827	442.863	569.212	10.2458	0.0605898	18.4028	11.9382	23.0822	76.1787	255	0	0	13.0811	2.03541	2.35136	13.2	99.8829	0	0	34616.2	44006.7	50196.8	53210.3	0	0	0	0	0	0	 81
DATA	13:39:53:000	2023-12-09	224310	13.7054	603.038	0.0978654	443.159	573.576	10.3244	0.0609195	18.5464	12.0546	23.0937	76.1713	255	0	0	13.0818	2.03562	2.35124	13.2	99.8906	0	0	34615.2	44007.9	50186.3	53210.6	0	0	0	0	0	0	121
DATA	13:39:54:000	2023-12-09	224610	13.7051	603.024	0.0978669	443.109	575.085	10.3515	0.0610361	18.5935	12.0951	23.1054	76.1812	255	0	0	13.0818	2.03551	2.35049	13.2	99.8865	0	0	34611.9	44007.3	50165.3	53208.2	0	0	0	0	0	0	102
DATA	13:39:55:000	2023-12-09	224910	13.7122	603.337	0.0979061	443.34	578.782	10.4181	0.061316	18.7131	12.1931	23.1166	76.1838	255	0	0	13.0811	2.03547	2.35124	13.2	99.8836	0	0	34612.4	44006.3	50157.1	53206.9	0	0	0	0	0	0	253
DATA	13:39:56:000	2023-12-09	225210	13.7147	603.447	0.0979186	443.462	581.198	10.4616	0.0614971	18.7929	12.257	23.1281	76.1797	255	0	0	13.0804	2.03559	2.35136	13.2	99.8855	0	0	34610.5	44006	50140.5	53205.1	0	0	0	0	0	0	242
DATA	13:39:57:000	2023-12-09	225510	13.7334	604.27	0.0980196	444.094	585.518	10.5393	0.0618217	18.9338	12.3702	23.1397	76.178	255	0	0	13.0811	2.03561	2.35087	13.2	99.8867	0	0	34608.4	44006.4	50125	53205.1	0	0	0	0	0	0	187
DATA	13:39:58:000	2023-12-09	225810	13.7223	603.781	0.0979602	443.722	583.708	10.5067	0.0616864	18.8747	12.3237	23.1507	76.1831	255	0	0	13.0804	2.03552	2.35112	13.2	99.8819	0	0	34609.3	44005.1	50134.7	53203.8	0	0	0	0	0	0	120
DATA	13:39:59:000	2023-12-09	226110	13.7142	603.425	0.0979171	443.491	579.173	10.4251	0.0613454	18.7294	12.2055	23.1598	76.1801	255	0	0	13.0804	2.03535	2.35199	13.2	99.877	0	0	34608.2	44004.7	50143.4	53203.8	0	0	0	0	0	0	 65
DATA	13:40:00:000	2023-12-09	226410	13.7275	604.01	0.0979882	443.946	587.43	10.5737	0.0619657	18.9974	12.4214	23.1699	76.1785	255	0	0	13.0804	2.03571	2.35112	13.2	99.8873	0	0	34608.4	44005.5	50118.9	53203.7	0	0	0	0	0	0	 41
DATA	13:40:01:000	2023-12-09	226710	13.7364	604.402	0.098035	444.245	588.207	10.5877	0.0620228	19.023	12.442	23.1801	76.1792	255	0	0	13.0811	2.03546	2.35311	13.2	99.8775	0	0	34605.7	44003.8	50110.2	53201	0	0	0	0	0	0	 70
DATA	13:40:02:000	2023-12-09	227010	13.7359	604.38	0.0980307	444.267	590.182	10.6233	0.0621698	19.0885	12.4936	23.1896	76.1751	255	0	0	13.0797	2.03543	2.35199	13.2	99.8737	0	0	34605.1	44002.4	50101.4	53199.5	0	0	0	0	0	0	 79
DATA	13:40:03:000	2023-12-09	227310	13.7588	605.387	0.0981582	445.024	592.76	10.6697	0.0623652	19.1726	12.5605	23.1996	76.1748	255	0	0	13.0804	2.03579	2.35161	13.2	99.879	0	0	34598.9	44001.1	50087.2	53197.7	0	0	0	0	0	0	 63
DATA	13:40:04:000	2023-12-09	227610	13.7455	604.802	0.0980888	444.605	592.761	10.6697	0.0623675	19.1731	12.561	23.2089	76.1753	255	0	0	13.0804	2.03556	2.35174	13.2	99.8784	0	0	34600.2	44003.2	50089.1	53199	0	0	0	0	0	0	239
DATA	13:40:05:000	2023-12-09	227910	13.7549	605.216	0.098138	444.872	595.545	10.7198	0.0625741	19.2616	12.6329	23.2187	76.1841	255	0	0	13.0811	2.03544	2.35124	13.2	99.8757	0	0	34600.3	44003.2	50076.4	53198.1	0	0	0	0	0	0	 73
DATA	13:40:06:000	2023-12-09	228210	13.7532	605.141	0.0981282	444.883	594.725	10.705	0.0625122	19.2379	12.6124	23.2272	76.1751	255	0	0	13.0811	2.03566	2.35186	13.2	99.8773	0	0	34598.3	44001.7	50069.6	53196.6	0	0	0	0	0	0	 69
DATA	13:40:07:000	2023-12-09	228510	13.7574	605.326	0.0981489	445.053	599.167	10.785	0.062842	19.3831	12.7262	23.2344	76.1711	255	0	0	13.0804	2.03576	2.35286	13.2	99.8789	0	0	34597.7	44001.3	50054.5	53195.6	0	0	0	0	0	0	 48
DATA	13:40:08:000	2023-12-09	228810	13.7844	606.514	0.0982995	445.898	607.977	10.9436	0.0634993	19.6669	12.9497	23.2436	76.1782	255	0	0	13.0811	2.03556	2.35274	13.2	99.8728	0	0	34596.3	44000.7	50043.5	53194.1	0	0	0	0	0	0	191
DATA	13:40:09:000	2023-12-09	229110	13.7589	605.392	0.0981622	445.086	602.188	10.8394	0.0630706	19.4802	12.804	23.254	76.1787	255	0	0	13.0804	2.03561	2.35311	13.2	99.8711	0	0	34595.8	43999.4	50042.3	53191	0	0	0	0	0	0	188
DATA	13:40:10:000	2023-12-09	229410	13.7637	605.603	0.0981888	445.246	605.785	10.9041	0.0633381	19.5967	12.8955	23.2641	76.1805	255	0	0	13.0811	2.03567	2.35398	13.2	99.8732	0	0	34596.8	43999.8	50031.2	53192.4	0	0	0	0	0	0	166
DATA	13:40:11:000	2023-12-09	229710	13.7606	605.466	0.098174	445.122	606.074	10.9093	0.0633609	19.605	12.9033	23.2739	76.1871	255	0	0	13.0811	2.0358	2.35311	13.2	99.8764	0	0	34595.9	43999.9	50027	53191.4	0	0	0	0	0	0	144
DATA	13:40:12:000	2023-12-09	230010	13.7605	605.462	0.0981707	445.182	606.39	10.915	0.063382	19.618	12.9118	23.2839	76.1789	255	0	0	13.0742	2.03557	2.35261	13.2	99.8695	0	0	34595	43999.1	50024.9	53190.1	0	0	0	0	0	0	 92
DATA	13:40:13:000	2023-12-09	230310	13.7707	605.911	0.0982263	445.518	611.443	11.006	0.0637562	19.7818	13.0392	23.2937	76.1804	255	0	0	13.0804	2.03594	2.35324	13.2	99.8774	0	0	34594.7	43998.8	50002.9	53189.5	0	0	0	0	0	0	 85
DATA	13:40:14:000	2023-12-09	230610	13.7548	605.211	0.0981401	444.983	610.041	10.9807	0.0636529	19.7355	13.0045	23.3026	76.1861	255	0	0	13.0804	2.03588	2.35473	13.2	99.8769	0	0	34595.7	43999.2	50008.4	53188.7	0	0	0	0	0	0	137
DATA	13:40:15:000	2023-12-09	230910	13.7576	605.334	0.0981547	445.138	609.194	10.9655	0.0635895	19.7109	12.9836	23.3089	76.1768	255	0	0	13.0797	2.03585	2.35436	13.2	99.8723	0	0	34594.3	43997.5	50002.9	53187.6	0	0	0	0	0	0	193
DATA	13:40:16:000	2023-12-09	231210	13.749	604.956	0.0981065	444.878	610.029	10.9805	0.0636503	19.7388	13.005	23.318	76.176	255	0	0	13.0811	2.03604	2.35361	13.2	99.8736	0	0	34595	43996.1	49992.4	53185.7	0	0	0	0	0	0	106
DATA	13:40:17:000	2023-12-09	231510	13.751	605.044	0.0981192	444.963	612.557	11.026	0.0638385	19.8215	13.0687	23.326	76.1746	255	0	0	13.0804	2.03589	2.35461	13.2	99.871	0	0	34595.2	43996.5	49997.7	53184.8	0	0	0	0	0	0	217
DATA	13:40:18:000	2023-12-09	231810	13.7629	605.568	0.098184	445.32	616.605	11.0989	0.0641369	19.9512	13.17	23.3342	76.1814	255	0	0	13.0804	2.03569	2.35361	13.2	99.8649	0	0	34593.8	43995.9	49979	53184	0	0	0	0	0	0	 40
DATA	13:40:19:000	2023-12-09	232110	13.7612	605.493	0.0981719	445.36	618.061	11.1251	0.0642418	20.0026	13.2065	23.3429	76.1675	255	0	0	13.0811	2.0358	2.35448	13.2	99.8703	0	0	34592	43997.1	49967.9	53184.7	0	0	0	0	0	0	185
DATA	13:40:20:000	2023-12-09	232410	13.7703	605.893	0.0982222	445.6	620.182	11.1633	0.0643986	20.0688	13.2595	23.3515	76.179	255	0	0	13.0804	2.03603	2.35461	13.2	99.8708	0	0	34589.9	43995	49963.6	53182.8	0	0	0	0	0	0	154
DATA	13:40:21:000	2023-12-09	232710	13.772	605.968	0.0982341	445.683	620.922	11.1766	0.0644551	20.094	13.2782	23.3595	76.1762	255	0	0	13.0804	2.03581	2.3556	13.2	99.8648	0	0	34590.7	43994.6	49955.5	53181.6	0	0	0	0	0	0	  5
DATA	13:40:22:000	2023-12-09	233010	13.7563	605.277	0.0981477	445.185	619.868	11.1576	0.0643769	20.0603	13.2525	23.367	76.1765	255	0	0	13.0811	2.03594	2.35461	13.2	99.8676	0	0	34591.8	43994.5	49958.7	53180.7	0	0	0	0	0	0	123
DATA	13:40:23:000	2023-12-09	233310	13.7729	606.008	0.0982398	445.734	625.846	11.2652	0.0648169	20.2543	13.4001	23.3755	76.1766	255	0	0	13.0811	2.03583	2.35436	13.2	99.8683	0	0	34589	43995.9	49932.3	53179.5	0	0	0	0	0	0	 66
DATA	13:40:24:000	2023-12-09	233610	13.7706	605.906	0.0982279	445.665	625.498	11.259	0.0647919	20.2433	13.3919	23.3823	76.1775	255	0	0	13.0804	2.03604	2.3556	13.2	99.8713	0	0	34587.8	43995.1	49939.8	53181	0	0	0	0	0	0	235
DATA	13:40:25:000	2023-12-09	233910	13.7654	605.678	0.0981977	445.511	623.903	11.2303	0.0646736	20.1923	13.3531	23.389	76.1767	255	0	0	13.0804	2.03598	2.35673	13.2	99.8745	0	0	34592.2	43997.2	49948.2	53182.8	0	0	0	0	0	0	120
DATA	13:40:26:000	2023-12-09	234210	13.7796	606.302	0.0982735	445.981	622.148	11.1987	0.0645436	20.136	13.3103	23.3965	76.1769	255	0	0	13.0804	2.03595	2.35461	13.2	99.8691	0	0	34590.9	43995	49966.2	53182.2	0	0	0	0	0	0	 12
DATA	13:40:27:000	2023-12-09	234510	13.7787	606.263	0.0982696	445.993	625.612	11.261	0.0647984	20.25	13.3958	23.4027	76.1715	255	0	0	13.0811	2.03592	2.35436	13.2	99.8678	0	0	34587.8	43994.8	49948.1	53180.8	0	0	0	0	0	0	 35
DATA	13:40:28:000	2023-12-09	234810	13.7769	606.184	0.0982566	445.931	625.31	11.2556	0.0647738	20.2401	13.3887	23.4097	76.1738	255	0	0	13.0804	2.03615	2.3561	13.2	99.8739	0	0	34587.7	43995.1	49935.9	53180.5	0	0	0	0	0	0	 75
DATA	13:40:29:000	2023-12-09	235110	13.7801	606.324	0.0982779	446.023	624.822	11.2468	0.0647413	20.2237	13.3771	23.4166	76.1776	255	0	0	13.0811	2.03631	2.35585	13.2	99.8734	0	0	34588.8	43993.2	49946.7	53179.4	0	0	0	0	0	0	155
DATA	13:40:30:000	2023-12-09	235410	13.7716	605.95	0.0982289	445.762	623.31	11.2196	0.064628	20.1754	13.3403	23.4229	76.1769	255	0	0	13.0804	2.03614	2.35498	13.2	99.8738	0	0	34588.5	43995.2	49945.6	53179.7	0	0	0	0	0	0	 17
DATA	13:40:31:000	2023-12-09	235710	13.7806	606.346	0.0982757	446.103	624.181	11.2353	0.0646904	20.2059	13.362	23.4287	76.1699	255	0	0	13.0804	2.03599	2.35536	13.2	99.872	0	0	34589.9	43995.9	49948.9	53182.2	0	0	0	0	0	0	 73
DATA	13:40:32:000	2023-12-09	236010	13.7664	605.722	0.0981996	445.641	622.641	11.2075	0.0645783	20.1559	13.3244	23.4333	76.1714	255	0	0	13.0811	2.03622	2.3556	13.2	99.8722	0	0	34590.9	43993.7	49955.4	53179.2	0	0	0	0	0	0	 86
DATA	13:40:33:000	2023-12-09	236310	13.7683	605.805	0.0982125	445.678	622.199	11.1996	0.0645478	20.1405	13.3137	23.438	76.1768	255	0	0	13.0804	2.03612	2.35673	13.2	99.8724	0	0	34590.3	43994.8	49953	53180.5	0	0	0	0	0	0	  9
DATA	13:40:34:000	2023-12-09	236610	13.7733	606.025	0.0982406	445.868	624.383	11.2389	0.0647087	20.2125	13.3677	23.4431	76.1733	255	0	0	13.0804	2.03618	2.35698	13.2	99.8657	0	0	34588.4	43991.2	49941.2	53175.9	0	0	0	0	0	0	163
DATA	13:40:35:000	2023-12-09	236910	13.7746	606.082	0.0982466	445.943	626.079	11.2694	0.064832	20.2688	13.4096	23.4476	76.1689	255	0	0	13.0804	2.03621	2.3561	13.2	99.8725	0	0	34586	43993.8	49924.7	53178	0	0	0	0	0	0	145
DATA	13:40:36:000	2023-12-09	237210	13.785	606.54	0.0983055	446.23	628.061	11.3051	0.0649791	20.3308	13.4583	23.453	76.1787	255	0	0	13.0804	2.03626	2.35673	13.2	99.8718	0	0	34588	43993	49931.1	53178	0	0	0	0	0	0	163
DATA	13:40:37:000	2023-12-09	237510	13.7772	606.197	0.0982593	446.033	625.763	11.2637	0.0648077	20.2589	13.4023	23.4577	76.1704	255	0	0	13.0804	2.03632	2.35548	13.2	99.8729	0	0	34588.3	43992.9	49939.4	53178.2	0	0	0	0	0	0	181
DATA	13:40:38:000	2023-12-09	237810	13.79	606.76	0.098329	446.45	627.465	11.2944	0.0649328	20.3141	13.4441	23.4594	76.1705	255	0	0	13.0804	2.03625	2.3571	13.2	99.8707	0	0	34583.8	43992.7	49932.9	53177.2	0	0	0	0	0	0	115
DATA	13:40:39:000	2023-12-09	238110	13.789	606.716	0.0983249	446.37	625.816	11.2647	0.0648129	20.2586	13.404	23.4639	76.1797	255	0	0	13.0804	2.036	2.35673	13.2	99.8671	0	0	34586	43993.6	49937	53178	0	0	0	0	0	0	151
DATA	13:40:40:000	2023-12-09	238410	13.8005	607.222	0.098386	446.796	625.903	11.2663	0.0648186	20.2638	13.4063	23.4688	76.1718	255	0	0	13.0811	2.03621	2.3581	13.2	99.8712	0	0	34584.8	43993.3	49944.5	53178.8	0	0	0	0	0	0	 55
DATA	13:40:41:000	2023-12-09	238710	13.8013	607.257	0.0983912	446.835	626.489	11.2768	0.0648619	20.2834	13.4209	23.4735	76.1707	255	0	0	13.0797	2.03633	2.35698	13.2	99.8722	0	0	34583.1	43992.5	49932.9	53176.8	0	0	0	0	0	0	185
DATA	13:40:42:000	2023-12-09	239010	13.7958	607.015	0.0983619	446.627	625.974	11.2675	0.0648248	20.2653	13.4086	23.4784	76.1772	255	0	0	13.0797	2.03627	2.35735	13.2	99.8713	0	0	34583.6	43992.7	49935.8	53177.1	0	0	0	0	0	0	191
DATA	13:40:43:000	2023-12-09	239310	13.7938	606.927	0.0983502	446.602	625.581	11.2605	0.0647953	20.2545	13.3992	23.4831	76.1715	255	0	0	13.0804	2.03647	2.35785	13.2	99.8756	0	0	34582.8	43992.5	49936.2	53176.7	0	0	0	0	0	0	174
DATA	13:40:44:000	2023-12-09	239610	13.7991	607.16	0.0983768	446.807	625.354	11.2564	0.0647771	20.2486	13.3938	23.4876	76.167	255	0	0	13.0811	2.03657	2.35872	13.2	99.8782	0	0	34581.9	43992.7	49935.5	53177.6	0	0	0	0	0	0	104
DATA	13:40:45:000	2023-12-09	239910	13.8111	607.688	0.0984412	447.218	627.517	11.2953	0.0649351	20.3197	13.4471	23.4925	76.1645	255	0	0	13.079	2.03647	2.35885	13.2	99.873	0	0	34579.9	43991.5	49928.3	53175.8	0	0	0	0	0	0	 89
DATA	13:40:46:000	2023-12-09	240210	13.8038	607.367	0.0984011	446.978	625.11	11.252	0.0647582	20.2415	13.3883	23.497	76.1663	255	0	0	13.0797	2.03643	2.35835	13.2	99.8678	0	0	34581	43989.5	49936.4	53173	0	0	0	0	0	0	 73
DATA	13:40:47:000	2023-12-09	240510	13.8067	607.495	0.0984178	447.088	629.422	11.3296	0.0650744	20.3819	13.4941	23.5018	76.1647	255	0	0	13.0742	2.03646	2.3586	13.2	99.8704	0	0	34579.4	43990.3	49921.5	53173	0	0	0	0	0	0	 15
DATA	13:40:48:000	2023-12-09	240810	13.8191	608.04	0.0984857	447.468	631.768	11.3718	0.0652466	20.4569	13.5514	23.5059	76.1695	255	0	0	13.0804	2.03666	2.35797	13.2	99.8754	0	0	34578.1	43990.5	49914.2	53172.5	0	0	0	0	0	0	136
DATA	13:40:49:000	2023-12-09	241110	13.812	607.728	0.0984489	447.241	631.965	11.3754	0.0652621	20.4634	13.5565	23.5103	76.17	255	0	0	13.0811	2.03651	2.3581	13.2	99.8739	0	0	34577.7	43991.4	49903.7	53173.5	0	0	0	0	0	0	195
DATA	13:40:50:000	2023-12-09	241410	13.8092	607.605	0.0984333	447.159	632.644	11.3876	0.0653112	20.4858	13.5732	23.5147	76.1697	255	0	0	13.0804	2.03666	2.3576	13.2	99.8723	0	0	34577.3	43989.1	49900.8	53170.7	0	0	0	0	0	0	101
DATA	13:40:51:000	2023-12-09	241710	13.8026	607.314	0.0983984	446.928	629.179	11.3252	0.065059	20.3728	13.489	23.5186	76.1737	255	0	0	13.0804	2.03676	2.35835	13.2	99.8776	0	0	34579.9	43990.4	49913.2	53172.1	0	0	0	0	0	0	 75
DATA	13:40:52:000	2023-12-09	242010	13.7992	607.165	0.0983813	446.824	628.799	11.3184	0.065032	20.3608	13.4799	23.5222	76.1735	255	0	0	13.0797	2.03658	2.3576	13.2	99.8697	0	0	34581.3	43988.9	49922.8	53171.1	0	0	0	0	0	0	 81
DATA	13:40:53:000	2023-12-09	242310	13.7946	606.962	0.0983535	446.709	628.499	11.313	0.0650081	20.3526	13.4728	23.5257	76.1686	255	0	0	13.0797	2.03687	2.35785	13.2	99.8739	0	0	34578.2	43987.7	49911.4	53168.5	0	0	0	0	0	0	147
DATA	13:40:54:000	2023-12-09	242610	13.798	607.112	0.0983702	446.814	627.177	11.2892	0.0649098	20.3096	13.4407	23.5291	76.1704	255	0	0	13.0804	2.03671	2.35797	13.2	99.8699	0	0	34580.8	43987.6	49926.5	53171.2	0	0	0	0	0	0	123
DATA	13:40:55:000	2023-12-09	242910	13.7842	606.505	0.0982983	446.375	625.68	11.2622	0.0648024	20.2615	13.4041	23.5318	76.1697	255	0	0	13.0804	2.03669	2.35872	13.2	99.8683	0	0	34580.2	43987.1	49924.3	53169.5	0	0	0	0	0	0	107
DATA	13:40:56:000	2023-12-09	243210	13.787	606.628	0.0983136	446.465	626.172	11.2711	0.0648388	20.2774	13.4163	23.5348	76.1706	255	0	0	13.0797	2.03654	2.35797	13.2	99.8668	0	0	34582.3	43987.9	49929.8	53171.4	0	0	0	0	0	0	141
DATA	13:40:57:000	2023-12-09	243510	13.7741	606.06	0.0982448	446.049	625.205	11.2537	0.0647686	20.2461	13.3927	23.5363	76.1708	255	0	0	13.0804	2.03688	2.35835	13.2	99.8757	0	0	34584.5	43988.3	49938.3	53171.2	0	0	0	0	0	0	116
DATA	13:40:58:000	2023-12-09	243810	13.7744	606.074	0.0982463	446.049	624.393	11.2391	0.0647093	20.2194	13.3728	23.5371	76.1726	255	0	0	13.0804	2.03682	2.35835	13.2	99.8718	0	0	34582.4	43987.3	49928.4	53169	0	0	0	0	0	0	 69
DATA	13:40:59:000	2023-12-09	244110	13.7557	605.251	0.0981387	445.472	611.998	11.016	0.0637923	19.8193	13.0658	23.5398	76.1684	255	0	0	13.0804	2.03673	2.36047	13.2	99.8656	0	0	34590.7	43985.4	50015.8	53173.2	0	0	0	0	0	0	113
DATA	13:41:00:000	2023-12-09	244410	13.7655	605.682	0.0981946	445.813	622.992	11.2139	0.0646036	20.1764	13.3387	23.5427	76.1652	255	0	0	13.0797	2.03697	2.35935	13.2	99.8733	0	0	34584.8	43986.4	49939	53169	0	0	0	0	0	0	245
DATA	13:41:01:000	2023-12-09	244710	13.7752	606.109	0.0982509	446.1	625.424	11.2576	0.0647849	20.2539	13.3986	23.5454	76.1705	255	0	0	13.0804	2.03704	2.35972	13.2	99.8758	0	0	34583	43986.7	49932.2	53168.6	0	0	0	0	0	0	222
DATA	13:41:02:000	2023-12-09	245010	13.7882	606.681	0.0983231	446.497	628.675	11.3161	0.0650241	20.3581	13.4783	23.5479	76.1751	255	0	0	13.0804	2.03692	2.3591	13.2	99.8697	0	0	34580.8	43985.3	49917.4	53167.5	0	0	0	0	0	0	111
DATA	13:41:03:000	2023-12-09	245310	13.7727	605.999	0.0982362	446.026	625.353	11.2564	0.064779	20.2519	13.3971	23.5503	76.1706	255	0	0	13.0804	2.03686	2.35785	13.2	99.8666	0	0	34581.6	43984.6	49925.5	53166.3	0	0	0	0	0	0	120
DATA	13:41:04:000	2023-12-09	245610	13.7893	606.729	0.0983279	446.582	627.77	11.2999	0.0649571	20.331	13.4564	23.553	76.1681	255	0	0	13.0797	2.03709	2.35872	13.2	99.8732	0	0	34578.1	43985.1	49914.7	53166.8	0	0	0	0	0	0	 46
DATA	13:41:05:000	2023-12-09	245910	13.7847	606.527	0.0982992	446.409	627.115	11.2881	0.0649063	20.3087	13.4405	23.5552	76.1728	255	0	0	13.0804	2.03703	2.35997	13.2	99.8757	0	0	34582.2	43986.8	49918.7	53169.5	0	0	0	0	0	0	184
DATA	13:41:06:000	2023-12-09	246210	13.7805	606.342	0.0982741	446.277	626.154	11.2708	0.0648338	20.2778	13.4171	23.5577	76.1727	255	0	0	13.0804	2.03715	2.36047	13.2	99.8748	0	0	34581.1	43985.2	49929.2	53165.9	0	0	0	0	0	0	157
DATA	13:41:07:000	2023-12-09	246510	13.7891	606.72	0.0983207	446.612	627.413	11.2934	0.0649262	20.3211	13.448	23.5602	76.1637	255	0	0	13.0804	2.03698	2.35997	13.2	99.8681	0	0	34579	43984	49916.6	53164.8	0	0	0	0	0	0	121
DATA	13:41:08:000	2023-12-09	246810	13.7902	606.769	0.0983287	446.663	629.086	11.3235	0.0650501	20.376	13.489	23.562	76.1616	255	0	0	13.0797	2.03703	2.36009	13.2	99.8709	0	0	34578.3	43984.8	49913.2	53165.3	0	0	0	0	0	0	 14
DATA	13:41:09:000	2023-12-09	247110	13.784	606.496	0.0982951	446.426	625.758	11.2636	0.0648064	20.2666	13.4077	23.5642	76.1683	255	0	0	13.0797	2.03692	2.3586	13.2	99.8667	0	0	34579.2	43984	49931.1	53165.3	0	0	0	0	0	0	242
DATA	13:41:10:000	2023-12-09	247410	13.7811	606.368	0.0982795	446.35	622.517	11.2053	0.0645691	20.1625	13.3282	23.5668	76.1658	255	0	0	13.0797	2.03707	2.35872	13.2	99.8754	0	0	34582.2	43986.3	49936.6	53169.2	0	0	0	0	0	0	117
DATA	13:41:11:000	2023-12-09	247710	13.7917	606.835	0.0983375	446.677	624.988	11.2498	0.0647508	20.2417	13.3891	23.5689	76.1692	255	0	0	13.0804	2.03703	2.36034	13.2	99.8734	0	0	34578.5	43985.8	49924.5	53167.1	0	0	0	0	0	0	194
