Model:	 LI-7500
SN:	75D-4923
Timestamp:	Dec 9 2023 at 6:55:13
DATAH	Time	Date	Sequence Number	CO2 (mmol/m^3)	CO2 (mg/m^3)	CO2 Absorptance	CO2 (umol/mol)	H2O (mmol/m^3)	H2O (g/m^3)	H2O Absorptance	H2O (mmol/mol)	Dew Point (C)	Temperature (C)	Pressure (kPa)	Diagnostic Value	Diagnostic Value 2	Diagnostic Word	DSI Vin (v)	Cooler Voltage (v)	Chopper Cooler Voltage (v)	Smart Flux Vin (v)	CO2 Signal Strength	Integral	Peak Height	CO2 Sample	CO2 Reference	H2O Sample	H2O Reference	CH4 Seconds	CH4 Nano Seconds	CH4 (umol/mol)	CH4 (mmol/m^3)	CH4 Signal Strength (RSSI)	CH4 Diagnostic Value	CHK
DATA	14:55:10:000	2023-12-09	70680	13.3415	587.026	0.0958387	431.403	449.679	8.09422	0.05109	14.5405	8.39746	22.769	76.086	255	0	0	13.0811	2.02581	2.3157	13.21	99.8438	0	0	34752.7	44087.6	50766.9	53280.9	0	0	0	0	0	0	176
DATA	14:55:11:000	2023-12-09	70980	13.3269	586.384	0.0957585	430.906	442.37	7.96266	0.050482	14.3034	8.15631	22.7738	76.0916	255	0	0	13.0804	2.02572	2.31458	13.21	99.8434	0	0	34757.8	44088.2	50817.1	53283.8	0	0	0	0	0	0	 68
DATA	14:55:12:000	2023-12-09	71280	13.3321	586.612	0.0957874	431.078	447.35	8.0523	0.0508968	14.4645	8.32156	22.7819	76.093	255	0	0	13.0804	2.02575	2.3162	13.21	99.8496	0	0	34755.5	44090.8	50784	53284.4	0	0	0	0	0	0	117
DATA	14:55:13:000	2023-12-09	71580	13.3429	587.088	0.0958468	431.46	452.502	8.14504	0.0513241	14.6322	8.4908	22.7898	76.0892	255	0	0	13.0797	2.02569	2.31595	13.21	99.8419	0	0	34757.2	44087.9	50799.7	53281.8	0	0	0	0	0	0	 98
DATA	14:55:14:000	2023-12-09	71880	13.3482	587.321	0.0958733	431.67	461.756	8.31161	0.0520847	14.9328	8.7903	22.7982	76.0845	255	0	0	13.0811	2.02614	2.3167	13.21	99.8559	0	0	34752.1	44089.5	50715.8	53278.8	0	0	0	0	0	0	 23
DATA	14:55:15:000	2023-12-09	72180	13.3422	587.057	0.0958503	431.46	454.991	8.18984	0.0515341	14.7135	8.57259	22.8061	76.0894	255	0	0	13.0804	2.02597	2.31695	13.21	99.8407	0	0	34748.8	44084.6	50747.1	53275.8	0	0	0	0	0	0	130
DATA	14:55:16:000	2023-12-09	72480	13.3486	587.338	0.0958802	431.701	461.159	8.30086	0.0520388	14.9141	8.77199	22.8147	76.0856	255	0	0	13.0804	2.02596	2.3172	13.21	99.8425	0	0	34748.8	44085.4	50704.1	53274.2	0	0	0	0	0	0	114
DATA	14:55:17:000	2023-12-09	72780	13.3473	587.281	0.0958722	431.663	460.915	8.29647	0.0520183	14.9064	8.76462	22.8239	76.0872	255	0	0	13.0811	2.02614	2.31732	13.21	99.8495	0	0	34749.8	44086.7	50708.9	53275.8	0	0	0	0	0	0	189
DATA	14:55:18:000	2023-12-09	73080	13.3653	588.073	0.0959722	432.286	472.38	8.50284	0.0529566	15.2786	9.129	22.834	76.0827	255	0	0	13.0804	2.02606	2.3167	13.21	99.8484	0	0	34747.6	44087.1	50660.3	53273.6	0	0	0	0	0	0	173
DATA	14:55:19:000	2023-12-09	73380	13.3573	587.721	0.0959294	431.995	470.802	8.47444	0.0528285	15.2264	9.07986	22.8436	76.0909	255	0	0	13.0811	2.02583	2.31745	13.21	99.8346	0	0	34744.3	44083.2	50676.1	53269.4	0	0	0	0	0	0	186
DATA	14:55:20:000	2023-12-09	73680	13.3766	588.57	0.0960381	432.626	474.607	8.54293	0.05314	15.3497	9.19967	22.8518	76.0918	255	0	0	13.0797	2.02602	2.31795	13.21	99.8433	0	0	34743.3	44085.2	50652.7	53270.5	0	0	0	0	0	0	 28
DATA	14:55:21:000	2023-12-09	73980	13.3839	588.892	0.0960737	432.93	481.219	8.66194	0.0536733	15.566	9.40567	22.8622	76.0824	255	0	0	13.0804	2.02619	2.31782	13.21	99.8463	0	0	34741.8	44084.8	50636.8	53269.7	0	0	0	0	0	0	 98
DATA	14:55:22:000	2023-12-09	74280	13.3726	588.394	0.0960128	432.576	475.543	8.55977	0.0532139	15.3828	9.22998	22.8732	76.0833	255	0	0	13.0804	2.02629	2.3187	13.21	99.8458	0	0	34744.6	44083.6	50657.2	53268.1	0	0	0	0	0	0	144
DATA	14:55:23:000	2023-12-09	74580	13.3815	588.786	0.0960597	432.855	479.28	8.62704	0.0535159	15.5034	9.34682	22.8852	76.088	255	0	0	13.0804	2.02618	2.31994	13.21	99.8458	0	0	34741.3	44084.7	50629.1	53268.6	0	0	0	0	0	0	100
DATA	14:55:24:000	2023-12-09	74880	13.3658	588.095	0.095973	432.419	474.279	8.53702	0.0531096	15.3442	9.19172	22.8979	76.0785	255	0	0	13.079	2.02637	2.31832	13.21	99.8474	0	0	34745.2	44083.5	50661.3	53269.5	0	0	0	0	0	0	 96
DATA	14:55:25:000	2023-12-09	75180	13.392	589.248	0.0961193	433.307	485.295	8.73531	0.0540029	15.7021	9.5335	22.91	76.0745	255	0	0	13.0797	2.02631	2.31919	13.21	99.8463	0	0	34738	44083.6	50596.4	53265.6	0	0	0	0	0	0	118
DATA	14:55:26:000	2023-12-09	75480	13.3897	589.147	0.0961064	433.201	485.332	8.73598	0.0540059	15.7021	9.53527	22.9226	76.0834	255	0	0	13.0804	2.02623	2.31932	13.21	99.8451	0	0	34737.9	44083.8	50596.4	53265.9	0	0	0	0	0	0	170
DATA	14:55:27:000	2023-12-09	75780	13.3779	588.628	0.0960398	432.892	482.436	8.68385	0.0537709	15.611	9.44674	22.9323	76.073	255	0	0	13.0804	2.02614	2.31894	13.21	99.8414	0	0	34740.7	44083.2	50605.9	53266	0	0	0	0	0	0	248
DATA	14:55:28:000	2023-12-09	76080	13.3687	588.223	0.0959901	432.575	481.863	8.67353	0.0537252	15.5918	9.42963	22.9435	76.0794	255	0	0	13.0797	2.02666	2.32032	13.21	99.8503	0	0	34741.5	44081.8	50611.8	53262.9	0	0	0	0	0	0	186
DATA	14:55:29:000	2023-12-09	76380	13.4069	589.904	0.0961993	433.831	501.235	9.02223	0.0552787	16.2193	10.0175	22.9544	76.0787	255	0	0	13.079	2.02638	2.31969	13.21	99.8335	0	0	34731.5	44077.2	50528.7	53254.7	0	0	0	0	0	0	119
DATA	14:55:30:000	2023-12-09	76680	13.3771	588.592	0.096036	432.879	483.39	8.70102	0.0538481	15.6424	9.47775	22.9648	76.0791	255	0	0	13.079	2.02628	2.31944	13.21	99.8379	0	0	34738.8	44080.2	50599.6	53261.8	0	0	0	0	0	0	 58
DATA	14:55:31:000	2023-12-09	76980	13.3682	588.201	0.0959888	432.613	483.029	8.69452	0.05382	15.6315	9.46705	22.9731	76.0774	255	0	0	13.0797	2.02645	2.32119	13.21	99.8396	0	0	34737.4	44079.2	50584.5	53259	0	0	0	0	0	0	253
DATA	14:55:32:000	2023-12-09	77280	13.3858	588.975	0.0960853	433.188	491.424	8.84563	0.0544958	15.9034	9.72393	22.9805	76.0783	255	0	0	13.079	2.02641	2.31982	13.21	99.8388	0	0	34736.8	44079.2	50575.6	53258.7	0	0	0	0	0	0	176
DATA	14:55:33:000	2023-12-09	77580	13.3802	588.729	0.096049	433.073	488.605	8.79489	0.0542657	15.8145	9.63862	22.9882	76.0687	255	0	0	13.079	2.02667	2.32044	13.21	99.846	0	0	34740.8	44079.8	50594.8	53259.8	0	0	0	0	0	0	 78
DATA	14:55:34:000	2023-12-09	77880	13.4145	590.238	0.0962425	434.165	508.024	9.14443	0.0558188	16.4424	10.2208	22.9965	76.074	255	0	0	13.079	2.02675	2.32256	13.21	99.8481	0	0	34730.1	44079.9	50462.1	53253.6	0	0	0	0	0	0	 43
DATA	14:55:35:000	2023-12-09	78180	13.3969	589.464	0.0961444	433.557	494.945	8.90901	0.0547765	16.0177	9.83141	23.0014	76.082	255	0	0	13.0797	2.02687	2.32119	13.21	99.8506	0	0	34738.1	44079.8	50575.2	53258.6	0	0	0	0	0	0	143
DATA	14:55:36:000	2023-12-09	78480	13.3928	589.283	0.0961214	433.473	495.26	8.91468	0.0548014	16.0296	9.84128	23.0089	76.0754	255	0	0	13.0797	2.02668	2.32219	13.21	99.8462	0	0	34739.4	44079.8	50582.2	53259.3	0	0	0	0	0	0	148
DATA	14:55:37:000	2023-12-09	78780	13.3758	588.535	0.0960307	432.913	490.032	8.82058	0.0543841	15.8601	9.6835	23.017	76.0791	255	0	0	13.0797	2.02672	2.32206	13.21	99.8458	0	0	34738.2	44079.2	50570.7	53257.2	0	0	0	0	0	0	 68
DATA	14:55:38:000	2023-12-09	79080	13.3909	589.2	0.0961145	433.381	498.156	8.96681	0.0550351	16.1223	9.92908	23.0249	76.0848	255	0	0	13.079	2.02676	2.32269	13.21	99.847	0	0	34734.8	44079.3	50551.9	53256.5	0	0	0	0	0	0	244
DATA	14:55:39:000	2023-12-09	79380	13.3885	589.094	0.096101	433.337	496.745	8.94141	0.0549221	16.0778	9.88712	23.0322	76.0808	255	0	0	13.0797	2.02676	2.32144	13.21	99.8427	0	0	34736.9	44077.5	50560.2	53254.9	0	0	0	0	0	0	136
DATA	14:55:40:000	2023-12-09	79680	13.352	587.488	0.0958978	432.186	479.627	8.63329	0.0535435	15.5249	9.36532	23.0395	76.0773	255	0	0	13.079	2.02678	2.32219	13.21	99.8396	0	0	34734.9	44075.9	50549.6	53252.1	0	0	0	0	0	0	115
DATA	14:55:41:000	2023-12-09	79980	13.38	588.72	0.0960546	433.077	493.498	8.88296	0.0546625	15.9733	9.79007	23.0474	76.082	255	0	0	13.079	2.027	2.32318	13.21	99.8503	0	0	34737.3	44078.3	50547.9	53255.5	0	0	0	0	0	0	100
DATA	14:55:42:000	2023-12-09	80280	13.373	588.412	0.0960131	432.904	490.367	8.82661	0.0544097	15.8739	9.69563	23.0558	76.0748	255	0	0	13.0783	2.02686	2.32381	13.21	99.8445	0	0	34734.9	44077.2	50526.3	53253.1	0	0	0	0	0	0	118
DATA	14:55:43:000	2023-12-09	80580	13.3758	588.535	0.0960316	432.948	489.699	8.81458	0.0543579	15.8506	9.67569	23.0631	76.0848	255	0	0	13.079	2.02706	2.32318	13.21	99.8475	0	0	34736.6	44076.5	50574.5	53254.9	0	0	0	0	0	0	172
DATA	14:55:44:000	2023-12-09	80880	13.3715	588.346	0.0960058	432.844	485.211	8.7338	0.0539954	15.7066	9.53897	23.0701	76.0805	255	0	0	13.0783	2.02677	2.32493	13.21	99.8395	0	0	34737.9	44075.9	50590	53254.5	0	0	0	0	0	0	 46
DATA	14:55:45:000	2023-12-09	81180	13.3781	588.636	0.0960426	433.091	492.9	8.8722	0.0546138	15.9567	9.77348	23.0769	76.0763	255	0	0	13.079	2.02721	2.32418	13.21	99.851	0	0	34737	44076.5	50583.6	53254.8	0	0	0	0	0	0	 92
DATA	14:55:46:000	2023-12-09	81480	13.3664	588.122	0.0959806	432.692	488.572	8.7943	0.0542678	15.8159	9.64244	23.0843	76.0819	255	0	0	13.079	2.02728	2.3258	13.21	99.8495	0	0	34736.7	44075.2	50564.8	53252.4	0	0	0	0	0	0	 53
DATA	14:55:47:000	2023-12-09	81780	13.3698	588.271	0.0959984	432.818	486.995	8.76591	0.0541405	15.7654	9.59468	23.0918	76.081	255	0	0	13.079	2.0271	2.32431	13.21	99.8472	0	0	34738.8	44076	50595.7	53254.3	0	0	0	0	0	0	229
DATA	14:55:48:000	2023-12-09	82080	13.3704	588.298	0.0959995	432.85	487.078	8.7674	0.0541456	15.7685	9.59763	23.0999	76.0808	255	0	0	13.079	2.02721	2.3253	13.21	99.8504	0	0	34738.1	44076.3	50578.4	53254.4	0	0	0	0	0	0	 15
DATA	14:55:49:000	2023-12-09	82380	13.3682	588.201	0.0959852	432.829	483.414	8.70145	0.0538488	15.6518	9.48569	23.1083	76.0741	255	0	0	13.079	2.02716	2.32431	13.21	99.8465	0	0	34738.5	44075.1	50595.6	53252.9	0	0	0	0	0	0	136
DATA	14:55:50:000	2023-12-09	82680	13.3631	587.976	0.0959606	432.635	485.42	8.73756	0.0540127	15.7156	9.54773	23.117	76.0815	255	0	0	13.0783	2.02749	2.32643	13.21	99.8559	0	0	34738.1	44075.9	50593.7	53254.2	0	0	0	0	0	0	 87
DATA	14:55:51:000	2023-12-09	82980	13.3618	587.919	0.0959529	432.589	479.575	8.63235	0.0535405	15.5263	9.36796	23.1242	76.084	255	0	0	13.0783	2.02735	2.32493	13.21	99.8466	0	0	34738.4	44073.2	50630.2	53254.4	0	0	0	0	0	0	139
DATA	14:55:52:000	2023-12-09	83280	13.3649	588.056	0.0959713	432.708	486.539	8.7577	0.0541034	15.7524	9.5827	23.1309	76.0824	255	0	0	13.0783	2.02723	2.3258	13.21	99.8476	0	0	34736.9	44074.8	50590.1	53252.6	0	0	0	0	0	0	 31
DATA	14:55:53:000	2023-12-09	83580	13.3682	588.201	0.0959857	432.865	483.114	8.69605	0.053825	15.6433	9.47795	23.138	76.0754	255	0	0	13.0783	2.02721	2.32593	13.21	99.8416	0	0	34734.6	44072.4	50571.6	53249	0	0	0	0	0	0	237
DATA	14:55:54:000	2023-12-09	83880	13.3809	588.76	0.0960588	433.271	493.726	8.88707	0.0546804	15.9867	9.80189	23.1454	76.0783	255	0	0	13.0783	2.02739	2.3268	13.21	99.8464	0	0	34731.2	44072.7	50541.4	53247.6	0	0	0	0	0	0	109
DATA	14:55:55:000	2023-12-09	84180	13.3785	588.654	0.096046	433.181	493.618	8.88512	0.0546719	15.9828	9.79892	23.1513	76.0819	255	0	0	13.0783	2.02707	2.32668	13.21	99.839	0	0	34737.3	44072.6	50592.4	53249.6	0	0	0	0	0	0	112
DATA	14:55:56:000	2023-12-09	84480	13.3753	588.513	0.0960292	433.075	491.151	8.84072	0.0544748	15.9028	9.72445	23.1555	76.0835	255	0	0	13.0783	2.02744	2.32742	13.21	99.8438	0	0	34734.6	44071	50574.3	53246.9	0	0	0	0	0	0	 71
DATA	14:55:57:000	2023-12-09	84780	13.3778	588.623	0.0960458	433.121	495.641	8.92154	0.0548364	16.0469	9.86045	23.1618	76.0912	255	0	0	13.079	2.02755	2.32692	13.21	99.8487	0	0	34734.5	44072.1	50569.7	53248	0	0	0	0	0	0	 46
DATA	14:55:58:000	2023-12-09	85080	13.3762	588.553	0.0960338	433.101	492.548	8.86586	0.0545865	15.948	9.76745	23.1687	76.0873	255	0	0	13.0783	2.0275	2.3263	13.21	99.8501	0	0	34729.6	44073.1	50501.8	53244.5	0	0	0	0	0	0	 36
DATA	14:55:59:000	2023-12-09	85380	13.3932	589.301	0.0961275	433.678	502.006	9.03611	0.055342	16.2552	10.0517	23.1757	76.0845	255	0	0	13.0776	2.02782	2.3278	13.21	99.8534	0	0	34734.2	44071.4	50564.8	53246	0	0	0	0	0	0	192
DATA	14:56:00:000	2023-12-09	85680	13.3679	588.188	0.0959856	432.911	488.65	8.7957	0.0542721	15.8246	9.64977	23.1827	76.0771	255	0	0	13.0776	2.02758	2.32742	13.21	99.8468	0	0	34732.6	44071	50544.7	53245.8	0	0	0	0	0	0	 21
DATA	14:56:01:000	2023-12-09	85980	13.3712	588.333	0.0960031	433.039	490.062	8.82112	0.054385	15.8711	9.6931	23.1897	76.0753	255	0	0	13.0783	2.02768	2.32805	13.21	99.8458	0	0	34732.4	44069.5	50562.7	53244.1	0	0	0	0	0	0	 48
DATA	14:56:02:000	2023-12-09	86280	13.3597	587.827	0.0959374	432.703	486.032	8.74858	0.0540592	15.7419	9.57051	23.1972	76.0708	255	0	0	13.0776	2.02799	2.32767	13.21	99.8508	0	0	34731.8	44068.5	50582.4	53243.9	0	0	0	0	0	0	206
DATA	14:56:03:000	2023-12-09	86580	13.3703	588.293	0.0960062	432.937	487.972	8.7835	0.0542222	15.8008	9.63015	23.2039	76.0917	255	0	0	13.0776	2.02779	2.32979	13.21	99.8476	0	0	34732.7	44069.1	50564.8	53244.4	0	0	0	0	0	0	134
DATA	14:56:04:000	2023-12-09	86880	13.3644	588.034	0.0959679	432.86	489.144	8.80459	0.0543124	15.8429	9.66619	23.2101	76.0732	255	0	0	13.0776	2.02795	2.3278	13.21	99.8495	0	0	34731.1	44068.4	50553.2	53242.8	0	0	0	0	0	0	 85
DATA	14:56:05:000	2023-12-09	87180	13.3894	589.134	0.0961096	433.608	499.533	8.99159	0.0551469	16.1771	9.97996	23.2168	76.0858	255	0	0	13.0783	2.0281	2.32755	13.21	99.8526	0	0	34729.6	44068.2	50540.3	53241.8	0	0	0	0	0	0	162
DATA	14:56:06:000	2023-12-09	87480	13.3737	588.443	0.0960181	433.154	494.077	8.89339	0.0547078	16.0024	9.81637	23.2226	76.0777	255	0	0	13.0783	2.02789	2.32967	13.21	99.85	0	0	34726.3	44069.1	50510.3	53239.2	0	0	0	0	0	0	 78
DATA	14:56:07:000	2023-12-09	87780	13.3748	588.491	0.0960272	433.149	492.786	8.87015	0.0546062	15.9591	9.77755	23.2264	76.0858	255	0	0	13.0776	2.02797	2.32954	13.21	99.8476	0	0	34731.2	44067.3	50546.8	53241.2	0	0	0	0	0	0	210
DATA	14:56:08:000	2023-12-09	88080	13.3608	587.875	0.0959488	432.704	489.155	8.80479	0.054314	15.8418	9.66743	23.228	76.0848	255	0	0	13.0776	2.02825	2.3288	13.21	99.8534	0	0	34730.9	44067	50547.2	53239.4	0	0	0	0	0	0	214
DATA	14:56:09:000	2023-12-09	88380	13.3624	587.946	0.0959598	432.701	490.114	8.82205	0.0543924	15.8709	9.69685	23.2329	76.0956	255	0	0	13.0783	2.02834	2.32942	13.21	99.849	0	0	34731.3	44064.2	50559.1	53237.2	0	0	0	0	0	0	139
DATA	14:56:10:000	2023-12-09	88680	13.3732	588.421	0.0960184	433.112	494.444	8.89999	0.0547391	16.0133	9.82828	23.2392	76.0865	255	0	0	13.0776	2.02818	2.33029	13.21	99.8499	0	0	34732.3	44066.2	50559	53239.2	0	0	0	0	0	0	 87
DATA	14:56:11:000	2023-12-09	88980	13.3901	589.164	0.0961131	433.667	502.912	9.05242	0.0554159	16.2879	10.0821	23.2456	76.0867	255	0	0	13.0776	2.0284	2.33116	13.21	99.855	0	0	34722.9	44066.2	50454.4	53234.2	0	0	0	0	0	0	 35
DATA	14:56:12:000	2023-12-09	89280	13.4015	589.666	0.0961766	434.012	510.75	9.1935	0.0560382	16.5408	10.3138	23.2518	76.0926	255	0	0	13.0769	2.02806	2.33141	13.21	99.8455	0	0	34725.1	44065.4	50487	53235.6	0	0	0	0	0	0	193
DATA	14:56:13:000	2023-12-09	89580	13.3563	587.677	0.0959285	432.508	483.976	8.71157	0.0538998	15.6723	9.5104	23.2562	76.1008	255	0	0	13.0776	2.02855	2.33092	13.21	99.8576	0	0	34731.7	44065.8	50590.2	53239.8	0	0	0	0	0	0	155
DATA	14:56:14:000	2023-12-09	89880	13.3609	587.88	0.0959558	432.659	485.11	8.73198	0.0539926	15.7091	9.54538	23.2594	76.1013	255	0	0	13.0776	2.0284	2.33079	13.21	99.8536	0	0	34732	44065.5	50580.6	53240	0	0	0	0	0	0	107
DATA	14:56:15:000	2023-12-09	90180	13.349	587.356	0.0958885	432.313	490.531	8.82956	0.0544274	15.8861	9.71101	23.2626	76.0951	255	0	0	13.0721	2.02842	2.33191	13.21	99.8489	0	0	34728.2	44063.3	50528.8	53233.3	0	0	0	0	0	0	106
DATA	14:56:16:000	2023-12-09	90480	13.3706	588.306	0.0960065	433.047	498.642	8.97556	0.0550761	16.15	9.9558	23.2663	76.09	255	0	0	13.0776	2.02872	2.33079	13.21	99.8531	0	0	34725.7	44062.1	50514.8	53230.9	0	0	0	0	0	0	168
DATA	14:56:17:000	2023-12-09	90780	13.3785	588.654	0.0960486	433.333	503.793	9.06827	0.0554853	16.318	10.1097	23.2737	76.0866	255	0	0	13.0776	2.02849	2.33204	13.21	99.8498	0	0	34723	44063	50487	53230.6	0	0	0	0	0	0	 88
DATA	14:56:18:000	2023-12-09	91080	13.3742	588.465	0.0960273	433.179	499.022	8.9824	0.0551072	16.1629	9.96794	23.2815	76.0912	255	0	0	13.0776	2.02866	2.33266	13.21	99.8542	0	0	34727.9	44063.2	50514.5	53232.9	0	0	0	0	0	0	126
DATA	14:56:19:000	2023-12-09	91380	13.3676	588.174	0.0959911	432.963	496.339	8.9341	0.0548926	16.0759	9.88785	23.289	76.0935	255	0	0	13.0776	2.02843	2.33241	13.21	99.8457	0	0	34726.3	44061.8	50519.2	53231.5	0	0	0	0	0	0	107
DATA	14:56:20:000	2023-12-09	91680	13.3852	588.949	0.0960876	433.515	502.537	9.04567	0.0553871	16.276	10.0735	23.2956	76.0984	255	0	0	13.0763	2.02867	2.33166	13.21	99.8509	0	0	34722	44061.7	50498.6	53230.7	0	0	0	0	0	0	 28
DATA	14:56:21:000	2023-12-09	91980	13.3952	589.389	0.0961425	433.888	502.086	9.03755	0.0553514	16.2632	10.0603	23.3006	76.0911	255	0	0	13.0769	2.02887	2.33229	13.21	99.851	0	0	34721.4	44059.6	50498.5	53228.5	0	0	0	0	0	0	103
DATA	14:56:22:000	2023-12-09	92280	13.3794	588.694	0.0960525	433.417	500.571	9.01028	0.0552284	16.2157	10.0154	23.3048	76.0851	255	0	0	13.0769	2.02874	2.33254	13.21	99.8514	0	0	34722	44061.2	50499.6	53229.3	0	0	0	0	0	0	 30
DATA	14:56:23:000	2023-12-09	92580	13.3824	588.826	0.0960715	433.493	499.415	8.98947	0.055138	16.1774	9.98099	23.3073	76.0894	255	0	0	13.0769	2.02885	2.33353	13.21	99.8487	0	0	34721.3	44058.9	50508.8	53227.2	0	0	0	0	0	0	169
DATA	14:56:24:000	2023-12-09	92880	13.3784	588.65	0.0960447	433.435	498.726	8.97707	0.0550796	16.1578	9.96065	23.3127	76.0782	255	0	0	13.0763	2.02876	2.33154	13.21	99.8468	0	0	34721.5	44058.9	50510.2	53226	0	0	0	0	0	0	 51
DATA	14:56:25:000	2023-12-09	93180	13.3819	588.804	0.0960706	433.479	501.468	9.02642	0.0553026	16.244	10.0428	23.3187	76.092	255	0	0	13.0763	2.02895	2.33353	13.21	99.8514	0	0	34719.4	44059	50482	53226	0	0	0	0	0	0	  1
DATA	14:56:26:000	2023-12-09	93480	13.3823	588.821	0.0960667	433.566	495.506	8.91911	0.054823	16.0536	9.86461	23.3252	76.0806	255	0	0	13.0769	2.02896	2.33328	13.21	99.8489	0	0	34722	44057.8	50528.1	53226.3	0	0	0	0	0	0	 34
DATA	14:56:27:000	2023-12-09	93780	13.3971	589.472	0.0961551	433.986	504.469	9.08044	0.0555423	16.3418	10.1327	23.332	76.0927	255	0	0	13.0769	2.02898	2.33291	13.21	99.848	0	0	34718.2	44057.2	50482.8	53223.7	0	0	0	0	0	0	 69
DATA	14:56:28:000	2023-12-09	94080	13.4318	590.999	0.0963413	435.162	519.232	9.34618	0.0567058	16.822	10.565	23.3392	76.0856	255	0	0	13.0769	2.02933	2.33453	13.21	99.8603	0	0	34712.7	44059.1	50437.6	53223.8	0	0	0	0	0	0	 55
DATA	14:56:29:000	2023-12-09	94380	13.4069	589.904	0.0961994	434.381	506.489	9.1168	0.055696	16.4101	10.1931	23.3456	76.0827	255	0	0	13.0769	2.02918	2.33279	13.21	99.8503	0	0	34714.8	44056.2	50484.8	53221.6	0	0	0	0	0	0	 74
DATA	14:56:30:000	2023-12-09	94680	13.4108	590.075	0.0962242	434.48	504.592	9.08266	0.0555479	16.3477	10.1373	23.3513	76.0889	255	0	0	13.0763	2.02896	2.33291	13.21	99.848	0	0	34713	44057.4	50470.3	53223.1	0	0	0	0	0	0	201
DATA	14:56:31:000	2023-12-09	94980	13.4551	592.024	0.0964699	435.936	524.52	9.44136	0.0571215	16.9941	10.718	23.356	76.0866	255	0	0	13.0769	2.02922	2.33316	13.21	99.8444	0	0	34704.8	44053.2	50414.6	53215.6	0	0	0	0	0	0	253
DATA	14:56:32:000	2023-12-09	95280	13.4599	592.236	0.096496	436.13	527.126	9.48827	0.057325	17.08	10.7927	23.3606	76.081	255	0	0	13.0769	2.02937	2.33391	13.21	99.8522	0	0	34701.4	44055	50369	53213.8	0	0	0	0	0	0	171
DATA	14:56:33:000	2023-12-09	95580	13.4346	591.122	0.0963529	435.321	509.339	9.1681	0.0559233	16.5041	10.2781	23.365	76.0803	255	0	0	13.0763	2.02933	2.33466	13.21	99.8507	0	0	34708.1	44054.8	50460.7	53219.8	0	0	0	0	0	0	 32
DATA	14:56:34:000	2023-12-09	95880	13.4341	591.1	0.0963537	435.304	509.123	9.16421	0.0559086	16.4971	10.2719	23.3695	76.0816	255	0	0	13.0763	2.02929	2.33528	13.21	99.847	0	0	34703	44053.6	50409	53214.4	0	0	0	0	0	0	 48
DATA	14:56:35:000	2023-12-09	96180	13.4236	590.638	0.0962935	434.98	500.074	9.00133	0.055188	16.2045	10.004	23.3731	76.0796	255	0	0	13.0763	2.02922	2.33466	13.21	99.8486	0	0	34714.2	44055.1	50562.2	53225.1	0	0	0	0	0	0	218
DATA	14:56:36:000	2023-12-09	96480	13.4372	591.237	0.0963674	435.41	507.153	9.12875	0.0557501	16.4334	10.2143	23.3769	76.0825	255	0	0	13.0756	2.0293	2.33565	13.21	99.8491	0	0	34705.6	44054.4	50459.8	53218.4	0	0	0	0	0	0	 50
DATA	14:56:37:000	2023-12-09	96780	13.3983	589.525	0.0961534	434.158	485.061	8.7311	0.0539838	15.7179	9.54996	23.3807	76.0819	255	0	0	13.0769	2.02942	2.33453	13.21	99.8483	0	0	34711.9	44052.9	50558.2	53223.2	0	0	0	0	0	0	152
DATA	14:56:38:000	2023-12-09	97080	13.4074	589.926	0.0962085	434.39	489.582	8.81248	0.0543511	15.8621	9.6882	23.3827	76.0935	255	0	0	13.0763	2.02966	2.33703	13.21	99.8568	0	0	34711.5	44054.1	50543.1	53222.5	0	0	0	0	0	0	 74
DATA	14:56:39:000	2023-12-09	97380	13.4205	590.502	0.0962771	434.867	490.926	8.83667	0.054457	15.9076	9.72917	23.3851	76.0848	255	0	0	13.0763	2.02956	2.33491	13.21	99.8534	0	0	34706.2	44053.6	50481.1	53218.5	0	0	0	0	0	0	136
DATA	14:56:40:000	2023-12-09	97680	13.4214	590.542	0.096282	434.871	487.78	8.78004	0.0542041	15.8047	9.63358	23.3888	76.0903	255	0	0	13.0763	2.02964	2.33565	13.21	99.8525	0	0	34712.4	44052.5	50562.4	53222	0	0	0	0	0	0	212
DATA	14:56:41:000	2023-12-09	97980	13.4072	589.917	0.0962045	434.405	486.327	8.75389	0.0540873	15.7574	9.58936	23.3927	76.0923	255	0	0	13.0769	2.02951	2.33615	13.21	99.8489	0	0	34713.5	44052.2	50596.3	53223.1	0	0	0	0	0	0	198
DATA	14:56:42:000	2023-12-09	98280	13.4049	589.816	0.0961937	434.308	483.774	8.70793	0.0538827	15.6739	9.51122	23.3964	76.0971	255	0	0	13.0756	2.02966	2.33528	13.21	99.8506	0	0	34711.1	44051.4	50560.9	53220.4	0	0	0	0	0	0	182
DATA	14:56:43:000	2023-12-09	98580	13.4246	590.682	0.096302	434.979	491.558	8.84804	0.0545094	15.9273	9.74912	23.4006	76.0925	255	0	0	13.0769	2.0295	2.3369	13.21	99.8451	0	0	34707.2	44050.6	50524.8	53216.9	0	0	0	0	0	0	 31
DATA	14:56:44:000	2023-12-09	98880	13.4235	590.634	0.0962925	434.956	492.6	8.8668	0.0545906	15.9615	9.78089	23.4048	76.0913	255	0	0	13.0769	2.02966	2.33703	13.21	99.8486	0	0	34699.4	44050.5	50448.2	53212.6	0	0	0	0	0	0	 58
DATA	14:56:45:000	2023-12-09	99180	13.4483	591.725	0.0964337	435.781	511.191	9.20144	0.0560738	16.5647	10.3346	23.4081	76.0885	255	0	0	13.0756	2.02993	2.33802	13.21	99.8511	0	0	34706.5	44048.9	50508.1	53214.3	0	0	0	0	0	0	145
DATA	14:56:46:000	2023-12-09	99480	13.4224	590.586	0.0962916	434.931	495.201	8.91362	0.054802	16.0462	9.85975	23.4112	76.0912	255	0	0	13.0763	2.02988	2.3369	13.21	99.8541	0	0	34708.4	44050.7	50531.8	53217.9	0	0	0	0	0	0	 65
DATA	14:56:47:000	2023-12-09	99780	13.421	590.524	0.0962818	434.852	491.733	8.85119	0.0545228	15.9326	9.75512	23.4144	76.0978	255	0	0	13.0756	2.03025	2.33765	13.21	99.8608	0	0	34707.7	44049.9	50532.8	53216.7	0	0	0	0	0	0	135
DATA	14:56:48:000	2023-12-09	100080	13.4133	590.185	0.0962393	434.642	491.67	8.85006	0.0545178	15.932	9.75338	23.4178	76.0919	255	0	0	13.0763	2.0301	2.33777	13.21	99.8532	0	0	34704.2	44048.1	50514.8	53213.8	0	0	0	0	0	0	 39
DATA	14:56:49:000	2023-12-09	100380	13.4278	590.823	0.0963169	435.112	494.882	8.90788	0.0547737	16.036	9.85061	23.4206	76.0926	255	0	0	13.0769	2.03004	2.33715	13.21	99.8528	0	0	34704.4	44048.5	50512.6	53215	0	0	0	0	0	0	 55
DATA	14:56:50:000	2023-12-09	100680	13.42	590.48	0.0962773	434.824	492.08	8.85744	0.0545513	15.944	9.76612	23.4241	76.0996	255	0	0	13.0701	2.03011	2.3379	13.21	99.8507	0	0	34703.8	44046.8	50509.4	53211.4	0	0	0	0	0	0	134
DATA	14:56:51:000	2023-12-09	100980	13.4211	590.528	0.0962864	434.87	497.692	8.95846	0.0550026	16.1262	9.93545	23.4275	76.0987	255	0	0	13.0756	2.03032	2.33752	13.21	99.8565	0	0	34704	44047.3	50504.1	53210.9	0	0	0	0	0	0	 54
DATA	14:56:52:000	2023-12-09	101280	13.4031	589.736	0.0961865	434.299	495.316	8.91569	0.0548119	16.0497	9.86422	23.4311	76.0974	255	0	0	13.0749	2.03027	2.33927	13.21	99.8486	0	0	34703.9	44044.4	50505.4	53208	0	0	0	0	0	0	122
DATA	14:56:53:000	2023-12-09	101580	13.4308	590.955	0.0963363	435.207	500.848	9.01526	0.0552519	16.2293	10.0302	23.4353	76.0966	255	0	0	13.0763	2.03025	2.3379	13.21	99.8427	0	0	34700.8	44041.9	50487.1	53204.7	0	0	0	0	0	0	112
DATA	14:56:54:000	2023-12-09	101880	13.4303	590.933	0.096333	435.218	502.609	9.04696	0.0553915	16.2874	10.0829	23.4396	76.093	255	0	0	13.0749	2.03038	2.33852	13.21	99.8465	0	0	34695.5	44042.2	50450.3	53202.7	0	0	0	0	0	0	 84
DATA	14:56:55:000	2023-12-09	102180	13.4468	591.659	0.0964291	435.7	511.359	9.20446	0.0560896	16.5689	10.3413	23.4443	76.1035	255	0	0	13.0756	2.03037	2.33902	13.21	99.844	0	0	34692.8	44041.3	50419.4	53199.9	0	0	0	0	0	0	 49
DATA	14:56:56:000	2023-12-09	102480	13.4355	591.162	0.096363	435.394	505.066	9.09119	0.0555882	16.3673	10.1562	23.4484	76.0939	255	0	0	13.0749	2.03043	2.3384	13.21	99.8436	0	0	34695	44040.5	50455.5	53201	0	0	0	0	0	0	147
DATA	14:56:57:000	2023-12-09	102780	13.4359	591.18	0.0963669	435.382	505.06	9.09108	0.0555885	16.3662	10.1563	23.4524	76.0993	255	0	0	13.0756	2.03044	2.33852	13.21	99.8396	0	0	34696.4	44038.7	50464.2	53199.7	0	0	0	0	0	0	126
DATA	14:56:58:000	2023-12-09	103080	13.434	591.096	0.0963546	435.355	503.916	9.07049	0.0554964	16.3304	10.1226	23.4569	76.0944	255	0	0	13.0756	2.03067	2.33952	13.21	99.8503	0	0	34697.5	44041	50463.8	53201	0	0	0	0	0	0	195
DATA	14:56:59:000	2023-12-09	103380	13.4346	591.122	0.0963579	435.357	508.702	9.15664	0.055876	16.4848	10.2641	23.4591	76.0981	255	0	0	13.0756	2.03064	2.33977	13.21	99.8455	0	0	34694.5	44039.2	50439.3	53197.6	0	0	0	0	0	0	179
DATA	14:57:00:000	2023-12-09	103680	13.4417	591.435	0.0963958	435.638	510.837	9.19507	0.0560444	16.5559	10.327	23.4625	76.0901	255	0	0	13.0756	2.03077	2.33927	13.21	99.8456	0	0	34692.6	44037.9	50433	53194.7	0	0	0	0	0	0	 60
DATA	14:57:01:000	2023-12-09	103980	13.4415	591.426	0.0963954	435.633	510.501	9.18902	0.0560184	16.5451	10.3173	23.4669	76.091	255	0	0	13.0756	2.03073	2.34064	13.21	99.844	0	0	34691.6	44037.6	50429.6	53196	0	0	0	0	0	0	233
DATA	14:57:02:000	2023-12-09	104280	13.4399	591.356	0.0963847	435.599	508.603	9.15485	0.055867	16.4843	10.2618	23.4714	76.089	255	0	0	13.0756	2.03087	2.33927	13.21	99.8468	0	0	34694.1	44037.4	50440.8	53196.8	0	0	0	0	0	0	137
DATA	14:57:03:000	2023-12-09	104580	13.4547	592.007	0.0964672	436.033	516.651	9.29972	0.056503	16.7433	10.4972	23.4753	76.098	255	0	0	13.0756	2.03061	2.34027	13.21	99.8369	0	0	34689.1	44035.6	50411.3	53192.8	0	0	0	0	0	0	 90
DATA	14:57:04:000	2023-12-09	104880	13.4339	591.092	0.0963562	435.4	507.906	9.14231	0.0558145	16.4615	10.2417	23.4796	76.0919	255	0	0	13.0749	2.03081	2.34039	13.21	99.8446	0	0	34692.8	44037	50438.1	53195.3	0	0	0	0	0	0	251
DATA	14:57:05:000	2023-12-09	105180	13.4578	592.143	0.0964827	436.223	512.853	9.23135	0.0562029	16.6237	10.387	23.4837	76.0845	255	0	0	13.0749	2.03099	2.34164	13.21	99.8438	0	0	34688.3	44034.9	50412.1	53191.8	0	0	0	0	0	0	148
DATA	14:57:06:000	2023-12-09	105480	13.4524	591.906	0.0964529	436.037	513.328	9.2399	0.05624	16.6387	10.4011	23.4873	76.0873	255	0	0	13.0749	2.03104	2.34102	13.21	99.8445	0	0	34687.6	44034.6	50405.5	53190.7	0	0	0	0	0	0	 30
DATA	14:57:07:000	2023-12-09	105780	13.4526	591.914	0.0964569	436.036	517.805	9.32049	0.0565949	16.7835	10.5314	23.491	76.0895	255	0	0	13.0756	2.03104	2.34039	13.21	99.8437	0	0	34686.8	44034.2	50387.7	53189.5	0	0	0	0	0	0	178
DATA	14:57:08:000	2023-12-09	106080	13.458	592.152	0.0964875	436.208	518.591	9.33464	0.0566573	16.8089	10.5544	23.4953	76.0912	255	0	0	13.0749	2.03088	2.34102	13.21	99.8368	0	0	34684.7	44032.8	50383.6	53187.8	0	0	0	0	0	0	176
DATA	14:57:09:000	2023-12-09	106380	13.4633	592.385	0.0965185	436.401	521.937	9.39487	0.0569215	16.9181	10.6511	23.5001	76.0888	255	0	0	13.0749	2.03106	2.34139	13.21	99.8399	0	0	34682.2	44032.4	50360.2	53184.9	0	0	0	0	0	0	199
DATA	14:57:10:000	2023-12-09	106680	13.4833	593.265	0.0966248	437.059	529.034	9.52261	0.0574744	17.1485	10.8543	23.5049	76.0883	255	0	0	13.0756	2.03106	2.34189	13.21	99.8348	0	0	34679.6	44030.2	50343.8	53182.1	0	0	0	0	0	0	203
DATA	14:57:11:000	2023-12-09	106980	13.4806	593.146	0.0966115	436.946	529.689	9.5344	0.0575267	17.1688	10.8732	23.5111	76.0943	255	0	0	13.0763	2.03136	2.34014	13.21	99.8446	0	0	34676.8	44031.4	50332.1	53182.7	0	0	0	0	0	0	149
DATA	14:57:12:000	2023-12-09	107280	13.4921	593.652	0.0966736	437.359	529.652	9.53374	0.0575231	17.1692	10.8725	23.517	76.0888	255	0	0	13.0763	2.03126	2.34301	13.21	99.8405	0	0	34679.4	44030.6	50338.9	53182.2	0	0	0	0	0	0	151
